-5.462951423450767408e+01
-5.511984663831900333e-01
3.455945950515838805e-02
5.064357216073869381e+02
-3.475842697725271080e+01
-2.520033669513223913e+02
-6.100226979463153612e+02
-3.365407933181224394e+02
9.638250208538593142e+02
2.348927916353242296e+01
1.512310689862884194e+00
-4.132771190522088745e+01
2.020859147665991529e+01
7.294600234480776635e+01
2.050836977563334784e+01
-1.354631689509449188e+02
-8.425128943820909910e+01
-6.102399153460658532e+00
-1.341783716048045783e+01
5.979891497200196682e+01
1.208209446979278567e+01
-5.592030320967722901e+01
-5.241882624217080178e+01
4.696919778538686074e+01
3.222431083144871877e+01
3.377512603521727641e+01
2.927436567045768001e+01
1.250985278068040962e+01
-6.459867045754183579e+00
-3.558240078888149327e+01
1.550415011472129834e+01
-5.013992404753926380e+00
1.786706179126777627e+01
2.440880756418530861e+00
-5.681490654621873304e+00
5.696137629259486523e+00
-4.821776970259085004e+01
-5.354221226807518974e+01
7.634416457796034194e+01
2.728912124278100748e+01
-3.982721421302167997e+00
4.271597965084242077e+01
-4.894243595563744975e+01
-5.987724895671697567e+01
-2.086258225099626884e+00
4.199915105077251098e+01
3.692772406580863986e+01
-1.531198479698499959e+01
-6.016438737017126925e+01
-2.752425092804518059e+01
9.675219390082800430e+01
3.863942692314968497e+01
-6.050003826096671133e+01
-2.355755074406589600e+01
-5.808150322771750496e+01
1.711955752106591078e+01
7.640121754523363506e+01
4.220188199503929383e+01
-2.066364256754493667e+01
-7.353602603464318577e+01
-1.545790272917680674e+01
2.910599964509553317e+01
5.132099298706413038e+01
1.729206612995464187e+00
-4.759792193449163022e+01
-7.535750145766240138e+00
6.993664602667627461e-01
-1.554480543349988331e+01
4.345488600198296325e+01
4.136654352284725888e+01
-5.368095030668136047e+01
-8.750177432908703423e+00
-5.903921781296145532e+00
8.268057540360924662e+00
1.580680226391464060e+01
-3.343297696938111407e+00
-1.937651516949613040e+01
1.889235541593483703e+01
3.672988636570883614e+01
-1.856421498423670613e+01
2.037916256192655240e+01
-3.550696370890184994e+01
-1.563463228573543873e+01
1.639329580222178606e+01
1.575808353645208992e+00
-1.707347994975586758e+01
-4.931945394112664971e+00
5.743525800693924488e+00
8.286005749506578866e+00
5.054264851908855860e+01
-4.454451172502350431e+01
-4.144938573791567649e+01
1.616672692885780549e+01
-4.722710450589356346e-01
6.894528231362614612e+00
4.919776157874267142e+01
-3.020170413373043150e+00
-5.142837838489776914e+01
-2.955756005125025254e+01
1.589121249454537299e+01
7.356953720136476704e+01
2.217744251152079471e+01
-4.046193712601901638e+01
-8.000341423628781001e+01
-1.382279205147892576e+01
5.680081951778473126e+01
1.972027060493922690e+01
5.882218423548120967e+01
-4.057396363090752089e+01
-9.140196065214851728e+01
2.995623248618474932e+01
5.936348708033897736e+01
1.327210121586180591e+01
-3.815789850857228060e+01
-4.225269914964840723e+01
3.399354918503252776e+00
5.987082242652114417e+01
4.817458429316128843e+01
-4.300808086602278735e+01
2.491502026058631358e+00
-2.876814796126803842e+01
-7.528148354141815446e+01
5.495385075507148542e+01
5.035888776465336747e+01
-5.769177409975700499e+00
6.652597190187606202e+00
-4.582265670149877401e+00
-1.569739093842639832e+01
6.459729079652957395e+00
-1.056523279957013983e+01
3.505921167650231496e+01
4.802540238413475215e+00
-7.392385956070016917e+00
-3.152917332018907359e+01
-2.901097219255412085e+01
-3.662744015456704716e+01
-4.578315074061528378e+01
4.870830079693232051e+01
5.379199360992110002e+01
-1.129863562034376656e+01
-5.617316369246823626e+01
9.978427532824962753e+00
1.202495798935259819e+00
8.893388978535830347e+01
1.191591181209862356e+02
-2.004777421190470932e+01
-6.288333574795891678e+01
-1.521230172479176979e+01
3.738503209488712287e+01
-8.569567256374188702e+00
-1.970511993903174996e+01
-6.490745820185466073e+02
2.603569822203483568e+02
3.997386854339785032e+02
1.594721137337398886e+02
4.009904627978340130e+00
-3.232544077458532001e+02
7.020927037552849015e+01
-8.531915849509918814e+01
4.425179066301602404e+01
3.503979163060743645e+02
4.155358677696840459e+02
-1.783160152193030115e+02
-6.368342401589786732e+02
-1.915322264653549951e+02
2.095949700699768936e+00
9.239663447716090161e+00
-8.791996088052870917e+00
-1.533669875142109795e+01
-6.921869554009696834e+00
2.858495531033835135e+01
2.645308435139849124e+01
-5.163280809509313940e+01
5.714943959396859618e+00
-4.028925255678796447e+00
-4.495308632952015770e+00
2.153736887305673875e+01
1.910952142753893312e+01
-1.975683704292800869e+01
-9.520443605325162650e+00
1.606506937103527477e+01
-8.874153400126628455e+00
1.301838947705834926e+01
2.944695531161555024e+00
6.117509641002268239e+00
-6.844083978166924709e+00
-1.215025463077401646e+01
-6.769186626648949101e+00
-1.068044291821115932e+00
1.558634462298555956e+00
-1.001420960577339286e-02
1.536577188885960510e+01
1.966067370367974299e+00
-2.609670736400105184e+01
-1.749919507809213215e+01
1.835937475776113104e+00
8.654648559872557101e+00
1.675022827006463899e+01
1.436750513067343071e+01
2.493864485705329370e-01
-2.015629018979335640e+01
-1.207359934101217469e+01
1.401602143383766652e+01
2.054843564529675248e+01
-5.961732950473009218e+00
-3.444566276829975493e+01
-8.369124636119082083e+00
2.087762517634379122e+01
1.236816493519729043e+01
1.991299981235941274e+01
-9.335822696712892110e+00
-2.435082343971377128e+01
6.792082384791975791e+00
6.561061297212634535e+00
1.484718653999745186e+01
5.042395950812139205e+00
-2.471619687447953595e+01
-1.725147678548027841e+01
9.662090945330112035e+00
1.537279043825002312e+01
1.850434290228894219e-01
-3.364648238146542569e-01
-2.717230664167849419e+00
-1.528538583893806546e+01
-4.936541055415163193e+00
1.905926426390651329e+01
1.273783408772167647e+01
2.054231732496171858e+00
-3.113884465644547905e+00
-4.818703242290196087e+00
3.772077981382553791e+00
7.510314914007097720e+00
-1.734858009246733834e+00
-1.261678084409375344e+01
7.471395801619149957e+00
-7.424707424940780065e+00
-5.603389251531775805e+00
4.154112415420952331e+00
-1.139705201166919579e+01
8.002026159936846683e-02
4.510701951402958265e+00
4.125854793300800516e-01
-6.118836244692528403e+00
-2.671990942069832453e+00
1.922931554553656497e+00
1.598101943488524768e+01
1.590517678329254281e+01
-5.577303699619568178e+00
-1.327989975887035712e+01
-2.094367666239139503e+00
-1.075114408686504430e-01
1.497085828931328022e+00
1.703033585778916148e+01
1.011716467096764660e+01
-1.738451149604238211e+01
-2.476661958998436930e+01
5.451054793187220859e+00
1.309668556568781028e+01
8.089358097654715252e+00
3.488338578801218226e+00
-2.800533976471665198e+01
-5.450113028554130601e+00
1.861668362310686220e+01
1.433452981323658548e+01
1.917792689900777248e+01
-1.084107512078782953e+01
-2.899214719543039465e+01
-3.869148708332839082e+00
1.974721319191099411e+01
1.425396457780833970e+01
-1.329987743668120892e+01
-2.015825360829957802e+01
1.607942138382449704e+00
1.464934861713088843e+01
1.591743229109984270e+01
1.014393574037708667e+01
3.255851727260084538e-01
-1.892767917231733321e+01
-2.502693359715272692e+01
2.028747640178481415e+00
1.752147511955215009e+01
2.166113771843686919e+00
2.589032380068136519e+00
-2.497067265084307763e+00
-4.590442886410072809e+00
-1.159308200228965902e+01
-1.854238084940491360e+00
8.740404263697799658e-01
1.287578494066601520e+00
8.238959522029995597e+00
-1.115799852852545015e+01
1.482949534056849394e+01
-1.402127460797304614e+01
-1.758910758732307755e+01
1.539264175397348566e+01
1.783265988052944451e+01
-3.707406070932542708e+00
9.440775342953845461e-01
2.243333196282874198e+00
-3.497853319424956453e+01
3.123606540442370871e+01
1.826967696833202837e+01
-6.469853702045575972e+00
-1.137421927664814447e+01
-3.737569994615068225e+00
5.421197122071752084e+00
-5.072587809435940898e+00
-7.515805638526514088e+01
-1.642728470623395083e+02
-3.812730689110506432e+01
9.858999876870620938e+01
7.675196617211484806e+01
-3.409439349136212716e+00
4.342612985036466711e+01
1.554773413888378286e+01
-9.037725971760319510e+01
1.691474122923755274e+01
4.767821895417499434e+01
1.066479468804722188e+02
4.023560104121106207e+01
-1.577322274166508009e+02
