3.699999999999999956e-01
4.099999999999999756e-01
4.499999999999999556e-01
4.899999999999999911e-01
5.299999999999999156e-01
5.699999999999999512e-01
6.099999999999999867e-01
6.500000000000000222e-01
6.899999999999999467e-01
7.299999999999999822e-01
7.700000000000000178e-01
8.105695555555556542e-01
8.534000000000000474e-01
8.933999999999999719e-01
9.334000000000001185e-01
9.734000000000000430e-01
1.013399999999999856e+00
1.053400000000000114e+00
1.093399999999999928e+00
1.133400000000000185e+00
1.173399999999999999e+00
1.213400000000000034e+00
1.253952666666666715e+00
1.296699999999999964e+00
1.336699999999999999e+00
1.376700000000000035e+00
1.416699999999999848e+00
1.456699999999999884e+00
1.496699999999999919e+00
1.536699999999999733e+00
1.576699999999999990e+00
1.616700000000000026e+00
1.656700000000000061e+00
1.696700000000000319e+00
1.737252666666666778e+00
1.780000000000000027e+00
1.819999999999999840e+00
1.860000000000000320e+00
1.900000000000000133e+00
1.940000000000000169e+00
1.979999999999999982e+00
2.020000000000000018e+00
2.060000000000000497e+00
2.099999999999999645e+00
2.139999999999999680e+00
2.180000000000000604e+00
2.220569555555555574e+00
2.263399999999999412e+00
2.303400000000000336e+00
2.343400000000000372e+00
2.383399999999999963e+00
2.423399999999999554e+00
2.463399999999999590e+00
2.503400000000000514e+00
2.543400000000000105e+00
2.583399999999999697e+00
2.623382999999999576e+00
2.663869555555555380e+00
2.706699999999999662e+00
2.746699999999999697e+00
2.786700000000000177e+00
2.826700000000000657e+00
2.866699999999999804e+00
2.906699999999999395e+00
2.946700000000000319e+00
2.986700000000000355e+00
3.026699999999999946e+00
3.066699999999999982e+00
3.106699999999999573e+00
3.147252666666666698e+00
3.189999999999999503e+00
3.229999999999999982e+00
3.270000000000000018e+00
3.310000000000000053e+00
3.349999999999999645e+00
3.390000000000000124e+00
3.430000000000000604e+00
3.470000000000000195e+00
3.509999999999999787e+00
3.549999999999999822e+00
3.590552666666666504e+00
3.633300000000000196e+00
3.673299999999999343e+00
3.713299999999999823e+00
3.753300000000000747e+00
3.793299999999999894e+00
3.833299999999999486e+00
3.873300000000000409e+00
3.913300000000000445e+00
3.953299999999999592e+00
3.993300000000000072e+00
4.033300000000000551e+00
4.073869555555555522e+00
4.116699999999998916e+00
4.156700000000000728e+00
4.196699999999999875e+00
4.236699999999999910e+00
4.276699999999999946e+00
4.316700000000000870e+00
4.356700000000000017e+00
4.396699999999999164e+00
4.436699999999999200e+00
4.476700000000000124e+00
4.516700000000000159e+00
4.557252666666666840e+00
4.600000000000000533e+00
4.640000000000000568e+00
4.679999999999999716e+00
4.720000000000000639e+00
4.759999999999999787e+00
4.800000000000000711e+00
4.839999999999999858e+00
4.879999999999999005e+00
4.919999999999999929e+00
4.960000000000000853e+00
5.000552666666667534e+00
5.043299999999999450e+00
5.083300000000000374e+00
5.123300000000000409e+00
5.163299999999999557e+00
5.203300000000000480e+00
5.243300000000000516e+00
5.283300000000000551e+00
5.323299999999999699e+00
5.363300000000000622e+00
5.403299999999999770e+00
5.443300000000000693e+00
5.483852666666665598e+00
5.526600000000000179e+00
5.566600000000000215e+00
5.606600000000000250e+00
5.646600000000000286e+00
5.686600000000000321e+00
5.726600000000000357e+00
5.766600000000000392e+00
5.806599999999999540e+00
5.846600000000000463e+00
5.886599999999999611e+00
5.926600000000000534e+00
5.967169444444444082e+00
6.009999999999999787e+00
6.050000000000000711e+00
6.089999999999999858e+00
6.129999999999999005e+00
6.169999999999999929e+00
6.210000000000000853e+00
6.250000000000000000e+00
6.290000000000000036e+00
6.330000000000000071e+00
6.370000000000000107e+00
6.410552666666666788e+00
6.453300000000000480e+00
6.493300000000000516e+00
6.533300000000000551e+00
6.573299999999999699e+00
6.613300000000000622e+00
6.653299999999999770e+00
6.693299999999999805e+00
6.733300000000000729e+00
6.773300000000000765e+00
6.813299999999999912e+00
6.853300000000000836e+00
6.893852666666666629e+00
6.936600000000000321e+00
6.976600000000000357e+00
7.016600000000000392e+00
7.056599999999999540e+00
7.096600000000000463e+00
7.136599999999999611e+00
7.176599999999999646e+00
7.216599999999999682e+00
7.256599999999999717e+00
7.296599999999999753e+00
7.337152666666666434e+00
7.379900000000000126e+00
7.419900000000000162e+00
7.459900000000000198e+00
7.499900000000000233e+00
7.539899999999999380e+00
7.579900000000001192e+00
7.619899999999999451e+00
7.659899999999999487e+00
7.699899999999999523e+00
7.739899999999999558e+00
7.779900000000001370e+00
7.820469444444444918e+00
7.863300000000001511e+00
7.903299999999999770e+00
7.943299999999999805e+00
7.983299999999999841e+00
8.023299999999998988e+00
8.063299999999999912e+00
8.103301000000000087e+00
8.143299999999999983e+00
8.183300000000000907e+00
8.223300000000000054e+00
8.263300000000000978e+00
8.303852666666665883e+00
8.346600000000000463e+00
8.386599999999999611e+00
8.426600000000000534e+00
8.466600000000001458e+00
8.506599999999998829e+00
8.546599999999999753e+00
8.586600000000000676e+00
8.626587000000000671e+00
8.666600000000000747e+00
8.706599999999999895e+00
8.747152666666666576e+00
8.789900000000001157e+00
8.829900000000000304e+00
8.869900000000001228e+00
8.909900000000000375e+00
8.949900000000001299e+00
8.989899999999998670e+00
9.029899999999999594e+00
9.069899999999998741e+00
9.109899999999999665e+00
9.149900000000000588e+00
9.189899999999999736e+00
9.230452666666666417e+00
9.273200000000000998e+00
9.313200000000000145e+00
9.353200000000001069e+00
9.393200000000000216e+00
9.433200000000001140e+00
9.473200000000000287e+00
9.513200000000001211e+00
9.553200000000002134e+00
9.593199999999999505e+00
9.633200000000000429e+00
9.673769444444443977e+00
9.716601000000000710e+00
9.756599999999998829e+00
9.796599999999999753e+00
9.836600000000000676e+00
9.876599999999999824e+00
9.916600000000000747e+00
9.956599999999999895e+00
9.996600000000000819e+00
1.003659999999999997e+01
1.007659999999999911e+01
1.011659999999999826e+01
1.015715266666666849e+01
1.019989999999999952e+01
1.023989999999999867e+01
1.027989999999999959e+01
1.031990000000000229e+01
1.035989999999999966e+01
1.039990000000000059e+01
1.043989999999999974e+01
1.047990000000000066e+01
1.051989999999999981e+01
1.055990000000000073e+01
1.059989000000000026e+01
1.064045266666666656e+01
1.068320000000000114e+01
1.072320000000000029e+01
1.076319999999999943e+01
1.080320000000000036e+01
1.084319999999999951e+01
1.088319999999999865e+01
1.092320000000000135e+01
1.096320099999999975e+01
1.100319999999999965e+01
1.104320299999999833e+01
1.108377100000000048e+01
1.112659999999999982e+01
1.116658299999999926e+01
1.120651699999999984e+01
1.124660000000000082e+01
1.128658300000000025e+01
1.132649999999999935e+01
1.136650000000000027e+01
1.140650000000000119e+01
1.144650000000000034e+01
1.148649999999999949e+01
1.152650000000000041e+01
1.156706944444444396e+01
1.160989999999999966e+01
1.164989999999999881e+01
1.168989999999999974e+01
1.172990000000000066e+01
1.176989999999999981e+01
1.180990000000000073e+01
1.184989999999999988e+01
1.188990000000000080e+01
1.192989999999999995e+01
1.196990000000000087e+01
1.200990000000000002e+01
1.205045266666666670e+01
1.209319999999999951e+01
1.213320099999999968e+01
1.217320000000000135e+01
1.221320000000000050e+01
1.225319999999999965e+01
1.229320099999999982e+01
1.233319999999999794e+01
1.237320000000000064e+01
1.241319999999999979e+01
1.245320400000000127e+01
1.249375266666666384e+01
1.253650000000000020e+01
1.257649999999999935e+01
1.261650000000000027e+01
1.265650000000000119e+01
1.269650000000000034e+01
1.273649999999999949e+01
1.277650000000000041e+01
1.281649999999999956e+01
1.285650000000000048e+01
1.289649999999999963e+01
1.293650000000000055e+01
1.297706955555555552e+01
1.301989999999999981e+01
1.305990000000000073e+01
1.309989999999999988e+01
1.313990000000000080e+01
1.317989999999999995e+01
1.321990000000000087e+01
1.325990000000000002e+01
1.329990000000000094e+01
1.333990000000000009e+01
1.337989999999999924e+01
1.342045266666666770e+01
1.346320000000000050e+01
1.350319999999999965e+01
1.354320000000000235e+01
1.358319999999999794e+01
1.362320000000000064e+01
1.366319999999999979e+01
1.370320000000000071e+01
1.374319999999999986e+01
1.378320000000000078e+01
1.382319999999999993e+01
1.386319999999999908e+01
1.390375266666666754e+01
1.394650000000000034e+01
1.398649999999999949e+01
1.402650099999999966e+01
1.406649999999999956e+01
1.410650000000000048e+01
1.414649999999999963e+01
1.418650000000000055e+01
1.422649999999999970e+01
1.426650000000000063e+01
1.430650100000000080e+01
1.434650099999999817e+01
1.438705266666666738e+01
1.442980000000000018e+01
1.446980000000000111e+01
1.450980000000000381e+01
1.454980000000000118e+01
1.458980100000000135e+01
1.462979999999999769e+01
1.466980000000000040e+01
1.470980000000000132e+01
1.474980000000000224e+01
1.478979999999999784e+01
1.483036955555555458e+01
1.487320000000000064e+01
1.491319999999999801e+01
1.495320000000000071e+01
1.499319999999999808e+01
1.503320000000000256e+01
1.507319999999999816e+01
1.511319999999999908e+01
1.515320000000000178e+01
1.519319999999999915e+01
1.523320000000000185e+01
1.527319999999999922e+01
1.531375266666666590e+01
1.535650000000000226e+01
1.539649999999999963e+01
1.543650000000000233e+01
1.547649999999999970e+01
1.551650000000000063e+01
1.555649999999999977e+01
1.559650000000000070e+01
1.563650100000000087e+01
1.567650000000000077e+01
1.571649999999999991e+01
1.575649999999999729e+01
1.579705266666666574e+01
1.583980000000000032e+01
1.587979999999999769e+01
1.591980000000000040e+01
1.595980000000000132e+01
1.599980000000000224e+01
1.603979999999999961e+01
1.607979999999999521e+01
1.611979999999999791e+01
1.615980000000000061e+01
1.619980099999999723e+01
1.624035266666666999e+01
1.628310000000000102e+01
1.632310000000000016e+01
1.636310200000000137e+01
1.640310000000000201e+01
1.644310000000000116e+01
1.648309999999999675e+01
1.652309999999999945e+01
1.656310000000000215e+01
1.660310000000000130e+01
1.664309999999999690e+01
1.668309999999999960e+01
1.672366955555555634e+01
1.676649999999999707e+01
1.680649999999999977e+01
1.684650000000000247e+01
1.688650099999999910e+01
1.692649999999999721e+01
1.696650000000000347e+01
1.700650000000000261e+01
1.704649999999999821e+01
1.708649999999999736e+01
1.712650000000000361e+01
1.716705266666666674e+01
1.720979999999999777e+01
1.724980000000000402e+01
1.728979999999999961e+01
1.732979999999999521e+01
1.736979999999999791e+01
1.740980000000000061e+01
1.744979999999999976e+01
1.748979999999999890e+01
1.752980000000000516e+01
1.756980000000000075e+01
1.760979999999999634e+01
1.765035266666667013e+01
1.769310000000000116e+01
1.773309999999999675e+01
1.777309999999999945e+01
1.781310100000000318e+01
1.785310099999999878e+01
1.789309999999999690e+01
1.793309999999999960e+01
1.797310000000000230e+01
1.801309999999999789e+01
1.805310000000000059e+01
1.809310000000000329e+01
1.813365266666666642e+01
1.817639999999999745e+01
1.821640000000000370e+01
1.825639999999999930e+01
1.829639999999999844e+01
1.833640000000000114e+01
1.837640100000000132e+01
1.841640100000000047e+01
1.845640099999999961e+01
1.849640000000000128e+01
1.853640000000000043e+01
1.857696944444444753e+01
1.861979999999999791e+01
1.865980000000000061e+01
1.869979999999999976e+01
1.873979999999999890e+01
1.877980099999999908e+01
1.881980000000000075e+01
1.885980099999999737e+01
1.889980000000000260e+01
1.893980000000000175e+01
1.897980000000000089e+01
1.901980000000000004e+01
1.906035266666666672e+01
1.910310000000000130e+01
1.914310000000000045e+01
1.918309999999999960e+01
1.922310000000000230e+01
1.926309999999999789e+01
1.930310000000000059e+01
1.934310000000000329e+01
1.938309999999999889e+01
1.942309999999999803e+01
1.946309999999999718e+01
1.950365266666666741e+01
1.954639999999999844e+01
1.958640000000000114e+01
1.962640000000000029e+01
1.966639999999999944e+01
1.970640000000000214e+01
1.974640000000000128e+01
1.978639700000000090e+01
1.982639999999999603e+01
1.986639300000000219e+01
1.990639999999999787e+01
1.994640000000000057e+01
1.998696944444444767e+01
2.002978299999999834e+01
2.006970000000000098e+01
2.010970000000000013e+01
2.014969999999999928e+01
2.018970000000000198e+01
2.022969999999999757e+01
2.026970000000000027e+01
2.030969999999999942e+01
2.034970000000000212e+01
2.038969999999999771e+01
2.042970000000000041e+01
2.047026944444444041e+01
2.051309999999999789e+01
2.055310000000000059e+01
2.059310000000000329e+01
2.063309999999999889e+01
2.067309999999999803e+01
2.071309999999999718e+01
2.075310000000000343e+01
2.079309999999999903e+01
2.083310000000000173e+01
2.087310000000000088e+01
2.091365266666666400e+01
2.095640000000000214e+01
2.099640000000000128e+01
2.103640000000000043e+01
2.107639999999999603e+01
2.111639999999999873e+01
2.115639999999999787e+01
2.119640000000000057e+01
2.123639999999999972e+01
2.127639999999999887e+01
2.131640000000000157e+01
2.135639999999999716e+01
2.139695266666666740e+01
2.143970000000000198e+01
2.147969999999999757e+01
2.151970099999999775e+01
2.155970000000000297e+01
2.159969999999999857e+01
2.163969999999999771e+01
2.167970000000000041e+01
2.171970000000000312e+01
2.175969999999999871e+01
2.179970000000000141e+01
2.183970000000000411e+01
2.188026944444444766e+01
2.192310000000000159e+01
2.196310000000000429e+01
2.200310000000000343e+01
2.204309999999999548e+01
2.208310000000000173e+01
2.212310000000000443e+01
2.216310000000000002e+01
2.220310100000000020e+01
2.224308299999999861e+01
2.228300000000000125e+01
2.232356944444444835e+01
2.236639999999999873e+01
2.240640000000000143e+01
2.244639999999999702e+01
2.248639999999999972e+01
2.252640000000000242e+01
2.256640000000000157e+01
2.260639999999999716e+01
2.264639999999999986e+01
2.268640000000000256e+01
2.272639999999999816e+01
2.276640000000000086e+01
2.280695266666666754e+01
2.284970099999999604e+01
2.288969999999999771e+01
2.292970000000000041e+01
2.296970000000000312e+01
2.300969999999999871e+01
2.304970000000000141e+01
2.308970000000000411e+01
2.312969999999999970e+01
2.316969999999999530e+01
2.320969999999999800e+01
2.325025266666666823e+01
2.329299999999999926e+01
2.333300000000000196e+01
2.337300000000000111e+01
2.341299999999999670e+01
2.345299999999999940e+01
2.349300000000000210e+01
2.353300099999999873e+01
2.357299999999999685e+01
2.361299999999999955e+01
2.365300000000000225e+01
2.369299999999999784e+01
2.373356944444444494e+01
2.377640000000000242e+01
2.381640000000000157e+01
2.385639999999999716e+01
2.389639999999999986e+01
2.393640000000000256e+01
2.397639999999999816e+01
2.401640000000000086e+01
2.405640000000000356e+01
2.409640000000000271e+01
2.413639999999999830e+01
2.417640099999999848e+01
2.421695266666667123e+01
2.425969999999999871e+01
2.429970100000000244e+01
2.433970000000000411e+01
2.437969999999999970e+01
2.441969999999999530e+01
2.445969999999999800e+01
2.449970000000000070e+01
2.453969999999999629e+01
2.457970100000000002e+01
2.461970000000000169e+01
2.466025266666666482e+01
2.470299999999999940e+01
2.474300000000000210e+01
2.478300000000000125e+01
2.482299999999999685e+01
2.486299999999999955e+01
2.490300000000000225e+01
2.494299999999999784e+01
2.498300100000000157e+01
2.502300100000000427e+01
2.506300099999999986e+01
2.510299999999999798e+01
2.514355266666666822e+01
2.518630000000000280e+01
2.522629999999999839e+01
2.526630000000000109e+01
2.530630000000000379e+01
2.534629999999999939e+01
2.538629999999999853e+01
2.542630000000000123e+01
2.546630000000000038e+01
2.550629999999999598e+01
2.554630000000000223e+01
2.558686944444444222e+01
2.562969999999999970e+01
2.566969999999999530e+01
2.570969999999999800e+01
2.574970000000000070e+01
2.578969999999999985e+01
2.582969999999999899e+01
2.586970000000000169e+01
2.590970000000000084e+01
2.594969999999999999e+01
2.598970000000000269e+01
2.602970000000000184e+01
2.607025266666666496e+01
2.611299999999999599e+01
2.615300000000000225e+01
2.619300000000000139e+01
2.623299999999999699e+01
2.627299999999999969e+01
2.631300000000000239e+01
2.635299999999999798e+01
2.639300000000000068e+01
2.643300000000000338e+01
2.647301099999999963e+01
2.651299999999999457e+01
2.655355266666666836e+01
2.659629999999999939e+01
2.663629999999999853e+01
2.667630000000000123e+01
2.671630000000000038e+01
2.675628999999999635e+01
2.679629999999999868e+01
2.683630000000000138e+01
2.687630000000000052e+01
2.691629999999999612e+01
2.695629999999999882e+01
2.699685266666666905e+01
2.703960000000000008e+01
2.707960000000000278e+01
2.711960100000000295e+01
2.715960000000000107e+01
2.719960000000000022e+01
2.723960000000000292e+01
2.727960000000000207e+01
2.731959999999999766e+01
2.735959999999999681e+01
2.739960000000000306e+01
2.743960099999999969e+01
2.748016944444444576e+01
2.752299999999999969e+01
2.756300000000000239e+01
2.760299999999999798e+01
2.764300000000000068e+01
2.768300000000000338e+01
2.772299999999999898e+01
2.776299999999999457e+01
2.780300000000000438e+01
2.784300000000000352e+01
2.788299999999999912e+01
2.792299999999999827e+01
2.796355266666667205e+01
2.800629999999999953e+01
2.804630099999999970e+01
2.808630000000000138e+01
2.812630000000000052e+01
2.816629999999999612e+01
2.820629999999999882e+01
2.824630000000000152e+01
2.828630000000000067e+01
2.832629999999999981e+01
2.836630000000000251e+01
2.840685266666666564e+01
2.844960100000000480e+01
2.848960000000000292e+01
2.852959999999999852e+01
2.856959999999999766e+01
2.860960000000000036e+01
2.864960000000000306e+01
2.868960000000000221e+01
2.872959999999999781e+01
2.876960000000000051e+01
2.880960000000000321e+01
2.884960000000000235e+01
2.889016944444444590e+01
2.893298299999999657e+01
2.897289999999999921e+01
2.901290300000000144e+01
2.905290000000000461e+01
2.909290000000000020e+01
2.913289999999999935e+01
2.917290000000000205e+01
2.921289999999999765e+01
2.925290100000000137e+01
2.929290299999999903e+01
2.933347466666666392e+01
2.937629999999999697e+01
2.941629999999999612e+01
2.945629999999999882e+01
2.949630000000000152e+01
2.953630000000000067e+01
2.957630100000000084e+01
2.961630299999999849e+01
2.965630299999999764e+01
2.969630000000000081e+01
2.973630199999999846e+01
2.977630099999999658e+01
2.981685333333333077e+01
2.985960000000000036e+01
2.989960000000000306e+01
2.993960000000000221e+01
2.997959999999999781e+01
3.001960000000000051e+01
3.005960000000000321e+01
3.009960000000000235e+01
3.013960000000000505e+01
3.017960000000000065e+01
3.021959999999999980e+01
3.025959999999999539e+01
3.030015266666666562e+01
3.034290000000000020e+01
3.038289999999999935e+01
3.042290099999999953e+01
3.046290100000000223e+01
3.050290000000000390e+01
3.054289999999999949e+01
3.058290000000000219e+01
3.062289999999999779e+01
3.066289999999999694e+01
3.070289999999999964e+01
3.074346944444444318e+01
3.078630000000000067e+01
3.082630199999999832e+01
3.086629999999999896e+01
3.090630000000000166e+01
3.094630000000000081e+01
3.098628299999999669e+01
3.102619999999999933e+01
3.106619999999999848e+01
3.110620000000000118e+01
3.114620000000000388e+01
3.118619999999999948e+01
3.122676944444444658e+01
3.126960099999999798e+01
3.130960399999999666e+01
3.134960099999999983e+01
3.138960000000000505e+01
3.142960000000000065e+01
3.146959999999999980e+01
3.150959999999999539e+01
3.154959999999999809e+01
3.158960000000000079e+01
3.162959999999999994e+01
3.166960000000000264e+01
3.171015266666667287e+01
3.175290000000000390e+01
3.179289999999999949e+01
3.183290199999999714e+01
3.187289999999999779e+01
3.191290099999999441e+01
3.195289999999999964e+01
3.199290000000000234e+01
3.203290100000000251e+01
3.207289999999999708e+01
3.211289999999999623e+01
3.215345266666666646e+01
3.219620000000000459e+01
3.223620000000000374e+01
3.227619999999999578e+01
3.231620000000000203e+01
3.235620500000000277e+01
3.239620199999999528e+01
3.243620100000000406e+01
3.247619999999999862e+01
3.251619999999999777e+01
3.255619700000000449e+01
3.259620000000000317e+01
3.263676944444443961e+01
3.267960100000000523e+01
3.271959999999999980e+01
3.275960000000000605e+01
3.279960100000000267e+01
3.283960099999999471e+01
3.287960000000000349e+01
3.291959999999999553e+01
3.295959999999999468e+01
3.299960200000000299e+01
3.303960000000000008e+01
3.308015266666667031e+01
3.312289999999999424e+01
3.316290000000000759e+01
3.320290000000000674e+01
3.324289999999999878e+01
3.328290200000000709e+01
3.332289999999999708e+01
3.336289999999999623e+01
3.340290000000000248e+01
3.344289999999999452e+01
3.348290000000000077e+01
3.352289999999999992e+01
3.356345266666666305e+01
3.360620000000000118e+01
3.364619999999999322e+01
3.368619999999999948e+01
3.372619999999999862e+01
3.376619999999999777e+01
3.380620000000000402e+01
3.384620000000000317e+01
3.388620000000000232e+01
3.392620000000000147e+01
3.396620099999999098e+01
3.400620000000000687e+01
3.404675266666666289e+01
3.408950000000000102e+01
3.412950099999999765e+01
3.416949999999999932e+01
3.420950000000000557e+01
3.424949999999999761e+01
3.428950000000000387e+01
3.432950000000000301e+01
3.436950600000000122e+01
3.440950000000000131e+01
3.444950000000000756e+01
3.449006944444444400e+01
3.453290000000000504e+01
3.457289999999999708e+01
3.461289999999999623e+01
3.465289700000000295e+01
3.469289999999999452e+01
3.473290000000000077e+01
3.477289999999999992e+01
3.481289999999999907e+01
3.485290000000000532e+01
3.489289299999999372e+01
3.493289999999999651e+01
3.497345266666666674e+01
3.501619999999999777e+01
3.505620000000000402e+01
3.509620000000000317e+01
3.513620000000000232e+01
3.517620000000000147e+01
3.521620099999999098e+01
3.525620000000000687e+01
3.529620100000000349e+01
3.533619999999999806e+01
3.537620100000000178e+01
3.541675266666666744e+01
3.545950000000000557e+01
3.549949999999999761e+01
3.553949300000000022e+01
3.557950000000000301e+01
3.561949699999999552e+01
3.565950000000000131e+01
3.569950000000000756e+01
3.573949999999999250e+01
3.577949999999999875e+01
3.581949999999999790e+01
3.585949999999999704e+01
3.590005266666666017e+01
3.594280000000000541e+01
3.598280300000000409e+01
3.602279999999999660e+01
3.606280000000000285e+01
3.610280000000000200e+01
3.614279999999999404e+01
3.618280000000000030e+01
3.622279999999999944e+01
3.626279999999999859e+01
3.630280000000000484e+01
3.634279999999999688e+01
3.638336955555556074e+01
3.642620000000000147e+01
3.646619999999999351e+01
3.650620000000000687e+01
3.654620000000000601e+01
3.658620299999999048e+01
3.662620000000000431e+01
3.666619999999999635e+01
3.670619999999999550e+01
3.674620000000000175e+01
3.678620000000000090e+01
3.682675266666667113e+01
3.686949999999999505e+01
3.690950000000000131e+01
3.694950000000000756e+01
3.698950099999998997e+01
3.702949999999999875e+01
3.706950200000000706e+01
3.710950099999999452e+01
3.714950100000000077e+01
3.718950000000000244e+01
3.722950000000000159e+01
3.726950000000000784e+01
3.731005266666667097e+01
3.735279999999999490e+01
3.739279999999999404e+01
3.743280000000000030e+01
3.747279999999999944e+01
3.751280099999999607e+01
3.755280000000000484e+01
3.759279999999999688e+01
3.763280000000000314e+01
3.767280000000000229e+01
3.771279999999999433e+01
3.775280000000000058e+01
3.779336955555555733e+01
3.783619999999999806e+01
3.787620000000000431e+01
3.791619999999999635e+01
3.795618299999999579e+01
3.799609999999999133e+01
3.803610000000000468e+01
3.807610000000000383e+01
3.811609999999999587e+01
3.815610000000000213e+01
3.819609999999999417e+01
3.823666955555555091e+01
3.827950100000000333e+01
3.831950099999999537e+01
3.835950099999999452e+01
3.839950000000000330e+01
3.843950000000000244e+01
3.847950000000000159e+01
3.851950100000000532e+01
3.855950099999999026e+01
3.859950100000000361e+01
3.863950200000000734e+01
3.867950199999999228e+01
3.872005433333333002e+01
3.876280099999999607e+01
3.880280000000000484e+01
3.884280099999999436e+01
3.888280100000000061e+01
3.892280000000000229e+01
3.896280099999999891e+01
3.900280000000000058e+01
3.904280000000000683e+01
3.908279999999999177e+01
3.912280000000000513e+01
3.916335333333333324e+01
3.920610000000000639e+01
3.924609999999999133e+01
3.928610100000000216e+01
3.932610100000000841e+01
3.936610099999999335e+01
3.940610000000000213e+01
3.944609999999999417e+01
3.948609999999999332e+01
3.952610100000000415e+01
3.956609999999999872e+01
3.960610099999999534e+01
3.964667033333333279e+01
3.968950000000000244e+01
3.972950099999999907e+01
3.976950100000000532e+01
3.980949999999999278e+01
3.984950100000000361e+01
3.988950000000000529e+01
3.992948299999999762e+01
3.996940000000000026e+01
4.000939999999999941e+01
4.004940000000000566e+01
4.008939999999999060e+01
4.012996955555555445e+01
4.017280000000000229e+01
4.021279999999999433e+01
4.025280000000000058e+01
4.029280100000000431e+01
4.033280099999999635e+01
4.037280100000000260e+01
4.041280099999999464e+01
4.045280099999999379e+01
4.049280000000000257e+01
4.053280099999999919e+01
4.057335266666667195e+01
4.061609999999999587e+01
4.065610000000000213e+01
4.069609999999999417e+01
4.073609999999999332e+01
4.077609999999999957e+01
4.081609999999999872e+01
4.085609999999999786e+01
4.089610000000000412e+01
4.093610100000000074e+01
4.097610099999999989e+01
4.101610000000000156e+01
4.105665266666666469e+01
4.109939999999999571e+01
4.113939999999999486e+01
4.117940000000000111e+01
4.121940000000000026e+01
4.125940099999999688e+01
4.129940000000000566e+01
4.133940100000000228e+01
4.137940100000000143e+01
4.141940000000000310e+01
4.145940099999999262e+01
4.149996955555555900e+01
4.154280100000000431e+01
4.158279999999999177e+01
4.162280000000000513e+01
4.166279999999999717e+01
4.170279999999999632e+01
4.174280100000000004e+01
4.178280099999999919e+01
4.182280099999999834e+01
4.186280000000000712e+01
4.190280099999998953e+01
4.194278299999999859e+01
4.198326955555555173e+01
4.202609999999999957e+01
4.206609999999999872e+01
4.210609999999999786e+01
4.214610000000000412e+01
4.218609999999999616e+01
4.222610099999999989e+01
4.226610100000000614e+01
4.230610000000000070e+01
4.234610100000000443e+01
4.238610000000000610e+01
4.242609999999999104e+01
4.246665266666666838e+01
4.250939999999999941e+01
4.254940000000000566e+01
4.258939999999999060e+01
4.262940000000000396e+01
4.266940000000000310e+01
4.270940099999999262e+01
4.274940000000000140e+01
4.278940100000000513e+01
4.282939999999999259e+01
4.286940000000000595e+01
4.290995266666666907e+01
4.295270000000000010e+01
4.299269999999999925e+01
4.303270000000000550e+01
4.307270100000000213e+01
4.311269999999998959e+01
4.315270000000000294e+01
4.319270100000000667e+01
4.323270099999999161e+01
4.327270000000000039e+01
4.331270099999999701e+01
4.335269999999999868e+01
4.339326955555555543e+01
4.343609999999999616e+01
4.347610099999999989e+01
4.351610000000000156e+01
4.355610099999999818e+01
4.359610100000000443e+01
4.363610100000000358e+01
4.367610099999999562e+01
4.371610000000000440e+01
4.375610099999999392e+01
4.379609999999999559e+01
4.383610100000000642e+01
4.387665333333333706e+01
4.391940000000000310e+01
4.395940099999999262e+01
4.399940100000000598e+01
4.403940100000000513e+01
4.407940099999999006e+01
4.411940000000000595e+01
4.415939999999999799e+01
4.419939999999999714e+01
4.423939999999999628e+01
4.427939999999999543e+01
4.431995266666666566e+01
4.436270100000000127e+01
4.440270000000000294e+01
4.444269999999999499e+01
4.448270099999999161e+01
4.452270100000000497e+01
4.456269999999999953e+01
4.460269999999999868e+01
4.464270000000000493e+01
4.468269999999998987e+01
4.472270000000000323e+01
4.476270000000000948e+01
4.480325333333333759e+01
4.484599999999999653e+01
4.488599999999999568e+01
4.492600100000000651e+01
4.496600099999999856e+01
4.500600000000000023e+01
4.504600099999999685e+01
4.508599999999999852e+01
4.512600000000000477e+01
4.516600000000000392e+01
4.520600100000000054e+01
4.524656955555555271e+01
4.528940000000000765e+01
4.532940099999999006e+01
4.536940100000000342e+01
4.540940099999999546e+01
4.544939999999999714e+01
4.548939999999999628e+01
4.552939999999999543e+01
4.556940099999999916e+01
4.560940000000000083e+01
