-5.425555555555555687e-01
-5.421000000000000263e-01
-5.420222222222221831e-01
-5.420222222222220720e-01
-5.420333333333333670e-01
-5.420999999999999153e-01
-5.422666666666666746e-01
-5.420999999999999153e-01
-5.422666666666666746e-01
-5.423555555555554797e-01
-5.423999999999999932e-01
-5.423999999999999932e-01
-5.420333333333332559e-01
-5.417888888888887644e-01
-5.418888888888888644e-01
-5.419555555555555237e-01
-5.420111111111111102e-01
-5.419777777777777805e-01
-5.421111111111110992e-01
-5.421666666666666856e-01
-5.421000000000000263e-01
-5.423444444444444068e-01
-5.425111111111111661e-01
-5.418888888888888644e-01
-5.422333333333334560e-01
-5.421777777777777585e-01
-5.417444444444444729e-01
-5.419222222222221941e-01
-5.419888888888888534e-01
-5.420666666666666966e-01
-5.423222222222221500e-01
-5.422555555555556017e-01
-5.424444444444443958e-01
-5.423000000000000043e-01
-5.425222222222221280e-01
-5.425555555555555687e-01
-5.416999999999999593e-01
-5.418777777777779026e-01
-5.419555555555555237e-01
-5.419222222222221941e-01
-5.422555555555556017e-01
-5.420222222222222941e-01
-5.421000000000000263e-01
-5.422666666666665636e-01
-5.422222222222222721e-01
-5.422777777777777475e-01
-5.423111111111110771e-01
-5.416444444444444839e-01
-5.417444444444444729e-01
-5.419666666666667076e-01
-5.417111111111110322e-01
-5.417777777777778025e-01
-5.421111111111110992e-01
-5.419777777777777805e-01
-5.421555555555556127e-01
-5.423444444444444068e-01
-5.422666666666667856e-01
-5.422777777777777475e-01
-5.424000000000001043e-01
-5.425777777777777144e-01
-5.417222222222222161e-01
-5.417000000000000703e-01
-5.420777777777777695e-01
-5.421333333333333560e-01
-5.421111111111112102e-01
-5.423111111111110771e-01
-5.421111111111110992e-01
-5.421555555555555017e-01
-5.421111111111112102e-01
-5.422555555555556017e-01
-5.414999999999998703e-01
-5.416555555555554458e-01
-5.417666666666666186e-01
-5.417888888888887644e-01
-5.417666666666667297e-01
-5.420444444444444398e-01
-5.420000000000000373e-01
-5.423222222222221500e-01
-5.421777777777777585e-01
-5.422222222222221610e-01
-5.422888888888888204e-01
-5.416888888888888864e-01
-5.425111111111111661e-01
-5.417666666666666186e-01
-5.417999999999999483e-01
-5.416333333333333000e-01
-5.420000000000000373e-01
-5.420000000000001483e-01
-5.420222222222221831e-01
-5.420888888888888424e-01
-5.422222222222222721e-01
-5.421444444444445399e-01
-5.422999999999998932e-01
-5.423666666666666636e-01
-5.417777777777778025e-01
-5.419333333333332670e-01
-5.418888888888888644e-01
-5.418444444444444619e-01
-5.420666666666665856e-01
-5.419666666666665966e-01
-5.420555555555555127e-01
-5.420222222222221831e-01
-5.421111111111112102e-01
-5.423555555555555907e-01
-5.422555555555556017e-01
-5.416555555555555568e-01
-5.417999999999999483e-01
-5.417666666666666186e-01
-5.417000000000000703e-01
-5.418888888888888644e-01
-5.418555555555556458e-01
-5.420000000000000373e-01
-5.420444444444444398e-01
-5.421333333333333560e-01
-5.421777777777777585e-01
-5.423222222222221500e-01
-5.423777777777778475e-01
-5.423111111111110771e-01
-5.418222222222222051e-01
-5.417888888888888754e-01
-5.419111111111111212e-01
-5.418555555555556458e-01
-5.420888888888888424e-01
-5.419444444444443398e-01
-5.420777777777777695e-01
-5.421000000000000263e-01
-5.420333333333333670e-01
-5.421666666666667966e-01
-5.420777777777777695e-01
-5.416555555555555568e-01
-5.425111111111111661e-01
-5.417555555555555458e-01
-5.416666666666666297e-01
-5.419888888888889644e-01
-5.420444444444443288e-01
-5.420444444444443288e-01
-5.421222222222222831e-01
-5.420000000000000373e-01
-5.424111111111110661e-01
-5.424222222222222500e-01
-5.422777777777777475e-01
-5.423777777777778475e-01
-5.417111111111111432e-01
-5.417111111111111432e-01
-5.418222222222222051e-01
-5.418444444444444619e-01
-5.421555555555555017e-01
-5.421666666666666856e-01
-5.423111111111110771e-01
-5.420666666666666966e-01
-5.420666666666666966e-01
-5.424666666666666526e-01
-5.414999999999999813e-01
-5.417999999999999483e-01
-5.418777777777779026e-01
-5.416666666666666297e-01
-5.417888888888888754e-01
-5.419111111111111212e-01
-5.420555555555555127e-01
-5.421111111111112102e-01
-5.421111111111110992e-01
-5.423777777777778475e-01
-5.424111111111111772e-01
-5.416111111111110432e-01
-5.424666666666665416e-01
-5.417000000000000703e-01
-5.417111111111110322e-01
-5.416555555555555568e-01
-5.420888888888889534e-01
-5.419111111111110102e-01
-5.419888888888888534e-01
-5.420555555555555127e-01
-5.423111111111110771e-01
-5.421888888888888314e-01
-5.417333333333332890e-01
-5.426666666666666305e-01
-5.418444444444444619e-01
-5.424333333333333229e-01
-5.431111111111111001e-01
-5.438444444444443526e-01
-5.451555555555556154e-01
-5.464444444444445104e-01
-5.478222222222223214e-01
-5.495777777777777207e-01
-5.512333333333333529e-01
-5.533000000000000140e-01
-5.547444444444444844e-01
-5.557222222222222285e-01
-5.568111111111110345e-01
-5.577666666666666329e-01
-5.581333333333332591e-01
-5.583777777777778617e-01
-5.580333333333332702e-01
-5.570333333333332693e-01
-5.559888888888888658e-01
-5.546999999999999709e-01
-5.535111111111111759e-01
-5.518888888888888733e-01
-5.494555555555555859e-01
-5.485888888888889037e-01
-5.463555555555557053e-01
-5.445777777777777162e-01
-5.429777777777777814e-01
-5.411777777777777576e-01
-5.396999999999999575e-01
-5.379888888888889609e-01
-5.370222222222222896e-01
-5.367444444444445795e-01
-5.370555555555556193e-01
-5.389111111111110075e-01
-5.405666666666666398e-01
-5.416777777777777025e-01
-5.434555555555555806e-01
-5.454777777777777281e-01
-5.473111111111110816e-01
-5.494444444444445130e-01
-5.513444444444444148e-01
-5.530222222222221928e-01
-5.544444444444445175e-01
-5.557222222222222285e-01
-5.568333333333332913e-01
-5.572333333333332472e-01
-5.567666666666667430e-01
-5.568777777777778049e-01
-5.563222222222221625e-01
-5.552000000000000268e-01
-5.544999999999998819e-01
-5.532888888888889412e-01
-5.519444444444444597e-01
-5.506444444444443809e-01
-5.491000000000000325e-01
-5.477666666666666240e-01
-5.452777777777777501e-01
-5.444888888888889111e-01
-5.424666666666666526e-01
-5.407666666666666178e-01
-5.395888888888888957e-01
-5.384555555555556872e-01
-5.373555555555555863e-01
-5.374555555555554642e-01
-5.377222222222221015e-01
-5.392444444444444152e-01
-5.408444444444444610e-01
-5.417444444444444729e-01
-5.442333333333333467e-01
-5.455333333333334256e-01
-5.477222222222222214e-01
-5.498111111111111393e-01
-5.521222222222221809e-01
-5.539777777777777912e-01
-5.559555555555556472e-01
-5.577555555555555600e-01
-5.592555555555556168e-01
-5.597555555555555618e-01
-5.604555555555555957e-01
-5.601555555555556287e-01
-5.597666666666667457e-01
-5.600444444444444558e-01
-5.587555555555554498e-01
-5.580666666666667108e-01
-5.567111111111111565e-01
-5.548666666666667302e-01
-5.531777777777777683e-01
-5.513000000000000123e-01
-5.494555555555555859e-01
-5.479444444444444562e-01
-5.461333333333333595e-01
-5.445999999999999730e-01
-5.443888888888888111e-01
-5.431666666666665755e-01
-5.428000000000001712e-01
-5.429777777777777814e-01
-5.433888888888889213e-01
-5.440222222222221848e-01
-5.449111111111111239e-01
-5.458000000000000629e-01
-5.468888888888888689e-01
-5.476777777777778189e-01
-5.489333333333333842e-01
-5.495111111111110613e-01
-5.496666666666667478e-01
-5.499222222222222012e-01
-5.504222222222221461e-01
-5.508777777777776885e-01
-5.512000000000000233e-01
-5.513333333333333419e-01
-5.514222222222220360e-01
-5.515777777777777224e-01
-5.512555555555554987e-01
-5.508000000000000673e-01
-5.502333333333333520e-01
-5.489888888888887486e-01
-5.488666666666666138e-01
-5.477111111111110375e-01
-5.468666666666667231e-01
-5.462000000000000188e-01
-5.456777777777778171e-01
-5.453777777777778502e-01
-5.447999999999999510e-01
-5.445111111111110569e-01
-5.446555555555555594e-01
-5.453999999999999959e-01
-5.454888888888889120e-01
-5.475111111111110596e-01
-5.485666666666666469e-01
-5.507777777777778105e-01
-5.532666666666666844e-01
-5.557666666666665201e-01
-5.586777777777778287e-01
-5.612999999999999101e-01
-5.635444444444444034e-01
-5.650111111111111306e-01
-5.657777777777778239e-01
-5.659111111111111425e-01
-5.653111111111112086e-01
-5.651555555555555221e-01
-5.643333333333333535e-01
-5.635333333333333306e-01
-5.624111111111109729e-01
-5.607111111111111601e-01
-5.586888888888889015e-01
-5.568111111111111455e-01
-5.545222222222221387e-01
-5.523000000000000131e-01
-5.499555555555555308e-01
-5.471333333333333604e-01
-5.452666666666665662e-01
-5.432777777777777484e-01
-5.419888888888889644e-01
-5.409888888888888525e-01
-5.411777777777777576e-01
-5.424333333333333229e-01
-5.439444444444444526e-01
-5.453888888888889230e-01
-5.470777777777777739e-01
-5.485444444444443901e-01
-5.492333333333334622e-01
-5.506222222222222351e-01
-5.519666666666667165e-01
-5.533666666666666734e-01
-5.543777777777778581e-01
-5.555333333333334345e-01
-5.568888888888888777e-01
-5.583666666666666778e-01
-5.594000000000000083e-01
-5.609111111111111381e-01
-5.616999999999999771e-01
-5.622111111111111059e-01
-5.632777777777777661e-01
-5.624777777777777432e-01
-5.615888888888888042e-01
-5.607333333333334169e-01
-5.596444444444443889e-01
-5.583555555555554939e-01
-5.572888888888889447e-01
-5.560222222222221955e-01
-5.547444444444443734e-01
-5.533444444444444166e-01
-5.519555555555555326e-01
-5.504555555555554758e-01
-5.483444444444444121e-01
-5.466333333333334155e-01
-5.451777777777777612e-01
-5.435111111111110560e-01
-5.421666666666666856e-01
-5.409444444444445610e-01
-5.408888888888889745e-01
-5.421777777777778695e-01
-5.434444444444443967e-01
-5.451111111111112129e-01
-5.468444444444444663e-01
-5.478555555555555401e-01
-5.488000000000000655e-01
-5.503111111111110842e-01
-5.512777777777777555e-01
-5.528555555555555445e-01
-5.540111111111111208e-01
-5.556000000000000938e-01
-5.564666666666666650e-01
-5.579555555555555379e-01
-5.593777777777777516e-01
-5.606555555555555737e-01
-5.616333333333334288e-01
-5.613555555555556076e-01
-5.616999999999999771e-01
-5.611000000000000432e-01
-5.603444444444444228e-01
-5.590555555555555278e-01
-5.579222222222222083e-01
-5.565222222222222515e-01
-5.552888888888889429e-01
-5.540666666666668183e-01
-5.519333333333332758e-01
-5.512222222222222801e-01
-5.494666666666666588e-01
-5.480888888888889587e-01
-5.466555555555555612e-01
-5.456333333333333035e-01
-5.445111111111110569e-01
-5.438666666666667204e-01
-5.431111111111111001e-01
-5.437888888888888772e-01
-5.448444444444444645e-01
-5.468444444444444663e-01
-5.493222222222221562e-01
-5.512888888888888284e-01
-5.540333333333333776e-01
-5.566222222222222404e-01
-5.592222222222221761e-01
-5.618666666666665144e-01
-5.642444444444445484e-01
-5.655999999999999917e-01
-5.655333333333332213e-01
-5.648444444444443713e-01
-5.640000000000000568e-01
-5.625111111111110729e-01
-5.601222222222221880e-01
-5.582000000000000295e-01
-5.561777777777777709e-01
-5.540111111111111208e-01
-5.517777777777777004e-01
-5.495777777777778317e-01
-5.470555555555555172e-01
-5.451999999999999069e-01
-5.435666666666665314e-01
-5.431444444444444297e-01
-5.440666666666666984e-01
-5.465888888888889019e-01
-5.498666666666667258e-01
-5.524666666666666615e-01
-5.562888888888888328e-01
-5.605777777777778415e-01
-5.645777777777777340e-01
-5.674888888888889316e-01
-5.694777777777777494e-01
-5.694111111111109791e-01
-5.677111111111110553e-01
-5.648333333333332984e-01
-5.611888888888887372e-01
-5.568999999999999506e-01
-5.519111111111111301e-01
-5.481888888888888367e-01
-5.447444444444444756e-01
-5.433999999999999941e-01
-5.430777777777777704e-01
-5.447666666666666213e-01
-5.480999999999999206e-01
-5.516555555555555657e-01
-5.555333333333333234e-01
-5.593222222222222761e-01
-5.629222222222222127e-01
-5.653555555555555001e-01
-5.667333333333333112e-01
-5.666666666666666519e-01
-5.649555555555556552e-01
-5.620666666666667144e-01
-5.587666666666666337e-01
-5.548888888888888760e-01
-5.508555555555555427e-01
-5.475999999999999757e-01
-5.445555555555555705e-01
-5.422222222222222721e-01
-5.424444444444446178e-01
-5.439666666666667094e-01
-5.470222222222222985e-01
-5.503777777777778546e-01
-5.546222222222222387e-01
-5.589666666666667227e-01
-5.633555555555554983e-01
-5.667444444444444951e-01
-5.689000000000000723e-01
-5.688555555555555587e-01
-5.668888888888887756e-01
-5.646111111111110636e-01
-5.595111111111111812e-01
-5.546333333333333115e-01
-5.503111111111110842e-01
-5.463666666666666671e-01
-5.435222222222222399e-01
-5.427000000000000712e-01
-5.431444444444443187e-01
-5.456999999999999629e-01
-5.486888888888888927e-01
-5.523444444444445267e-01
-5.568777777777778049e-01
-5.609111111111110270e-01
-5.658222222222222264e-01
-5.694111111111109791e-01
-5.705888888888889232e-01
-5.702111111111111130e-01
-5.693111111111111011e-01
-5.674777777777778587e-01
-5.647111111111110526e-01
-5.615333333333333288e-01
-5.588333333333332931e-01
-5.559777777777777930e-01
-5.526555555555554555e-01
-5.513222222222222690e-01
-5.495888888888887935e-01
-5.490777777777777757e-01
-5.507888888888889944e-01
-5.530555555555554115e-01
-5.558555555555556582e-01
-5.590222222222221982e-01
-5.614666666666666694e-01
-5.638555555555555543e-01
-5.662666666666666959e-01
-5.676999999999998714e-01
-5.694777777777777494e-01
-5.690333333333333909e-01
-5.682777777777777706e-01
-5.672444444444444400e-01
-5.659888888888889857e-01
-5.642222222222222916e-01
-5.616666666666666474e-01
-5.598222222222222211e-01
-5.579444444444444651e-01
-5.561777777777776599e-01
-5.549444444444444624e-01
-5.531333333333333657e-01
-5.525111111111110640e-01
-5.523777777777777453e-01
-5.527555555555555555e-01
-5.534666666666667734e-01
-5.546555555555555683e-01
-5.560444444444444523e-01
-5.580333333333332702e-01
-5.599111111111111372e-01
-5.620333333333333847e-01
-5.642333333333333645e-01
-5.654777777777777459e-01
-5.670555555555556460e-01
-5.679222222222222172e-01
-5.678222222222222282e-01
-5.666333333333333222e-01
-5.654000000000000137e-01
-5.636333333333334306e-01
-5.617666666666666364e-01
-5.600000000000000533e-01
-5.586666666666667558e-01
-5.568777777777778049e-01
-5.547333333333333005e-01
-5.537555555555554454e-01
-5.529666666666667174e-01
-5.525444444444445047e-01
-5.525999999999999801e-01
-5.535111111111111759e-01
-5.542444444444444285e-01
-5.559666666666667201e-01
-5.579111111111110244e-01
-5.600000000000000533e-01
-5.619222222222223229e-01
-5.636222222222220246e-01
-5.655555555555555891e-01
-5.674888888888889316e-01
-5.678333333333333011e-01
-5.675000000000000044e-01
-5.661555555555555230e-01
-5.643111111111110967e-01
-5.619888888888888712e-01
-5.598333333333332940e-01
-5.572555555555555040e-01
-5.546555555555554573e-01
-5.511555555555555097e-01
-5.496666666666666368e-01
-5.470222222222222985e-01
-5.462555555555554943e-01
-5.472888888888889358e-01
-5.491777777777778757e-01
-5.521111111111109970e-01
-5.557999999999999607e-01
-5.600111111111111262e-01
-5.646666666666666501e-01
-5.691777777777776715e-01
-5.727555555555556843e-01
-5.586405555555555846e-01
-5.582421249999999224e-01
-5.728111111111110487e-01
-5.709777777777778063e-01
-5.677666666666666417e-01
-5.639555555555555433e-01
-5.602000000000000313e-01
-5.565444444444443972e-01
-5.528444444444443606e-01
-5.498333333333332851e-01
-5.470777777777776629e-01
-5.449555555555556374e-01
-5.434333333333333238e-01
-5.466999999999999638e-01
-5.501888888888887275e-01
-5.535777777777777242e-01
-5.578666666666667329e-01
-5.616999999999999771e-01
-5.649333333333332874e-01
-5.668666666666667409e-01
-5.678555555555555578e-01
-5.676555555555555799e-01
-5.650555555555555332e-01
-5.629888888888888721e-01
-5.590666666666668227e-01
-5.553111111111110887e-01
-5.513555555555555987e-01
-5.474666666666666570e-01
-5.437555555555556586e-01
-5.409888888888888525e-01
-5.381888888888889388e-01
-5.367666666666666142e-01
-5.374999999999999778e-01
-5.397888888888888737e-01
-5.442000000000000171e-01
-5.474333333333333274e-01
-5.509666666666666046e-01
-5.537555555555555564e-01
-5.567222222222221184e-01
-5.584888888888888125e-01
-5.589555555555555388e-01
-5.585444444444443990e-01
-5.575111111111110684e-01
-5.557888888888888879e-01
-5.529444444444444606e-01
-5.509888888888888614e-01
-5.474888888888888028e-01
-5.446777777777778162e-01
-5.419777777777778915e-01
-5.394222222222221363e-01
-5.380333333333333634e-01
-5.375777777777777100e-01
-5.384777777777778329e-01
-5.406333333333334101e-01
-5.430666666666668085e-01
-5.459333333333333815e-01
-5.487222222222222223e-01
-5.510666666666665936e-01
-5.537888888888889971e-01
-5.565111111111110676e-01
-5.586777777777778287e-01
-5.598111111111111482e-01
-5.601000000000000423e-01
-5.595777777777777295e-01
-5.582888888888889456e-01
-5.561333333333333684e-01
-5.538444444444444725e-01
-5.511333333333332529e-01
-5.481000000000000316e-01
-5.459888888888889680e-01
-5.441444444444445416e-01
-5.421222222222221721e-01
-5.408333333333332771e-01
-5.400888888888890627e-01
-5.396888888888889957e-01
-5.400333333333333652e-01
-5.406444444444444830e-01
-5.416888888888889975e-01
-5.431444444444445407e-01
-5.442666666666666764e-01
-5.461888888888888349e-01
-5.482888888888888257e-01
-5.505111111111111732e-01
-5.525999999999999801e-01
-5.543777777777777471e-01
-5.557555555555554472e-01
-5.568555555555555481e-01
-5.569111111111111345e-01
-5.564888888888889218e-01
-5.547444444444445955e-01
-5.544555555555554793e-01
-5.519666666666666055e-01
-5.501444444444444359e-01
-5.487111111111110384e-01
-5.465888888888889019e-01
-5.449444444444444535e-01
-5.431999999999999051e-01
-5.418111111111111322e-01
-5.408333333333332771e-01
-5.394666666666666499e-01
-5.382111111111111956e-01
-5.390222222222220694e-01
-5.386888888888887728e-01
-5.395333333333334203e-01
-5.407666666666667288e-01
-5.425333333333333119e-01
-5.445666666666666433e-01
-5.469444444444443443e-01
-5.493333333333332291e-01
-5.522555555555556106e-01
-5.548444444444444734e-01
-5.579333333333332812e-01
-5.599666666666667236e-01
-5.610555555555555296e-01
-5.621333333333332627e-01
-5.621444444444444466e-01
-5.621111111111111169e-01
-5.615222222222222559e-01
-5.605777777777778415e-01
-5.593777777777777516e-01
-5.580444444444444541e-01
-5.564777777777778489e-01
-5.546888888888888980e-01
-5.527777777777778123e-01
-5.499555555555555308e-01
-5.475555555555554621e-01
-5.453888888888889230e-01
-5.430888888888889543e-01
-5.411555555555556118e-01
-5.393999999999999906e-01
-5.389444444444444482e-01
-5.398666666666666059e-01
-5.412777777777777466e-01
-5.428999999999999382e-01
-5.451444444444444315e-01
-5.468888888888888689e-01
-5.488888888888888706e-01
-5.513222222222222690e-01
-5.536777777777777132e-01
-5.562777777777778709e-01
-5.586444444444444990e-01
-5.605444444444445118e-01
-5.620444444444445686e-01
-5.631111111111111178e-01
-5.638999999999999568e-01
-5.648444444444443713e-01
-5.656000000000001027e-01
-5.647666666666667501e-01
-5.645222222222221475e-01
-5.638555555555555543e-01
-5.627555555555555644e-01
-5.612777777777777644e-01
-5.599666666666666126e-01
-5.583888888888888236e-01
-5.568777777777778049e-01
-5.552666666666667972e-01
-5.528222222222222149e-01
-5.509777777777776775e-01
-5.491666666666666918e-01
-5.473222222222221545e-01
-5.456777777777778171e-01
-5.443555555555555925e-01
-5.434777777777778374e-01
-5.439333333333332687e-01
-5.443777777777777382e-01
-5.450888888888888451e-01
-5.461111111111109917e-01
-5.458000000000000629e-01
-5.462111111111112027e-01
-5.466222222222221205e-01
-5.474777777777778409e-01
-5.478777777777776858e-01
-5.486555555555556740e-01
-5.499666666666667147e-01
-5.512555555555554987e-01
-5.528666666666667284e-01
-5.546222222222221276e-01
-5.562000000000000277e-01
-5.581444444444444430e-01
-5.594000000000000083e-01
-5.606444444444443898e-01
-5.619444444444444686e-01
-5.632333333333332526e-01
-5.641333333333333755e-01
-5.645444444444444043e-01
-5.643666666666667941e-01
-5.638444444444444814e-01
-5.631555555555556314e-01
-5.619888888888888712e-01
-5.607222222222223440e-01
-5.593555555555557168e-01
-5.570888888888888557e-01
-5.553888888888888209e-01
-5.535999999999999810e-01
-5.516444444444443818e-01
-5.499888888888889715e-01
-5.480000000000000426e-01
-5.466666666666666341e-01
-5.450666666666665883e-01
-5.440000000000000391e-01
-5.436888888888888882e-01
-5.443999999999999950e-01
-5.458222222222222086e-01
-5.465999999999999748e-01
-5.487111111111110384e-01
-5.502444444444444249e-01
-5.526666666666666394e-01
-5.547111111111111548e-01
-5.569333333333333913e-01
-5.588666666666666227e-01
-5.608333333333332948e-01
-5.624555555555555975e-01
-5.640666666666667162e-01
-5.650777777777777899e-01
-5.649555555555555442e-01
-5.650555555555554221e-01
-5.648333333333332984e-01
-5.640111111111110187e-01
-5.629222222222222127e-01
-5.616111111111110610e-01
-5.596666666666667567e-01
-5.579555555555555379e-01
-5.555555555555554692e-01
-5.525333333333333208e-01
-5.508111111111111402e-01
-5.479333333333333833e-01
-5.453777777777777391e-01
-5.429777777777777814e-01
-5.415444444444444949e-01
-5.404555555555554669e-01
-5.410888888888889525e-01
-5.428555555555555356e-01
-5.454666666666666552e-01
-5.478333333333332833e-01
-5.503888888888889275e-01
-5.541666666666666963e-01
-5.563444444444445303e-01
-5.590000000000000524e-01
-5.614555555555554855e-01
-5.633555555555554983e-01
-5.640444444444443484e-01
-5.636555555555555763e-01
-5.627666666666666373e-01
-5.610444444444444567e-01
-5.587222222222222312e-01
-5.556888888888888989e-01
-5.529666666666667174e-01
-5.488222222222222113e-01
-5.458333333333333925e-01
-5.433999999999999941e-01
-5.417000000000000703e-01
-5.416777777777777025e-01
-5.430000000000000382e-01
-5.453555555555554823e-01
-5.474999999999998757e-01
-5.507999999999999563e-01
-5.540999999999999259e-01
-5.575777777777777278e-01
-5.601222222222222991e-01
-5.628888888888889941e-01
-5.643666666666665721e-01
-5.645444444444444043e-01
-5.638444444444444814e-01
-5.620444444444445686e-01
-5.593666666666666787e-01
-5.555111111111110667e-01
-5.516999999999999682e-01
-5.470333333333333714e-01
-5.425777777777777144e-01
-5.384888888888889058e-01
-5.354444444444443896e-01
-5.348555555555556396e-01
-5.359444444444444455e-01
-5.381222222222221685e-01
-5.405111111111110533e-01
-5.442444444444443086e-01
-5.482111111111112045e-01
-5.521444444444445487e-01
-5.558111111111111446e-01
-5.581999999999999185e-01
-5.599111111111111372e-01
-5.606333333333333169e-01
-5.608888888888888813e-01
-5.604777777777777414e-01
-5.596444444444443889e-01
-5.582666666666666888e-01
-5.563444444444445303e-01
-5.537999999999999590e-01
-5.513555555555554877e-01
-5.482333333333332392e-01
-5.446222222222221188e-01
-5.422666666666666746e-01
-5.394888888888887957e-01
-5.373888888888889159e-01
-5.374666666666666481e-01
-5.376666666666666261e-01
-5.380111111111111066e-01
-5.385666666666666380e-01
-5.392777777777778558e-01
-5.402222222222221593e-01
-5.408111111111111313e-01
-5.408333333333332771e-01
-5.423555555555554797e-01
-5.426111111111110441e-01
-5.428444444444443517e-01
-5.437666666666667314e-01
-5.442222222222221628e-01
-5.443555555555554815e-01
-5.446777777777778162e-01
-5.450111111111111128e-01
-5.452333333333333476e-01
-5.452999999999998959e-01
-5.447666666666667323e-01
-5.456777777777778171e-01
-5.451555555555556154e-01
-5.450111111111111128e-01
-5.453777777777778502e-01
-5.451555555555555044e-01
-5.450777777777777722e-01
-5.449777777777778942e-01
-5.448222222222223188e-01
-5.446888888888890001e-01
-5.446777777777778162e-01
-5.449222222222221967e-01
-5.445222222222221298e-01
-5.438444444444443526e-01
-5.439222222222223069e-01
-5.442777777777777493e-01
-5.441222222222221738e-01
-5.442222222222221628e-01
-5.440444444444444416e-01
-5.441333333333333577e-01
-5.443555555555554815e-01
-5.442000000000000171e-01
-5.441444444444445416e-01
-5.442666666666666764e-01
-5.435111111111109450e-01
-5.433888888888889213e-01
-5.432777777777777484e-01
-5.431555555555555026e-01
-5.435222222222222399e-01
-5.432555555555554916e-01
-5.434444444444443967e-01
-5.432222222222221619e-01
-5.432000000000000162e-01
-5.433222222222222619e-01
-5.423333333333333339e-01
-5.424555555555554687e-01
-5.424777777777777255e-01
-5.426777777777778144e-01
-5.425555555555555687e-01
-5.423888888888890314e-01
-5.425222222222222390e-01
-5.425666666666666416e-01
-5.426888888888889984e-01
-5.428111111111111331e-01
-5.428111111111111331e-01
-5.423999999999999932e-01
-5.423777777777778475e-01
-5.424888888888887983e-01
-5.424444444444443958e-01
-5.428222222222222060e-01
-5.428555555555555356e-01
-5.429444444444443407e-01
-5.432222222222221619e-01
-5.432666666666665645e-01
-5.434111111111111780e-01
-5.433999999999999941e-01
-5.428555555555555356e-01
-5.428666666666667195e-01
-5.432666666666665645e-01
-5.432111111111110890e-01
-5.433888888888888102e-01
-5.435666666666665314e-01
-5.434666666666667645e-01
-5.437777777777778043e-01
-5.435222222222221289e-01
-5.439111111111111230e-01
-5.435999999999999721e-01
-5.430444444444444407e-01
-5.428111111111110221e-01
-5.430444444444444407e-01
-5.429777777777777814e-01
-5.431333333333333568e-01
-5.431111111111111001e-01
-5.432333333333333458e-01
-5.433444444444445187e-01
-5.433999999999999941e-01
-5.432777777777777484e-01
-5.433000000000000052e-01
-5.434888888888889102e-01
-5.427777777777778034e-01
-5.429777777777777814e-01
-5.430333333333332568e-01
-5.433666666666666645e-01
-5.432444444444445297e-01
-5.432555555555556026e-01
-5.431000000000001382e-01
-5.436111111111111560e-01
-5.438444444444444636e-01
-5.435777777777777153e-01
-5.435555555555555696e-01
-5.430444444444444407e-01
-5.432111111111110890e-01
-5.430888888888889543e-01
-5.432111111111110890e-01
-5.432111111111110890e-01
-5.435444444444444967e-01
-5.432222222222223840e-01
-5.434888888888890213e-01
-5.435333333333333128e-01
-5.429666666666667085e-01
-5.430444444444444407e-01
-5.429888888888888543e-01
-5.430444444444444407e-01
-5.428666666666667195e-01
-5.431888888888888323e-01
-5.432888888888889323e-01
-5.432222222222222729e-01
-5.433111111111110780e-01
-5.435666666666666424e-01
-5.433777777777777374e-01
-5.436999999999999611e-01
-5.435555555555554585e-01
-5.430555555555555136e-01
-5.431333333333332458e-01
-5.430333333333332568e-01
-5.431222222222221729e-01
-5.432444444444444187e-01
-5.433444444444445187e-01
-5.433444444444444077e-01
-5.433333333333333348e-01
-5.433777777777777374e-01
-5.436444444444443747e-01
-5.436111111111112670e-01
-5.428777777777777924e-01
-5.435666666666666424e-01
-5.430555555555556246e-01
-5.429777777777777814e-01
-5.432222222222221619e-01
-5.432444444444445297e-01
-5.435222222222222399e-01
-5.431777777777777594e-01
-5.433999999999999941e-01
-5.434888888888887992e-01
-5.437777777777778043e-01
-5.430555555555555136e-01
-5.428888888888887543e-01
-5.430444444444444407e-01
-5.430111111111111111e-01
-5.433666666666666645e-01
-5.432555555555554916e-01
-5.434333333333332128e-01
-5.434666666666666535e-01
-5.435777777777778264e-01
-5.436444444444444857e-01
-5.429888888888888543e-01
-5.437666666666666204e-01
-5.428999999999999382e-01
-5.429444444444444517e-01
-5.430888888888888433e-01
-5.433000000000000052e-01
-5.432444444444444187e-01
-5.432111111111112001e-01
-5.435333333333333128e-01
-5.438777777777777933e-01
-5.435999999999999721e-01
-5.428999999999999382e-01
-5.434888888888887992e-01
-5.428444444444444628e-01
-5.430111111111111111e-01
-5.430555555555556246e-01
-5.430666666666666975e-01
-5.432111111111112001e-01
-5.433999999999999941e-01
-5.435111111111111670e-01
-5.434555555555555806e-01
-5.436555555555555586e-01
-5.429666666666665975e-01
-5.429333333333333789e-01
-5.430444444444445518e-01
-5.429444444444444517e-01
-5.432444444444444187e-01
-5.433111111111111891e-01
-5.430666666666668085e-01
-5.433444444444445187e-01
-5.434999999999999831e-01
-5.434555555555555806e-01
-5.434777777777778374e-01
-5.437444444444444747e-01
-5.435666666666666424e-01
-5.431222222222221729e-01
-5.430555555555556246e-01
-5.432444444444445297e-01
-5.432222222222222729e-01
-5.434444444444443967e-01
-5.433777777777777374e-01
-5.432666666666666755e-01
-5.433333333333333348e-01
-5.438444444444444636e-01
-5.435333333333333128e-01
-5.435111111111111670e-01
-5.430444444444444407e-01
-5.429777777777776704e-01
-5.431555555555555026e-01
-5.432333333333333458e-01
-5.434111111111110670e-01
-5.431555555555555026e-01
-5.436000000000000831e-01
-5.436000000000000831e-01
-5.435333333333333128e-01
-5.435555555555555696e-01
-5.430555555555555136e-01
-5.430888888888889543e-01
-5.430777777777777704e-01
-5.430222222222221840e-01
-5.432000000000001272e-01
-5.434666666666666535e-01
-5.433444444444445187e-01
-5.433777777777777374e-01
-5.436888888888888882e-01
-5.437222222222222179e-01
-5.434999999999999831e-01
-5.430111111111110000e-01
-5.428555555555555356e-01
-5.430000000000000382e-01
-5.432111111111110890e-01
-5.432666666666665645e-01
-5.434333333333332128e-01
-5.432444444444445297e-01
-5.433999999999998831e-01
-5.435333333333333128e-01
-5.435444444444443857e-01
-5.437666666666667314e-01
-5.431444444444444297e-01
-5.429333333333333789e-01
-5.428333333333333899e-01
-5.431222222222221729e-01
-5.432000000000000162e-01
-5.431777777777777594e-01
-5.433555555555555916e-01
-5.433444444444445187e-01
-5.433999999999998831e-01
-5.434555555555555806e-01
-5.436222222222222289e-01
-5.428999999999999382e-01
-5.428888888888888653e-01
-5.433333333333333348e-01
-5.431000000000000272e-01
