6.945229953075782170e-03
7.400089423243549902e-03
7.477171115633618470e-03
7.476475030245954834e-03
7.464667833746885250e-03
7.397305081692562290e-03
7.229942329638028298e-03
7.395912910917012972e-03
7.228550158862478980e-03
7.138965184585899237e-03
7.093824654753611014e-03
7.093118657883312750e-03
7.459039983386817063e-03
7.702788342443533942e-03
7.602092257055659275e-03
7.534729505001225291e-03
7.478477864057864188e-03
7.511115112003419192e-03
7.377085693282325884e-03
7.320834052338964781e-03
7.386804633617849447e-03
7.141664103785694273e-03
6.974291734151316646e-03
7.595770061521123218e-03
7.250629531688757012e-03
7.305489001856679820e-03
7.738126249802190770e-03
7.559652386636694921e-03
7.492289634582260938e-03
7.413815771416643052e-03
7.157564130473414998e-03
7.223534711752188642e-03
7.033949737475619912e-03
7.177698096532236782e-03
6.954770171342605778e-03
6.920692943156669941e-03
7.775552413324504641e-03
7.597078550158786747e-03
7.518604686993390906e-03
7.551241934938834888e-03
7.217212516217652585e-03
7.449849764163185561e-03
7.371375900997678698e-03
7.204013148943366751e-03
7.247761507999883612e-03
7.191509867056633531e-03
7.157470536853116627e-03
7.823391862356365856e-03
7.722695776968602210e-03
7.499777469358592796e-03
7.754636939526493578e-03
7.687274187471948572e-03
7.353244768750877292e-03
7.485882016696421282e-03
7.307408153530814410e-03
7.117823179254245680e-03
7.194905167480447616e-03
7.183089503876360915e-03
7.060121940490771131e-03
6.881648077325386303e-03
7.736507547493109982e-03
7.758033684327481083e-03
7.379559821162007260e-03
7.323308180218646157e-03
7.344834317053017259e-03
7.144138231665375649e-03
7.343442146277467941e-03
7.298301616445290740e-03
7.342049975501807602e-03
7.196899828089908802e-03
7.951711488793145044e-03
7.795459847849794954e-03
7.683652651350847407e-03
7.660734343740926988e-03
7.682260480575187067e-03
7.403786617409702231e-03
7.447534976466330114e-03
7.124616668856442736e-03
7.268365027913059606e-03
7.223224498080882405e-03
7.155852128446604787e-03
7.755108233594043554e-03
6.932189925983989198e-03
7.675938285040762032e-03
7.641908866319657712e-03
7.807879447598531364e-03
7.440516695544019399e-03
7.439820610156133718e-03
7.416902302546324321e-03
7.349539550491890338e-03
7.215510131770686009e-03
7.292591824160643554e-03
7.136330271734991904e-03
7.068918263904988564e-03
7.657111067406074945e-03
7.500859426462835877e-03
7.544607785519463761e-03
7.588356144576091644e-03
7.365437836966193252e-03
7.464741751578407580e-03
7.375156777301716815e-03
7.407794025247271819e-03
7.318209050970470031e-03
7.073068521138314857e-03
7.172362818170685550e-03
7.771618923318235339e-03
7.626478393486069152e-03
7.659115641431624155e-03
7.725086222710397799e-03
7.535501248433829069e-03
7.568138496379273050e-03
7.422997966547106863e-03
7.377857436714929662e-03
7.288272462438238897e-03
7.243131932606061696e-03
7.097981785194162896e-03
7.041682334785970276e-03
7.107652916064965964e-03
7.595845719566063359e-03
7.628482967511618362e-03
7.505564659901597935e-03
7.560424130069298698e-03
7.326394711348327426e-03
7.470143070405055319e-03
7.336113651683739967e-03
7.313195344073708526e-03
7.379165925352593192e-03
7.245126889051656249e-03
7.333271883088188225e-03
7.754798019922626295e-03
6.898546378979242277e-03
7.653405849147087991e-03
7.741598652648229439e-03
7.418680345038120016e-03
7.362428704094980958e-03
7.361732618707206299e-03
7.283258755541477392e-03
7.404784892375948502e-03
6.992977695877145017e-03
6.981160589829227270e-03
7.124859691176932408e-03
7.024163605789057740e-03
7.690134187067987348e-03
7.689438101680212689e-03
7.577630905181376164e-03
7.554712597571344723e-03
7.242905401072530225e-03
7.231098204573571664e-03
7.085957674741405476e-03
7.329706033798011333e-03
7.329000330830393040e-03
6.928256435977941941e-03
7.894227017256838508e-03
7.593530931869096889e-03
7.515057068703367982e-03
7.725472094426866221e-03
7.602553786816845793e-03
7.479635479206825366e-03
7.334494949374659178e-03
7.278243308431187053e-03
7.277547223043523417e-03
7.010184470989000438e-03
6.976145434688052482e-03
7.775401539835691267e-03
6.919149898892418271e-03
7.685120480171114821e-03
7.673313283672378304e-03
7.728172753840079068e-03
7.294143335118907778e-03
7.471225027509076355e-03
7.392751164343458470e-03
7.325388412289024487e-03
7.069136771345685410e-03
7.190653290600423908e-03
7.645464951303471146e-03
6.711435532582354924e-03
7.532961669416748940e-03
6.943376695140113242e-03
6.264902831974561437e-03
5.530873413253534210e-03
4.219066216754496779e-03
2.929481242477716130e-03
1.551007379312130396e-03
-2.052442616310434786e-04
-1.861495902574450412e-03
-3.928868564177734335e-03
-5.374058351719002147e-03
-6.352532214884631934e-03
-7.442117189161212565e-03
-8.398368830104585570e-03
-8.765731582158986512e-03
-9.010872111991363731e-03
-8.667123770336626620e-03
-7.667819838322320614e-03
-6.624071479265691842e-03
-5.335878675764571533e-03
-4.147685872263551232e-03
-2.526169353008755891e-03
-9.357991452796365905e-05
7.723906667509439217e-04
3.005027914696367652e-03
4.782109607086582059e-03
6.381413521698742208e-03
8.180717436310991353e-03
9.657799128701016755e-03
1.136821438065194201e-02
1.233418473570313534e-02
1.261126642809307086e-02
1.229944961401441272e-02
1.044315016360652937e-02
8.786898522663122435e-03
7.675091326164285022e-03
5.896617462998632320e-03
3.873699155388710125e-03
2.039669736667582001e-03
-9.435968205362410544e-05
-1.995055767441300532e-03
-3.673529630606853225e-03
-5.096447938216952522e-03
-6.374921801382438247e-03
-7.486738615461119295e-03
-7.887482510313570394e-03
-7.421511929034840804e-03
-7.533319125533677330e-03
-6.978459655365809589e-03
-5.856933518531448613e-03
-5.157629603919078320e-03
-3.947214578195912260e-03
-2.603466219139205506e-03
-1.304162304526901295e-03
2.395860545296724098e-04
1.572213392926347098e-03
4.060356921316343737e-03
4.848549742219487868e-03
6.870075879053971768e-03
8.569379793666231926e-03
9.746461486056179346e-03
1.087909873400161320e-02
1.197840264861393944e-02
1.187770656322628682e-02
1.161034381117187486e-02
1.008742550356178658e-02
8.486729418173966089e-03
7.586023715206446916e-03
5.096390931465077934e-03
3.795694846077113382e-03
1.606109871800542876e-03
-4.834751024761496652e-04
-2.795282298974965940e-03
-4.651533939918350846e-03
-6.630007803083981521e-03
-8.430703888471668961e-03
-9.931399973859500463e-03
-1.043209605924722005e-02
-1.113279197061367576e-02
-1.083349784760256895e-02
-1.044535285356618104e-02
-1.072382671673166588e-02
-9.435633913230434544e-03
-8.747441109729470199e-03
-7.392581639561690565e-03
-5.548833280505038879e-03
-3.860640477003851601e-03
-1.983558802016061051e-03
-1.398104255572185650e-04
1.370604547959675124e-03
3.181009689270486440e-03
4.713597706577088431e-03
4.924013028136720038e-03
6.145540313512110053e-03
6.511509450413566213e-03
6.333035883084425777e-03
5.921230130962684690e-03
5.287200712241646450e-03
4.397615737964932769e-03
3.508030763688219089e-03
2.418445789411638458e-03
1.628860815134913764e-03
3.725992646426146138e-04
-2.059238562318599364e-04
-3.621754971753210484e-04
-6.184271381185491023e-04
-1.119123223506268694e-03
-1.575374864449585743e-03
-1.898293172059695166e-03
-2.032322590780788474e-03
-2.121907565057257194e-03
-2.278159206000718306e-03
-1.956633069166269223e-03
-1.501773598998612513e-03
-9.358126352995155273e-04
3.078879142925927681e-04
4.294140337248730788e-04
1.584273521294754516e-03
2.428021880351294293e-03
3.093992461630223900e-03
3.615518581062571180e-03
3.914822513076843258e-03
4.491904205466967781e-03
4.780097008968087202e-03
4.634956409527268839e-03
3.889806331723866251e-03
3.800173547982454991e-03
1.777255240372421774e-03
7.210035994290597827e-04
-1.490803597069878528e-03
-3.980388571346527016e-03
-6.481084656734137361e-03
-9.392891853233220623e-03
-1.201581016084307674e-02
-1.426095069067534471e-02
-1.572831344272984655e-02
-1.649567619478431446e-02
-1.662971552498793137e-02
-1.603046086615123045e-02
-1.587560139598331865e-02
-1.505407525914892464e-02
-1.425477134453667638e-02
-1.313324520770209336e-02
-1.143394129309005525e-02
-9.412415156255571347e-03
-7.535333463865589998e-03
-5.247140660364357778e-03
-3.025614523530006927e-03
-6.818757820530318980e-04
2.139602545316643400e-03
4.005573126595662892e-03
5.993765930096706107e-03
7.281958733597715394e-03
8.281262648210052646e-03
8.091677673933261872e-03
6.835426032989921907e-03
5.323618836491017525e-03
3.878478306658772468e-03
2.188893332382146895e-03
7.215305803277560770e-04
3.193598847117673500e-05
-1.357696795270091350e-03
-2.702837325102347421e-03
-4.103533427892269714e-03
-5.115340606989038363e-03
-6.271592247932389341e-03
-7.627843888875607270e-03
-9.106317752041181990e-03
-1.014034717076228720e-02
-1.165215436726119158e-02
-1.244173935893999605e-02
-1.295354655543889955e-02
-1.402091890767098725e-02
-1.322166280252345949e-02
-1.233346999902229513e-02
-1.147861052885468247e-02
-1.039041772535342911e-02
-9.102224939254388580e-03
-8.036254340573534272e-03
-6.770283759294559722e-03
-5.493202066904512293e-03
-4.093898152292330117e-03
-2.705705348791220821e-03
-1.206411345661462242e-03
9.039544242863684076e-04
2.614369450009590423e-03
4.069228920177470066e-03
5.735199501456400561e-03
7.078947860512996293e-03
8.300473997347346256e-03
8.355333467515158041e-03
7.065748493238488415e-03
5.798385741184186593e-03
4.131022989129595757e-03
2.396993570408567642e-03
1.385176756329875580e-03
4.399884170328549615e-04
-1.071818779465938398e-03
-2.039181531520384283e-03
-3.617655394685947989e-03
-4.773907035629298967e-03
-6.363492009906046576e-03
-7.230854761960392452e-03
-8.720439753639119829e-03
-1.014335804384702833e-02
-1.142183190701262507e-02
-1.240030577017825486e-02
-1.212323369536794093e-02
-1.246842203466480559e-02
-1.186911812005264633e-02
-1.111425864988480061e-02
-9.826065846383791325e-03
-8.693428598438246446e-03
-7.294124683826064270e-03
-6.061487435880530406e-03
-4.839961299046180443e-03
-2.707324051100412632e-03
-1.996909042779271282e-03
-2.420591727890775147e-04
1.134974710136127385e-03
2.567611958081750245e-03
3.589138060111962680e-03
4.710664231750705255e-03
5.354412590807267058e-03
6.109272060975112772e-03
5.430798197809560968e-03
4.374546556866198976e-03
2.373850471478422541e-03
-1.046233916870420444e-04
-2.071986143741488817e-03
-4.817136585056336351e-03
-7.406770815108432160e-03
-1.000746690049614251e-02
-1.265260743032825541e-02
-1.503108131089625488e-02
-1.638733293443728201e-02
-1.632136235315828632e-02
-1.563316954965721095e-02
-1.478942119060078220e-02
-1.330122838709957289e-02
-1.091303558359846271e-02
-8.991519064343811429e-03
-6.970040736974048023e-03
-4.804070155695172595e-03
-2.571432907749526819e-03
-3.721289931374327509e-04
2.149397143697107104e-03
4.004256613864942693e-03
5.636893861810543527e-03
6.058419998644870574e-03
5.135501691034827232e-03
2.612583383424849082e-03
-6.658904797407494414e-04
-3.266596182708303431e-03
-7.089562299782969923e-03
-1.137914727405975324e-02
-1.537984335944742043e-02
-1.829165057334847244e-02
-2.028123554762506497e-02
-2.021526494894398951e-02
-1.851596103433184037e-02
-1.563887934194185814e-02
-1.199513098288507162e-02
-7.706938179384059673e-03
-2.718745375883013793e-03
1.002771143371772311e-03
4.446471692963638311e-03
5.790220052020345065e-03
6.111746188854794148e-03
4.422161214578057553e-03
1.088131795856983608e-03
-2.468119862488515892e-03
-6.346593725654048335e-03
-1.013617869993077569e-02
-1.373687476791640716e-02
-1.617090418663746920e-02
-1.754938795935190310e-02
-1.748346663578215221e-02
-1.577305161005893019e-02
-1.288485880655776405e-02
-9.585554891945458067e-03
-5.708473216957554719e-03
-1.675835951609916386e-03
1.579023501155796261e-03
4.622771877614506586e-03
6.955409125560030326e-03
6.732490817949909889e-03
5.209572510340043650e-03
2.153311251816947269e-03
-1.202988198591103952e-03
-5.448128728423262679e-03
-9.793269258255521414e-03
-1.418285423253207167e-02
-1.757243920680884308e-02
-1.972869084775219495e-02
-1.968494248869545604e-02
-1.771897190741655859e-02
-1.544189021502662129e-02
-1.034258630041451354e-02
-5.465514225604151122e-03
-1.144035898234418980e-03
2.799712460822223470e-03
5.643460819878876045e-03
6.464986956713270061e-03
6.019846426881247936e-03
3.463594785937829101e-03
4.740098638674750120e-04
-3.182241829282284051e-03
-7.716271126188445351e-03
-1.175030066672433371e-02
-1.666210786322330772e-02
-2.025170274704879425e-02
-2.143022557208729140e-02
-2.105314243532008245e-02
-2.015383852070784521e-02
-1.832120127276237742e-02
-1.555523069148334603e-02
-1.237814899909339683e-02
-9.678845084481135785e-03
-6.823985614313410331e-03
-3.502459477478847560e-03
-2.169822229533435731e-03
-4.371849815877348888e-04
7.322013458654907936e-05
-1.638636319621467052e-03
-3.905999071675658740e-03
-6.706695157063680135e-03
-9.874057909117994747e-03
-1.231919843895024069e-02
-1.470878341322690019e-02
-1.712059060972581648e-02
-1.855462002844676661e-02
-2.033309389161241931e-02
-1.988934553255583548e-02
-1.913449567996783340e-02
-1.810190624148699801e-02
-1.684704677131931838e-02
-1.508107619004039890e-02
-1.252621671987252938e-02
-1.068246836081587769e-02
-8.805386668425896346e-03
-7.039416087146865841e-03
-5.806778839201442999e-03
-3.996363813478120974e-03
-3.374837676643593909e-03
-3.242200428698049919e-03
-3.620683909443367376e-03
-4.332538915407080360e-03
-5.522123889683649978e-03
-6.911708881362499390e-03
-8.901293838236901124e-03
-1.077976770140254281e-02
-1.290268600901256502e-02
-1.510338209440031942e-02
-1.634852262423258651e-02
-1.792699648739826124e-02
-1.879435923945260711e-02
-1.869505532484039279e-02
-1.750687243088810963e-02
-1.627428444065159852e-02
-1.450831385937290108e-02
-1.264234327809388159e-02
-1.087637269681507313e-02
-9.543735448869550275e-03
-7.755542645368374011e-03
-5.611794286311644342e-03
-4.634712611323643650e-03
-3.846519494584255128e-03
-3.424991913372643637e-03
-3.481253463864852904e-03
-4.393109918072846121e-03
-5.127139336793873348e-03
-6.850057644403939605e-03
-8.795198174236018573e-03
-1.088478314851282214e-02
-1.280770145612286637e-02
-1.450839754151034278e-02
-1.644242696023168193e-02
-1.837645637895279904e-02
-1.872159690878494320e-02
-1.838895966083942124e-02
-1.704522091936255812e-02
-1.520152038717270671e-02
-1.287999423293617607e-02
-1.072513476276837352e-02
-8.148053070378358242e-03
-5.548749155766086183e-03
-2.049445241153913244e-03
-5.612524376528149617e-04
2.082495921403748618e-03
2.848466502682778234e-03
1.814437083961562003e-03
-7.515750789499620055e-05
-3.009234736080612649e-03
-6.698819710357351020e-03
-1.091062690685629111e-02
-1.556687854779958968e-02
-2.007868574429838571e-02
-2.365715960746417323e-02
-9.542855710253927981e-03
-9.145121222683960660e-03
-2.371480341918286161e-02
-2.188216617123739383e-02
-1.867175114551400394e-02
-1.486134602933963933e-02
-1.110653581688092473e-02
-7.451676346713065335e-03
-3.752372432100803401e-03
-7.419574063775025152e-04
2.012902063790344975e-03
4.134428200624595817e-03
5.655954337459134784e-03
2.388591585404720163e-03
-1.100993388871818190e-03
-4.490578363148589602e-03
-8.780163354827563715e-03
-1.261420237372612441e-02
-1.584827960191192986e-02
-1.778230903803534879e-02
-1.877189399490986066e-02
-1.857259008029765734e-02
-1.597328616568538528e-02
-1.390731558440649884e-02
-9.985789447572224198e-03
-6.230929977404264797e-03
-2.276070524638629244e-03
1.612122296264617560e-03
5.322527704408108740e-03
8.088450476222419638e-03
1.088775439083455865e-02
1.230928052766910863e-02
1.157525110894797038e-02
9.285666134671299865e-03
4.873858938172381805e-03
1.639829519451296846e-03
-1.894199916671945871e-03
-4.683784890948672341e-03
-7.651147643003008980e-03
-9.418510377655398003e-03
-9.885882747289631567e-03
-9.475515531030986871e-03
-8.442878283085430979e-03
-6.721352146251025061e-03
-3.877603787194372487e-03
-1.922744317026547911e-03
1.576559597585736050e-03
4.386974623308947940e-03
7.086278537921097964e-03
9.641138008089078504e-03
1.102933081159007678e-02
1.148418037220899635e-02
1.058343502911207601e-02
8.427183388168724143e-03
5.993153969447551077e-03
3.125791217393203425e-03
3.362062431165879772e-04
-2.008934286715557960e-03
-4.731852594325736128e-03
-7.454770901935581229e-03
-9.622133653990116997e-03
-1.075616307271121119e-02
-1.104574804698787993e-02
-1.052423152773318549e-02
-9.236086533696896694e-03
-7.081227063529094146e-03
-4.793034260027972948e-03
-2.082619234304528000e-03
9.500180136409186460e-04
3.060433039364207630e-03
4.904181398420859317e-03
6.925707535255454239e-03
8.213900338756574548e-03
8.957648506389470633e-03
9.356952612425306626e-03
9.011802465013318830e-03
8.399947459049705856e-03
7.354806929217416744e-03
5.898555288274098807e-03
4.775636980664188513e-03
2.852718847075608188e-03
7.520225876664898834e-04
-1.470895719943632329e-03
-3.560480694220213849e-03
-5.338954557385755528e-03
-6.717428420551230239e-03
-7.818134123518838408e-03
-7.874433573926920005e-03
-7.452907437092481935e-03
-5.709159095438121057e-03
-5.420966274534588791e-03
-2.932773471033489621e-03
-1.111247334199094716e-03
3.213899137465281441e-04
2.442916050580890008e-03
4.086664409637563722e-03
5.830412768694337444e-03
7.218605554793144918e-03
8.195677355036457001e-03
9.561598678606286761e-03
1.081645814877396639e-02
1.000465095227531798e-02
1.033728820022083994e-02
9.492147670388306757e-03
8.258118251667223575e-03
6.490755499612865798e-03
4.456726080891759700e-03
2.078252217726284101e-03
-3.113327565503754002e-04
-3.234251064160531541e-03
-5.823845656016901629e-03
-8.913478439758204530e-03
-1.094750787588161245e-02
-1.203709283275600228e-02
-1.311556669592151003e-02
-1.312737389242046859e-02
-1.309473664447491359e-02
-1.250654384097382721e-02
-1.156279548191718742e-02
-1.036349156730487220e-02
-9.030854319359349347e-03
-7.464893355660362495e-03
-5.676748379025986502e-03
-3.766333335900595713e-03
-9.448071990660888986e-04
1.454496715546205188e-03
3.620467296824969594e-03
5.919771211437163672e-03
7.852408459382731465e-03
9.607267929550578067e-03
1.006212739971834580e-02
9.139209092108413479e-03
7.727401895609498084e-03
6.104473678450572649e-03
3.859284186745526313e-03
2.114145101290487716e-03
1.134489636963609271e-04
-2.320580402818461785e-03
-4.676832043761680602e-03
-7.277528129149613001e-03
-9.644890881204015720e-03
-1.154558696659180317e-02
-1.304628306938171445e-02
-1.411364585624030887e-02
-1.490324077873728115e-02
-1.584843047540074323e-02
-1.660468211634424929e-02
-1.577204486839867137e-02
-1.552829650934184347e-02
-1.486232592806302488e-02
-1.376302203085288944e-02
-1.228594037326713462e-02
-1.097552534754375753e-02
-9.398443602947392783e-03
-7.888028612028419317e-03
-6.277613568902995489e-03
-3.833874821625338214e-03
-1.990174260431798459e-03
-1.797592347085874565e-04
1.663989124348175253e-03
3.307737483404737944e-03
4.629263620239076893e-03
5.506345312629057354e-03
5.050093671685851326e-03
4.604953141853607157e-03
3.893145945354725690e-03
2.870227637744804383e-03
3.180642663467958542e-03
2.768825849389311422e-03
2.356970843425898465e-03
1.500719202482403425e-03
1.100023099692593043e-03
3.215492365268302066e-04
-9.902579425697943805e-04
-2.279842916846352985e-03
-3.891650113345357376e-03
-5.647901754288531251e-03
-7.226375617454205980e-03
-9.171516147286395970e-03
-1.042777769777869512e-02
-1.167296748531987394e-02
-1.297366360551199804e-02
-1.426324854498428607e-02
-1.516394463037218365e-02
-1.557575182687098714e-02
-1.539866983864490724e-02
-1.487714225743319574e-02
-1.418894945393212037e-02
-1.302297887265313481e-02
-1.175700829137438230e-02
-1.039103771009552979e-02
-8.125077038365402515e-03
-6.425822398864244889e-03
-4.637629647569641023e-03
-2.682770125195466093e-03
-1.027910637625639723e-03
9.602821658755145151e-04
2.292919413821148389e-03
3.892223328433419560e-03
4.958193909712194092e-03
5.268608935435570295e-03
4.556801738936688828e-03
3.133883431326700553e-03
2.355399950581316126e-03
2.435449446177573307e-04
-1.290484474103403834e-03
-3.713402816517663574e-03
-5.758543311545682997e-03
-7.981461636557773964e-03
-9.915491037876700275e-03
-1.188285378993114705e-02
-1.350577211494330410e-02
-1.511757929404011769e-02
-1.612938649053896611e-02
-1.600786997128422762e-02
-1.610861386613660073e-02
-1.588708772930225166e-02
-1.506556159246774662e-02
-1.397736878896671531e-02
-1.266695385025407017e-02
-1.072320543899119016e-02
-9.012790395865555304e-03
-6.613486463851181441e-03
-3.591960327016807675e-03
-1.870434137975940381e-03
1.006647502207580480e-03
3.561497062826601834e-03
5.960751702327571344e-03
7.393388967675162959e-03
8.481581771176416318e-03
7.847552335053076256e-03
6.080189582998718478e-03
3.468382403901903999e-03
1.101019651847501279e-03
-1.455231989095917555e-03
-5.233705887065731588e-03
-7.412179715427069659e-03
-1.006844097395009907e-02
-1.252474042435802737e-02
-1.442543650974581482e-02
-1.511502148402243950e-02
-1.472682868052144212e-02
-1.383863591182454833e-02
-1.211710974018587184e-02
-9.795583603351420976e-03
-6.762946355405974330e-03
-4.041420218571567524e-03
1.023281404851639209e-04
3.090520943986208025e-03
5.523148574352099160e-03
7.222404679499527802e-03
7.243930816334120948e-03
5.921012508724010637e-03
3.564760867780791820e-03
1.419620337948623856e-03
-1.881075747439231449e-03
-5.181771832826975732e-03
-8.660245695992552228e-03
-1.120538622582489818e-02
-1.397274899528155867e-02
-1.545122284104472055e-02
-1.562970632179017105e-02
-1.493045021664274330e-02
-1.313114631943268495e-02
-1.045406460964048989e-02
-6.599205139472652526e-03
-2.788790113749328725e-03
1.877180467529493413e-03
6.332039937697375720e-03
1.042023263678559797e-02
1.346398110025515127e-02
1.405217390375612663e-02
1.296257901993058681e-02
1.078405589905606643e-02
8.394470924779406928e-03
4.660441506058377037e-03
6.930788062101678193e-04
-3.240950664717412444e-03
-6.908313416771783011e-03
-9.297898391048331490e-03
-1.100970558754732487e-02
-1.173262389515727921e-02
-1.198887541428572678e-02
-1.157846051037725310e-02
-1.074583288001151882e-02
-9.368798997086313918e-03
-7.447272860251930027e-03
-4.903524501195133389e-03
-2.459776142138436761e-03
6.617499946960370139e-04
4.272165003017303064e-03
6.627024490587052341e-03
9.404106165575076837e-03
1.150341009758926170e-02
1.142493621702167506e-02
1.122423053145626959e-02
1.087904219215929391e-02
1.032279055121598788e-02
9.610983476531886893e-03
8.665842824884917306e-03
8.076257902814520939e-03
8.053339542998250167e-03
6.530421235388272905e-03
6.274169594444822806e-03
6.040140175723740512e-03
5.117221868113586147e-03
4.660970227170380120e-03
4.526931190869554200e-03
4.203965073794724283e-03
3.869935602867191626e-03
3.647017347463643588e-03
3.579654595409320628e-03
4.112291843354709542e-03
3.200484646855850102e-03
3.722010783690277158e-03
3.865759142747005050e-03
3.498396390692493085e-03
3.719922527527064204e-03
3.797004219917021750e-03
3.896298223046601450e-03
4.051108437438943888e-03
4.183745685384487878e-03
4.194160711107897122e-03
3.949020181275741948e-03
4.348324043681572881e-03
5.025405788278036745e-03
4.946931925112307837e-03
4.590680284169090797e-03
4.745539754336891569e-03
4.644843668949127924e-03
4.821915743759230821e-03
4.732282960017819562e-03
4.509364652407921170e-03
4.664224122575610920e-03
4.719083575341231906e-03
4.596165285133402278e-03
5.351024720497088438e-03
5.472550874733417281e-03
5.582965900456815511e-03
5.704492054693477421e-03
5.337129302638965456e-03
5.603099883917939117e-03
5.413505292061415730e-03
5.634983619431155333e-03
5.656509756265526434e-03
5.533591448655506007e-03
6.521784252156659356e-03
6.398865927144670174e-03
6.375947636936718510e-03
6.175251551548854856e-03
6.296777688383325966e-03
6.462748269662088596e-03
6.328718850941106311e-03
6.283578321108929110e-03
6.160650102016274055e-03
6.037682538630906315e-03
6.036986453243131656e-03
6.447401478966496846e-03
6.468927911637223360e-03
6.357122159515671278e-03
6.400870518572299162e-03
6.022396655406603294e-03
5.988367236685498973e-03
5.898782262408919230e-03
5.620308399243323372e-03
5.575157957928733587e-03
5.429968154918696222e-03
5.440383180642105465e-03
5.984131539698789304e-03
5.972324360601910520e-03
5.571628275214290937e-03
5.626487745381991701e-03
5.448013864814416074e-03
5.269540001648920224e-03
5.368843916260912508e-03
5.057036702359907210e-03
5.311896172527807991e-03
4.922301586471999890e-03
5.232668814332042118e-03
5.787528301901989636e-03
6.020165532445442835e-03
5.786136113724249519e-03
5.852106712405324984e-03
5.695855054059784095e-03
5.717381208296457018e-03
5.594462900686436591e-03
5.482655704187489043e-03
5.426404063244238962e-03
5.547920570897479919e-03
5.524954465424114503e-03
5.335369491147434751e-03
6.045784499468687123e-03
5.845088414080934491e-03
5.788836773137573388e-03
5.454807371818581885e-03
5.576333508652941973e-03
5.564526312154094434e-03
5.719385764919593385e-03
5.207578585822991712e-03
4.973549149699718619e-03
5.239509823363408536e-03
5.260986717957272241e-03
5.771401726278435618e-03
5.604038974224012648e-03
5.725565128460563535e-03
5.602646803448463331e-03
5.601950735462879472e-03
5.267921612577941559e-03
5.589449193789453041e-03
5.322086441735041085e-03
5.276945911902974906e-03
5.842916493181804505e-03
5.764432718533774036e-03
5.819242932926127487e-03
5.762991291982766384e-03
5.940072984372712916e-03
5.617154659360745761e-03
5.516458573972871093e-03
5.582429155251755759e-03
5.492844180975176016e-03
5.236592540031725918e-03
5.424785360935047152e-03
5.101867035922857951e-03
5.245605794802044031e-03
5.744861899949493811e-03
5.666388036783875926e-03
5.765691951396090253e-03
5.676106977119399488e-03
5.553188669509379061e-03
5.452492584121504393e-03
5.451796498733840757e-03
5.462211524457138978e-03
5.417070977222882000e-03
5.149708225168470044e-03
5.182345490515882780e-03
5.914973120881850122e-03
5.225340337140504943e-03
5.735755362863748097e-03
5.812837055253816665e-03
5.567696525421661491e-03
5.544778200409328228e-03
5.266304354646034191e-03
5.610052696300549258e-03
5.387134388690539843e-03
5.297549431816150900e-03
5.007964440137180340e-03
5.729480682891363585e-03
5.895401990992699126e-03
5.739150367451428814e-03
5.771787615396983817e-03
5.415535974453655754e-03
5.525951000177053984e-03
5.347477119609367335e-03
5.313447700888151992e-03
5.201640504389204445e-03
5.134277769736850239e-03
5.789137222502627189e-03
5.010663672575521588e-03
5.876625786749078983e-03
5.831436001141332426e-03
5.686295471309166238e-03
5.474488274810229704e-03
5.529347744978041490e-03
5.561984992923485471e-03
5.239066667911407293e-03
4.893926138079152111e-03
5.171007847871389451e-03
5.870311745081457921e-03
5.280726788207013023e-03
5.924475147263574826e-03
5.757102777629308221e-03
5.711914438332299504e-03
5.700107241833451965e-03
5.554966712001174756e-03
5.365381737724606026e-03
5.253574541225658479e-03
5.308433993991390487e-03
5.107737926005717632e-03
5.795930712104713223e-03
5.828567977452348003e-03
5.716760780953400456e-03
5.816055077985882171e-03
5.515311183133420059e-03
5.447948431078875053e-03
5.691696790135480910e-03
5.413222909567916297e-03
5.256971286026757006e-03
5.300719645083384890e-03
5.277801320071273672e-03
5.010438568016861716e-03
5.187520277808999047e-03
5.631268619463614122e-03
5.697239218144467543e-03
5.507644332385264185e-03
5.529121213444287974e-03
5.306202888432309805e-03
5.372173487113274248e-03
5.482588495434481679e-03
5.415225743380047696e-03
4.903418546881144202e-03
5.213833572604520405e-03
5.235359726840971284e-03
5.701330290717843141e-03
5.767300889398918606e-03
5.588827008831120935e-03
5.510343533886463696e-03
5.331821872857744893e-03
5.586681325623343852e-03
5.141540795790988660e-03
5.140844710403214002e-03
5.206815291682209690e-03
5.183897001474258026e-03
5.683200916086539323e-03
5.649171497365323980e-03
5.659586523088733223e-03
5.714445993256545009e-03
5.535962512511094502e-03
5.268551933589882275e-03
5.390078087826433162e-03
5.356048669105439863e-03
5.044241455204323543e-03
5.010212036483219222e-03
5.231738190719870119e-03
5.719930994221078535e-03
5.874790464388768285e-03
5.729649934556491075e-03
5.517842738057665564e-03
5.461591097114415483e-03
5.294218715878762360e-03
5.482363721516336774e-03
5.326112080573208729e-03
5.192082644449924622e-03
5.180275447951077084e-03
4.957357157743036424e-03
5.578883277175483713e-03
5.789298320300839684e-03
5.888602234913054012e-03
5.599017260636496296e-03
5.520543380068687611e-03
5.542059622822836928e-03
5.363536503881771722e-03
5.373951512202879144e-03
5.317699871259740085e-03
5.261448230316267960e-03
5.094085495664035790e-03
5.815611632498551842e-03
5.826026658221850063e-03
5.380886110987415094e-03
5.613523376335138870e-03
