-6.237788981470144023e+01
3.743400057252095625e-02
-7.521325411258461546e-02
-6.450657260422835293e+01
2.063519800163458342e+02
-6.550956044621025320e+00
1.642562507694280782e+02
8.128084258990111266e+01
1.310566790704576192e+02
-5.501127209740899389e+02
1.733983544009472837e+02
1.778151929407552814e+02
1.329735379995389977e+01
-3.813582777225836367e+02
-1.860714331672965329e+02
8.749895423334191946e+01
2.432296740617825606e+02
-2.625978880054547204e+01
-2.112356889504151809e+02
-3.918218991502851054e+02
-1.967527268069297577e+02
1.865254672706218173e+02
2.579242806235084231e+02
-1.664608083874320812e+02
-5.196008943936583364e+02
-6.811408913641500362e+01
2.447375749161407441e+02
-1.503749265291953385e+01
-1.397728983841294053e+02
2.734559651070131991e+01
-1.615323211388382276e+02
-9.128924801868123495e+01
8.688672179583240052e+01
1.955771383201415006e+02
-2.618808510436315373e+02
-6.141944153737568257e+01
8.848465549217972637e+01
8.942300654283499739e+01
2.768649863832272828e+01
9.479791494931822271e+00
-2.957989348857650214e+01
-1.421827302798197081e+02
-4.741746675534229638e+01
5.416720335531370267e+01
7.110044167820844585e+00
3.684698062615306924e+01
-6.488430130718496969e+01
2.592722016379276351e+00
-7.268442746592545234e+01
5.336179129269681454e+01
5.561464647416668328e+01
7.554275552844609720e+00
2.087794701199745973e+01
5.933047182793954377e+00
-3.049837655708664030e+01
-2.186633198364677355e+01
1.585947619620768734e+01
2.182558549390897440e+01
2.191838344146288531e+00
1.687658377859865411e+01
-3.757445985249833598e+01
-3.596062513546768002e+01
-4.426600422226692366e+00
8.605290240405909685e+01
-8.020860746379852912e+00
-5.074996992941104423e+01
-1.029356640098715303e+01
3.499875234127727452e+01
3.753089888993621770e+01
-8.044808315314435632e-01
-3.957364765128977613e+00
-2.015452846685586152e+01
6.489701736596835246e+00
3.248522701584918337e+01
3.268733486193722371e+01
-2.148146037751376980e+01
-4.631253227157051100e+01
1.822053657200267196e+01
3.501064755101126735e+01
-2.420561639305118007e+01
-2.689676739887887891e+01
2.074914696749665666e+01
2.430659971899320126e+01
-2.654091745466961783e+01
-1.752518769654476571e+01
4.691856271163540093e+00
1.364519123389328215e+01
2.912142753614931223e+01
-8.281551872077555387e+00
-9.225711418720216273e+00
-9.556954192819096860e+00
1.027104300145709281e+01
1.536699062888477130e+01
5.853581135489840825e+00
-2.535042937793157591e+01
-6.183194234053743799e+00
7.531205453110260128e-01
2.011766582181968843e+01
2.069435553775680781e+00
6.880998567600746796e+00
4.019212747689609344e+00
1.677786622276138573e+01
1.537428352113878383e+01
-5.379590301928927509e+00
2.813980707614793531e+01
9.090235058246920019e+00
-1.228101748506483837e+01
-1.748329197426833304e+01
3.879801208973054027e+00
2.292785902870611281e+01
-2.624629410883293712e+00
-7.909945466070404052e+00
-2.963872646988593207e+00
-1.934258634654464615e+01
2.488912688357623537e+01
1.602170267452528662e+01
-6.694510506476868628e+00
-3.562451075202513806e+01
4.522875251081832637e+00
3.518571584498543814e+01
-3.962996699879369533e+00
-1.159478476128487934e+01
-8.934548381102969117e+00
1.975160075923452752e+01
3.637783209889510427e+00
2.257074113138915816e+00
-7.712144802846675695e+00
-1.449245190909879888e+01
1.685122231871744347e+01
2.136128006734576701e+01
-8.561301287753112277e+00
-1.664416401568061588e+01
2.614094843338882868e+00
2.816012178146814904e+01
2.233266895838104560e+01
-2.277360728870338191e-01
-2.803397233882037654e+00
-9.669716162502322021e+00
1.950018945717172869e+01
1.482546824301238786e+01
-1.009005615782442611e+01
-3.794889075058511452e+01
1.368408774633019398e+01
1.223580251829461041e+01
-5.390988459214331563e+00
-2.032383912404809223e+01
1.637648395702653525e+00
7.095948682973628685e+00
-2.003503337033072818e+00
-2.203031295524876754e+00
-4.274927890924073104e+00
3.391478441681890388e+00
1.570541272218838769e+00
-1.771214349988150735e-02
-1.616454116334668711e+01
-1.586158262682925368e+01
2.186545488011131688e+00
2.634029170677487031e+01
-8.420423510958682911e+00
-1.377065169987660020e+01
4.727566919288609171e+00
1.091954133466123267e+01
1.419656152739002053e+01
1.533567121824408019e+00
-3.579863016273984400e+00
1.312238381302072376e+00
4.595685383050793327e+00
7.736300366850875854e+00
-2.703850478687855663e+00
-1.697966346990455122e+01
9.625348635992738267e+00
1.394736371033722655e+01
-9.101420758358560459e-01
-3.776676036667592484e+01
1.074572103150133984e+01
1.704476396009449957e+01
1.528831087705411429e+00
-1.951324244817088172e+01
-1.057459495804514482e+01
6.922387136986072331e-01
3.856558342021220831e+00
1.001427079025694944e+01
-3.464569690261146917e+01
-1.621228437900084884e+01
6.664749417268607701e+00
2.179009776675381715e+01
-4.485801142256113927e+00
-2.150485412573724986e+01
-7.365104093709391009e+00
4.303705171169874610e+00
5.643047887300051357e+00
1.553549813465775742e+01
-1.515548581352430091e+01
-5.486505618259023720e+00
1.286368876100329040e+01
3.311251561125265397e+01
-1.726611569806069468e+01
-3.036549339476738751e+01
1.586396587469289976e+01
1.739414177618603574e+01
-2.548109581117986799e+00
-2.899686385539113331e+01
-8.047482816887407964e+00
-5.104673884172951759e+00
6.882897777993489896e+00
2.047339937873555371e+01
-1.003702407671853969e+01
-1.577381391948271450e+01
6.607947287029769079e+00
1.557214623326533420e+01
6.602427582540548734e+00
-2.141863123941701730e+01
-1.949236150837675652e+01
3.426582316669897210e+00
-2.009090106750183935e+01
1.736603986341539674e+00
-8.623838379063013093e+00
1.515246010299255985e+01
-1.426055497420163753e+01
-5.697137321570398427e+00
2.156046404463220156e+00
1.961127849498067377e+01
1.637442043751149967e+01
-4.802318376807835354e-01
-1.841379899504129725e+01
-2.524932195204042884e+00
1.105951065539535705e+01
2.964231796003648256e+01
-9.366968326082028895e+00
-2.227526811586893363e+00
-1.604095526793045678e+01
-1.020433164634126122e+01
3.097778403970219330e+01
4.190274802305823165e+00
-3.186012271949121910e+01
-4.308951459305220055e+00
3.707070523797597872e+01
-5.029998823600330127e+00
-3.694291658676826984e+01
8.910958800913535427e+00
4.865909486511470305e+01
7.008862143357431407e+00
-4.165514473772127957e+01
-1.867934786548010706e+01
6.671443614692909918e+00
-1.104474287315199366e+00
4.045590472800927984e+00
7.423693219940589394e+00
-4.861302413413681478e+01
-3.790544221628948662e+01
3.682354253600056637e+01
7.331040045290134799e+01
-4.361054439972750174e+01
-2.874371829054166483e+01
2.133175147907285663e+01
3.684067267310247473e+01
1.943951762355672130e+01
1.756063645339271417e+01
-1.356635596868529348e+01
-2.692992205962433871e+01
-2.425456138917241766e+00
2.413357415560345842e+01
2.107385861975132713e+01
-8.009589380272696957e+00
-1.504758796283812394e+01
1.355594243503100493e+01
-5.890310603813960455e+01
2.880732793012107962e+01
5.291682615777487086e+01
5.779020154688532074e+01
2.549082312216446411e+01
2.519308210236741630e+01
-2.643218378158957549e+01
-6.868292775762755298e+01
9.723585517450402449e+01
1.036903341731481198e+01
1.291659817154600098e+01
3.952187656030655916e+01
-5.531035874934915597e+01
-8.114848634309991837e+01
-3.227068478438733479e+01
2.295235532326625503e+02
7.454541966958957744e+01
-9.061593220171877761e+01
-1.373769644001272461e+01
8.352417124154322892e+01
7.046125290570014954e+01
6.954740888861438464e+01
1.012665133198469789e+02
-1.495242789783916919e+02
-1.431033497947097999e+02
1.309980848916886771e+02
4.178944801193856620e+02
1.625404259101542337e+01
-2.416142375907143673e+02
-1.633745992409921257e+02
2.954730823927066581e+02
8.676216705229980164e+01
1.661123518431852517e+02
-4.718924917578464573e+01
-2.061020038018172329e+02
-1.512800933047849696e+02
3.097029389027417778e+02
1.164951468730352957e+02
-8.221610743066362659e+01
-4.504648241310993058e+02
1.559481262707099063e+02
-1.158278252540739572e+01
-1.091129273838124760e+02
-8.947784901837339078e+01
-1.003403737812768100e+02
-1.463667838660373945e+02
-1.053825471065863155e+02
4.844545101088351657e+01
9.187649352749556897e+01
-5.981078867132533361e+01
-1.672608836412534856e+02
-8.320199580706280074e+01
-1.108483152119251827e+02
-1.366402546027355243e+02
-5.128083717162623856e+01
2.829964557396784812e+02
-3.889051330724249169e+02
-1.385560464931773197e+02
7.115643574835404195e+01
3.525627291698158388e+02
-7.353594711586569588e+01
-1.755719185980681516e+02
-1.354467269104511615e+02
1.112731524719912812e+02
1.225697290747826145e+02
3.893267430403648177e+02
-5.203866617029024155e+01
-2.666684805144465145e+02
-1.060900624129406964e+02
3.730275315507458913e+02
2.825142754278506914e+02
-5.888049862781100074e+01
-2.096878405704102306e+02
8.504515621598984865e+01
7.172605118027819060e+01
7.989963840253274441e+01
1.443853826637217992e+02
2.608498271016708259e+01
-1.186612955714106477e+02
-6.751500214459786875e+00
3.032580899582643497e+02
3.134500784623460934e+00
-9.114843453893156777e+01
-8.132255977816600989e+01
2.864179504397252174e+01
6.743504955403150980e+00
3.746842245484048561e+01
1.263644436959782240e+02
-4.093122617542911001e+01
-4.578153857123937343e+01
2.912690805735391564e+01
7.715400387733946985e+00
6.167719526975745481e+01
2.578882407011461098e+01
5.784203563244282975e+01
-6.712246490680986710e+01
-1.654900954453618311e+01
-1.953775451776484573e+01
-8.016165153704424284e+00
8.926202266417833542e+00
1.728416107538772195e+01
6.453714053119944616e+00
-1.654479936969998732e+01
-1.292462423424294649e+01
5.972198715892741205e+00
6.375858929048875190e+00
2.538338724227075716e+01
2.241973034622787608e+01
-9.180023901897923722e+00
-4.232765663180980908e+01
3.748433758804834781e+01
3.094121294920926957e+01
-1.175199082149178231e+01
-3.357800129151583945e+01
-7.834063332130843271e+00
6.569050121778787776e-01
3.605577856887444810e+00
8.459455734845262143e+00
-1.193332320663321511e+01
-3.205396910076370176e+01
-5.564795670361926128e+00
2.965974639220075559e+01
1.727579882675246736e+01
-2.401932703532248681e+01
-1.185082921890082197e+01
2.193309222830500360e+01
4.764593021410117757e+00
-2.014015093236226406e+01
-5.834073415647098138e+00
1.996617014305110871e+01
-2.037352115331053870e+00
-6.005123384307389678e+00
-6.330679653767695036e+00
-1.275494403185139980e+01
1.448674369381101812e+01
9.869542358492882528e+00
2.267129585609728881e+00
-1.144190051870565306e+01
-4.185949845792993784e+00
7.240534210059450970e+00
1.554392484035966859e+01
3.485621578475639470e+00
-2.507796999840533836e+00
-1.071150019389785868e+01
6.700104117717468277e+00
-4.558994272632431510e+00
1.727003067503382949e+00
-1.625536763712714361e+01
-1.232785081319452081e+00
-8.223201649431908677e+00
-1.634341539279844469e+01
-1.319560789976766513e+00
8.932709463606274269e+00
8.032379723529906812e+00
-8.781979616231183172e+00
-1.183822690895675933e+01
9.502392585667017499e+00
5.269443766897810022e+00
-1.107840053001887926e+00
4.194998367917631144e-01
-2.145903607299364779e+01
-6.781462230253423762e+00
8.942204275283534898e+00
1.774018507943996781e+01
-1.646989829377170622e+01
-1.657495934680696692e+01
1.390272504363505313e+01
9.872345431178256803e+00
1.256939915971977850e+00
-1.090919693833704507e+01
4.698449574726153877e+00
7.509233053476672692e-01
6.044398019952352819e+00
2.743332733801737255e+00
-1.404524524787370332e+01
-8.749397333607761951e+00
1.287016469717993239e+01
7.952841879067213959e+00
-6.902498014919256519e+00
-2.316556292244879600e+01
-1.098505884872496674e+00
-1.693004688057047069e-01
1.413852043663916591e+00
-1.983835760023870076e+00
-1.363164033904256023e+01
-5.357807805042357430e+00
1.137992205389440237e+01
1.502857128577244517e+01
-2.215876536268889652e+01
-5.501550925770778200e+00
6.470105191679055956e+00
1.070339458090073670e+01
-8.955836179475562986e+00
-2.632804845436324648e+00
3.273529823208720657e+00
3.110772875129015347e+00
1.362332188762318985e+00
-2.665771601454518080e+00
7.070259322933754031e-01
5.917119770927778077e+00
7.410838256464724161e+00
9.259030761768459072e+00
-6.979776211530853480e+00
-1.070832832330522955e+01
1.419956059973993767e+01
6.497647980843079374e+00
-6.039173687991933548e+00
-1.250570121431288051e+01
-3.509234564009151569e+00
9.566273188214732270e-01
2.899638790487788498e+00
-2.971270582148572093e+00
-1.602763693770861364e+00
-3.433016164157882688e+00
4.657726010946640294e+00
5.654674621296856607e+00
-1.088524695340185566e+01
-8.061151983584451841e+00
5.086131959063764363e+00
1.543780677741498764e+01
-1.921291781872622906e+01
-1.013704295911830400e+01
4.273341658246708974e+00
1.447344522679196999e+01
-1.794520501190083550e+00
-1.816330881146865028e+00
-2.640207913406171336e+00
7.687699053695532747e+00
2.210848568739827158e+01
7.178250732453776983e+00
-9.496518627172598315e+00
-9.959682393230549380e+00
9.828313384730206437e+00
1.490367277955725278e+01
-3.217790220461679951e+00
-3.628071674077844921e+00
-2.469556068835478069e+00
-3.099315766812990702e+00
1.472086915534737095e+01
-8.133269004868619589e-01
-8.701817910059771677e+00
-1.195437493728278078e+01
2.236125974677237238e+01
1.006539767039901534e+01
-1.847539322421500074e+01
-8.802305037275797162e+00
7.429891409571472316e+00
1.745260554321602342e+01
-6.689492873810411133e+00
2.487017193883113986e-01
-5.681972317045373089e+00
-7.510865436392617056e+00
1.259730697084514972e+01
5.501733937101095151e+00
-8.810918103394836720e+00
-1.196401660881664775e+01
2.034294309741967233e+00
1.884852077853361152e+01
2.072416773042198290e+00
5.466943340247131466e+00
1.024965086028399419e+01
3.576864863515082593e+00
5.283128241675927761e+00
-2.307674820481623534e+00
1.358668482344765494e+01
2.642266974163172133e+00
-2.926804265272686223e+00
-1.616576211506382776e+01
-9.496657420728911170e-01
7.142888263970044171e+00
9.754465605392736549e+00
-1.684666112176484765e+00
-6.114328646562143810e+00
-1.293692077912362315e+01
1.628026433044394494e+01
7.256663043870415386e+00
9.693912201355788127e+00
-7.104383603433802818e+00
-2.044401386566181600e+01
9.147883928293122580e+00
1.930120944328438881e+01
-1.168928727093354247e+01
-2.164264063999353738e+01
1.513454612299347168e+01
1.681339242560562752e+01
-2.251029628827373941e+01
-2.162070197822994544e+01
1.089345673373788692e+01
2.259586884724954103e+01
6.440875184821579502e+00
-1.024096928463376344e+01
3.394709203613585635e-01
-3.210767162104336769e+00
1.325109151389677287e+01
2.729462404345661142e+01
7.784525392810653699e+00
-3.425400523641624773e+01
-2.158969881685349534e+01
5.001917846764472841e+01
9.416629222185800785e+00
-2.148734072485045132e+01
-2.678010484245862344e+01
4.829390826568085160e+00
-4.698044381150157989e+00
1.377438448768005763e+01
1.640640671646387005e+01
-7.208892500441239193e+00
-2.132340189710298972e+01
-1.293261986518507101e+00
8.956839166844366318e+00
2.336402459443933211e+00
9.557738652182710126e+00
3.169239957308192501e+01
-2.890339051552860283e+01
-1.934637388111055145e+01
-3.589830186850247884e+01
8.351424222850319268e+00
-1.822543986154478546e+00
1.544498361023109645e+01
-9.818448002254402951e-01
-6.527877248220799800e+01
-4.571709476107438164e+00
-4.031337208302684161e+00
1.764392718907920488e+00
3.174100401045480524e+01
4.604479550446234981e+01
-1.011164766111538071e+01
-1.138578786581871327e+02
3.459586777469520058e+01
4.042112198368570120e+01
-2.136738152244545930e+01
-4.753926319575011661e+01
2.655014631861271734e+00
-6.837171908883408378e+01
-2.114716104488736903e+01
1.121106091097553872e+02
2.672270998509052475e+01
-1.875608967943609855e+02
-1.432760562437415217e+02
5.675991272006757526e+01
1.094063772777737427e+02
-1.714888582329628264e+01
-1.744865576370535223e+02
-9.817134563267465808e+01
-5.171769741481764981e+01
8.528862361977076034e+01
8.233857767075370759e+01
-3.999528924633986549e+01
-1.844147537370835721e+02
-3.191233019630539403e+01
7.157465029471296702e+01
1.496201851887953183e+02
-2.200112923330524097e+02
3.425426255104144246e+01
3.628785590194272004e+01
7.393107747478265424e+01
1.107191251645164876e+01
1.002611363749300466e+02
-2.689634954285011759e+00
-4.876556730018381103e+01
-3.254999900178172112e+01
8.282938216666278208e+01
5.296317947016605387e+01
7.584390258099469406e+01
1.845408602800390341e+01
8.845404260036552557e+01
-2.570478293790651136e+01
1.458836294086891305e+00
2.693873135091190534e+02
4.673777416123748907e+01
-7.936900417195629132e+01
-1.336446976956825665e+02
1.566684662386547302e+02
1.298512627327253597e+02
1.091402995215336169e+01
-8.366621964076681195e+01
-1.694061860914547424e+01
-1.767724224443302887e+02
1.579643994594118226e+02
1.705215902812484501e+02
-3.272629539069958327e+01
-2.700730366963563256e+02
-9.961164722070876110e+00
9.393759913741412504e+01
8.572229802948481847e+01
-6.089675107376024243e+01
7.864744148681496405e+00
-1.007063701639447828e+02
-4.364757799980394282e+01
2.892212071632037507e+01
7.473073028699998588e+01
-1.064785429503809695e+02
-1.557956129892792489e+02
2.601561091465408992e+01
4.543970072928322423e+01
2.937865334365750059e+01
-4.345726536834912679e+01
-2.000026543471623341e+01
-2.195673082006357646e+01
-4.704520408628417272e+01
6.540429108528147140e+01
1.020394107681403639e+01
-3.384957277284283350e+01
-2.500967912506244062e+01
-2.535165734971079132e+01
-2.982027790682198543e+01
-2.469619189121396730e+01
3.924262486717875476e+01
-1.446967174097632203e+01
1.311667987548802294e+01
-5.838469460750845386e+00
-6.726590006407568545e+00
-2.957437173964200028e+00
1.676213889794156753e+00
6.920578735041459595e+00
3.371856939753702154e+00
-4.615107047040895694e+00
-7.872102906464213845e+00
-5.940082091778823958e+00
-6.201816180279081436e+00
7.707930312786369420e+00
4.639324075646021228e+00
-2.158582667986028625e+01
-7.784640170287522309e+00
1.019752619867398025e+01
1.294729665788521977e+01
-4.735417260309978005e+00
-9.141599306364180944e-01
-2.024542635072005492e+00
6.600722763523286796e-02
6.025702642038344159e+00
1.236027977837043323e+01
-5.959088652627619886e+00
-1.388848711678863523e+01
1.079037134784764040e+00
1.056967655786678151e+01
-2.105712138787626753e+00
-7.522061665773742689e+00
3.363010490164930477e+00
7.956489585244114870e+00
-2.532775171486103982e+00
-5.256603492389759325e+00
5.427913080329311413e+00
3.092113752807906568e+00
1.401556288492761260e+00
1.227014574540626235e+00
-7.426919197772539505e+00
-4.320111063520405636e+00
1.676353055945116521e+00
4.636300789941182998e+00
-1.419732102771346982e+00
-6.075462388407911973e+00
-2.985300034320011786e+00
-8.000628623102558068e-01
1.748275476102223225e+00
1.546247187903904141e+00
-4.430893772261679686e+00
5.570974911409237729e-01
-1.840166760015751635e+00
5.745135525662101728e+00
-3.926620236502642580e+00
6.321476797726517383e+00
2.957390396586412340e+00
-1.015559979180340244e+00
-3.130036591856209860e+00
-6.157612083681649473e-01
4.554419683456275791e+00
1.967303914316813840e+00
-5.658731811132494904e+00
-1.443262664192000555e+00
1.429126220155844340e+00
5.143046497088682223e+00
7.123422422312245317e+00
5.980886158958419463e-01
-4.382552632447820784e+00
-1.789011840905361472e+00
9.529860026727453359e+00
2.265155283471547154e+00
-7.554273213365750195e+00
-3.673445897979397579e+00
1.666954854798745167e+00
2.282068970949609810e+00
-3.459216430637702899e+00
-1.468099775954947672e+00
-2.388957955387327914e+00
1.742906846065873872e+00
5.379111887294143024e+00
-5.064548359410570022e-02
-6.379162129926507774e+00
-1.111834377183919420e+00
3.775933839890318389e+00
7.499013994332144328e+00
-4.913153345843980446e+00
3.604301450610242763e-01
-8.558364380039739094e-01
3.515641548526049487e+00
3.879992086234503201e+00
-6.634620828684101301e-01
-5.391751844452820741e+00
3.989239186357577682e-01
1.060246876990047049e+01
9.408297202585275132e-01
-3.248788739359339317e+00
-1.345424139159126398e+00
5.598934991492913404e+00
8.180467153948058068e-02
-1.357852111416785190e+00
-1.509034226099944531e+00
2.771084884912142221e-01
8.874796225796621751e-01
-1.097235220359834340e+00
-3.246024856888185095e+00
-6.580198709051444661e-01
-1.917493833416177962e+00
4.678943432918056367e+00
2.859644534039307295e-01
-6.773900668933857006e+00
-1.489080025814919495e+00
3.072239138535780789e+00
5.392628171152721528e+00
-1.967863340385328508e+00
-1.330418931532360460e+00
-8.376574168412144195e-01
1.502198592344700101e+00
-4.985238580264909070e-01
1.201406283730573482e-01
-2.354770465986626427e+00
3.588981569709172592e-01
4.648778359382093051e+00
1.892809566194959325e+00
-3.374840952287595286e+00
-6.249967195634316131e-01
9.158587100613276633e+00
2.853673192625657329e+00
-3.384962939996652764e+00
-4.206258721000367018e+00
3.895177212688087920e+00
1.316441356111018424e+00
6.629189327927771380e-01
-7.401546369567546080e+00
-5.274790474186514366e+00
-5.936849287279951648e-01
4.841131741706928615e+00
1.188460229934426682e+00
-5.121024224411479864e+00
-4.465207511012700969e+00
4.290786948461843942e+00
1.782747408978622827e+00
5.305087530747526481e-01
-2.323331898743034252e+00
-5.769262890678457545e+00
1.824649074957056749e+00
2.771984763521660344e+00
-1.138558177860983456e+00
-1.018739511637003226e+01
5.249820058338720008e-01
7.693466552374314205e+00
1.330753250336715432e+00
-4.234237897389025562e+00
-3.813183153646888091e+00
5.877194808918059898e+00
1.260115769151341381e+00
1.930164537467437880e+00
-2.242432494257466380e-01
-5.682115846030178830e+00
1.795307035505001036e-01
3.680683251873619444e+00
3.770424126003102394e+00
-3.612828166681401054e+00
-6.593042142707042252e+00
3.573131095313756500e+00
-3.517299491112412468e+00
-1.547054612748766544e+00
-2.687627688936258252e+00
-6.070913510839340832e-01
-2.502662912673975448e+00
-4.853166536697370859e+00
-3.664943173114075248e-01
1.495699742521035436e+00
5.124963405151750528e+00
-3.326553334946368068e+00
-4.561795799402084128e+00
-1.546812828855501865e+00
1.392368964178964275e+00
1.660460803234509619e+00
5.667763886943589791e-01
-8.334758404894909489e+00
-5.093842904152582562e+00
-2.145674449755791358e+00
7.095078873434539801e+00
4.840746138463974724e+00
-7.416802837524191894e+00
-4.537815958145236195e+00
8.521748498233295166e+00
4.336746328822369989e+00
-7.924982564702979460e+00
-2.114906809469957683e+00
1.176501885442243633e+01
1.510189140039862155e+00
-7.825286192894112425e+00
-4.328222400149298821e+00
5.231962490286464762e-01
4.438231073461506249e+00
1.748336033077173834e-01
1.358521041533267804e+00
-9.683475990262204292e+00
-5.492649106748622501e+00
4.888927504918799016e+00
1.322011629136051170e+01
-4.462525902477913142e+00
-2.043065317132827374e+01
1.047777402800885271e+00
9.470831502754045061e+00
7.076014826573366889e+00
-8.065140197689368406e+00
-1.591618735216729030e+00
-5.409333215667992079e+00
-4.718813993742360324e+00
5.697282465558913600e+00
7.132089628390672509e+00
-4.825755342086181621e+00
-2.823487223539898228e+00
1.750461909069943589e+00
-8.379194610955728706e+00
-8.158236289325515145e+00
1.247100495696979827e+01
1.046703845817078093e+00
8.625387427629847892e+00
-1.045818150120502033e+01
-1.537687161916686751e+00
-3.410626672159458472e+00
1.348590471798552670e+01
1.819736330001532210e+01
1.361041739862139499e+00
1.058373928547000409e+00
-6.086319875023988857e+00
-6.096744535807107290e+00
-1.052721918488058783e+01
1.129516825124547807e+01
2.242951332815348309e+01
-2.786446806897415485e+01
-5.703468167669251798e+00
1.321924242412027795e+01
7.633926413043780279e+00
-9.948710572792826667e+00
2.388673330870507883e+01
-8.377696878461053487e+00
-3.850252168674062858e+01
1.158091177377190739e+01
7.798685304375429439e+01
2.941062374740063490e+00
-3.233912152972652621e+01
-2.056054956765673580e+01
3.639174985781138361e+01
4.285287467882771750e+01
4.023970699113304050e+01
-5.014784181801372753e+00
-4.109806825214484149e+01
-7.541495671365959552e+00
4.955755383998297248e+01
4.025243417425342329e+01
-3.224375274285711690e+00
-2.708667250143092886e+01
3.969983266191730031e+00
9.204927454616668570e+01
-1.224043534705958081e+01
-2.321398555608711778e+00
-2.228432984125942085e+01
1.335882857038626348e+01
-2.612566526362229880e+01
2.178221503364138201e+01
2.058183677211949103e+01
1.197311789671750448e+00
-3.355974238404694887e+01
3.710575882860752017e+00
-2.393403269282842061e+01
1.214783421114449169e+01
-2.204104909163727299e+01
2.809571545418339156e+01
-5.532434735928444525e+01
-7.443253969325192543e+01
1.749081106927242057e+00
3.343182959990740954e+01
3.430163606990729086e+00
-7.267378175202689761e+01
-4.203962967492487479e+01
2.288111189297238823e+01
2.348560587607698480e+01
-1.203556826698263649e+01
2.161784082070532165e+01
-8.567792033284739261e+01
-4.695930161619336474e+01
4.434756967386937987e+01
8.096746830129477246e+01
-5.231129728775827914e+01
-4.553165079978113283e+01
-7.699106144351736347e+00
1.215133496436086169e+01
-1.924247082031223499e+01
4.317201609945339413e+01
-1.043616539710810365e+01
-2.694404962184826857e+01
-1.906903813449482143e+01
6.778798727301141014e+01
2.453298687967337699e+01
-1.648963106324826100e+01
-9.284932490860683174e+00
1.005081480491999413e+00
1.942101422494301488e+01
1.327152590792773346e+01
3.036671306181954577e+00
-1.670323804118039324e-01
-3.050360347268195227e+01
5.789796439489243163e+00
1.269970917736497817e+01
1.275668900789849580e+01
1.434363671068626722e+00
1.462994475604208588e+01
3.254704755313076348e+00
-8.545140303572781093e+00
1.281839707459910116e+01
-2.328872361278984116e+00
5.793948663285323875e+00
1.269977336423802283e+00
-3.479555646590621887e-01
-1.045783529994640526e+00
-8.619415331988116158e-01
-1.711581117393641271e-01
1.127484129835707893e+00
1.691441816148765431e+00
-7.088853607205530816e-02
3.427029123321123083e-01
-1.870300081465174236e+00
1.643955002249172903e+00
3.617592933532751687e+00
2.304181267080592233e-01
-2.333351426330454892e+00
-1.539549990655725065e+00
2.010603218852914598e+00
4.149915942174488559e-01
4.160674256800132587e-01
-6.658043542120926084e-01
-9.400097638142701495e-01
-1.246808805627889871e+00
2.346289015605129258e+00
2.044443937500988628e+00
-1.673217351467904956e+00
-1.243021579247530539e+00
1.541087193922522358e+00
6.453438210982583856e-01
-1.212600973528042525e+00
-9.303004214835807195e-01
1.202390022240102718e+00
7.718762463024936293e-02
-1.290151806585400518e+00
-6.795636545002523565e-01
-6.141757659356263110e-02
5.323340919921556447e-01
1.322938410503589957e+00
5.476417418944345972e-01
-8.222203060962101073e-01
-5.013753894726564742e-01
7.426729532089590968e-01
1.191915099685692425e+00
-2.920886088432874117e-01
-3.880253759661640711e-02
-4.590370794187451087e-01
2.839983552939736589e-01
7.476187759491236262e-01
2.171019322299643783e-01
3.137587702205843487e-01
-3.883869468540972480e-01
1.310638165891695461e+00
-1.193886136834223732e+00
2.932827925972565364e-01
4.087600585823020771e-01
4.104425018623524268e-01
-3.387877419252950384e-01
-7.028996512252773110e-01
2.477205659131902493e-01
1.064212085309851785e+00
6.790070163692374372e-02
-3.501502648230183090e-01
-1.598726544902006719e+00
-4.843186714575775653e-01
2.997057570062902077e-01
7.683273929340896924e-01
-8.024491550854514488e-01
-1.579988335410726696e+00
3.820675758597477656e-01
1.260814541533441746e+00
3.949749445760282196e-01
-6.283665906893828312e-01
-1.374068621897409949e-02
6.519981643635470725e-01
5.029202791986199239e-01
3.425291476435693427e-01
-7.769438699529030989e-01
-7.282111960154921126e-01
7.328117047241355930e-01
9.795904983952778977e-01
-1.971841352614199516e-01
-6.473047940970177994e-01
-5.602726582410243461e-01
1.491094503430462348e+00
-6.041431526530122859e-02
3.385594596753435104e-01
-9.016037433208179408e-01
-2.387531286314383827e-01
7.349998816261531509e-01
8.382580395741494605e-01
-1.204370787799813991e+00
-1.498806273183334481e+00
8.938731774290005483e-02
6.553468978250632793e-01
-4.611724210119467204e-01
-1.001163629985438952e+00
9.111435889630782603e-02
1.507074766857025294e-01
2.628796255641867585e-01
-2.237576488965557220e-01
-3.603307828751738107e-02
3.788287195057651879e-01
4.514536227611801733e-01
-2.726436153240396898e-01
-1.618161043019986089e-01
-1.002276118146582906e+00
6.050835097430860010e-01
1.004637937622965049e+00
8.210030161070525079e-02
-6.467346539499932989e-01
-6.999375357139981935e-01
9.795003710912832950e-01
3.945400834071465801e-01
-3.808540972371546318e-02
-1.717109075211270264e-01
3.492247409191685525e-01
1.996654231853210448e-01
3.543631289704644027e-01
-4.715268132276642099e-01
-6.632320698889772048e-01
-2.806987157536905420e-02
7.120669075999781494e-01
-7.803374498966757500e-01
-1.329196798371323318e+00
-2.203527711698116676e-01
8.349456114494833159e-01
2.117474860777051326e-01
-1.032145043575632748e+00
-3.129103476986738741e-01
3.554774312173779316e-02
1.633747524601162127e+00
-1.651320859111948119e-02
-3.604104196152951856e-01
-8.492791361507630032e-01
2.849805616121890983e-01
8.561547039792399838e-01
2.842078902280800734e-01
-1.133950275268588825e+00
-4.339015645440337243e-01
2.750299479205788392e-02
9.888744711245703867e-01
6.605860645675762921e-01
-5.154669836857973531e-01
-2.775970525206962747e-01
1.239232574009997867e+00
1.447182852241010620e+00
-7.446190794423901416e-01
-1.077475613785081388e+00
1.925140807318906355e-01
7.302959026988649072e-01
-4.752986344384721451e-02
-1.237213901957061823e+00
-4.165407805390041740e-01
-1.433835148813880356e-01
5.646139854989333795e-01
8.477601136835772877e-01
-3.371124731090171522e-01
-4.686526766106179354e-01
-2.024840038936505937e-01
1.024765635045872259e+00
6.754929057390621772e-01
-1.233695924258974896e+00
5.357003030454021708e-01
-1.476997537256033444e-01
4.636046274772569475e-01
-2.650870796273825936e-01
9.042921137954930133e-01
4.425385188452681251e-01
-8.353476223745130713e-02
-2.572514387496595001e-01
-3.588085994023740288e-01
9.895682350746731748e-01
8.438162425253982191e-01
-2.697357742915356682e-01
-3.114767786508848002e-01
-1.775309321453652500e-01
8.014829035250211620e-01
1.328796139363712436e+00
1.173668358135213641e+00
-1.700265091545369311e-01
-1.570357260148106615e+00
3.857655558002948126e-02
1.671706740650461542e+00
-8.367506338600450011e-02
-1.666543038219116868e+00
2.099778413258814314e-01
1.323465754521562010e+00
-3.981114466405915597e-01
-1.811470125663602548e+00
1.051653520061928582e+00
1.470061553691305978e+00
-1.671995733968154318e-01
-5.586809483378364360e-01
-5.356896350367612580e-01
-3.729218864471170458e-02
-2.456511657391600156e-01
1.863169488104478910e+00
-1.416777859777587634e-01
-2.117925319597850020e+00
-1.590425650984468753e+00
2.772133439608241989e+00
2.519442239669971606e+00
-1.132321413917327435e+00
-1.508778675071836162e+00
-5.673079053474993499e-02
2.007423613273471297e+00
7.830066745482505697e-01
5.747722529230668842e-01
3.944738183053969616e-01
-1.456520446352841613e+00
-5.254439839434660309e-01
1.564594122851570956e+00
1.528402400839800890e-01
-6.264469402624448513e-01
1.985178258847826394e+00
5.549632737253675785e-01
-1.900595190397767364e+00
8.856982967470421464e-01
-5.940234663136764737e-02
2.408015219067750845e+00
2.176778349446910066e-01
3.296362258029058023e-01
-3.613750869319217074e+00
-1.192853922759635532e+00
-2.412010677005530790e-01
-1.038621677523756115e-01
1.026203103874379075e+00
-6.728598187954797083e-02
3.122996367906397119e-01
-2.335862004782816026e+00
-4.989266832363012383e-01
4.994615883394821765e+00
-7.356632319161708899e-01
-2.107651741278101731e+00
6.091789522397346168e-01
1.556012198206484065e+00
-2.433037945379396660e+00
3.365388321007531935e+00
4.622490517172894720e+00
-4.916081459595610603e+00
-1.018006502648796641e+01
6.607015588276409446e+00
5.548371242193514519e+00
3.822266231149814564e-01
-8.281323565902567907e+00
-2.183984907183061264e+00
-5.194091447053575727e+00
4.741287210029386578e+00
6.545746312348065032e+00
-2.842726671925386750e+00
-1.028895399271771716e+01
1.333475410797364293e-02
2.840451840105075565e+00
3.704397245821076101e+00
-9.601105425049777153e+00
-1.189403013959459621e+01
9.557096951938751639e-01
-3.694114402117121831e-01
1.565747166786238376e+00
-4.056275398131655052e+00
9.198264491858575420e-01
-5.315643133407271570e+00
-3.043294739878258603e+00
1.783447973478525128e+00
3.817658040474297909e+00
-4.072246572322037572e+00
1.454722319069499781e+00
-4.095161643321941547e+00
4.097710298997432332e-01
-6.559897237171472995e+00
1.438423585537755045e+01
4.409110184605346205e+00
-3.504437074219305170e+00
-4.521091197172408371e+00
7.083266346982362016e+00
1.003336386765399091e+01
3.877020123574298260e+00
-7.414130263664128861e+00
-1.257118055442959070e+00
3.494411786120519725e+00
5.298173961667313137e+00
1.473471019596841636e+01
2.833679506479060528e+00
-1.100820453625252249e+01
-6.137605151877368215e+00
1.517479466599376181e+01
7.309500309911261873e+00
-3.269796948548281179e+00
1.306970514170847419e+00
4.291835686552084361e+00
-5.399368621386483547e+00
6.528687183274901606e+00
6.489202598623560192e+00
1.239864538715110126e-01
-1.249264399041240203e+01
3.623336164253935454e+00
3.399712193067091714e+00
-5.904325123581027207e-02
-2.264051791325535135e+00
-2.553922456615678627e+00
-2.605150587685055363e+00
1.162216673856006688e+00
3.222814570697617675e+00
4.450154894602661670e+00
-2.360533607629703656e+00
-1.045512621022446798e+00
-1.837886656771881233e+00
1.287175737641806927e+00
-2.668690986054204739e+00
7.489518420044223301e-01
-2.167142438401006843e-01
-2.616353423183292115e+00
-4.590658625305744645e-01
-1.232690914364722445e+00
