6.082847706816843356e+02
-1.548479595450621416e-01
1.425717116165029635e-02
1.882050453799847034e+01
-5.107419825156897559e+02
-4.615646406386175613e+02
-3.988295530891270460e+02
2.809591964151035199e+02
3.198960710071982021e+02
-5.537837884381517028e+00
-4.813360196007154812e+00
-1.177380916162150903e+01
6.720890872280187445e+00
2.876743354234774230e+01
-2.550873792830766540e+00
-4.590276509414886164e+01
-1.250074176940016635e+01
-8.569839847046550219e+00
-9.189315396091972232e+00
2.948232850390359516e+01
-1.750831540688498444e+00
-3.904898921225596009e+00
-1.379538311477173096e+01
7.939891055820284649e+00
1.760184441427280433e+01
2.766746163931300018e+00
5.458524766273712636e+00
2.806553614300907640e+01
-1.034620628229676953e+01
-2.376708587803347328e+01
1.423381718959776521e+01
-9.160509999088384703e+00
2.848846531729582665e+01
-3.871030720519489376e-01
-3.361092338474720265e+01
7.794556301746330185e+00
-9.667272392974423312e+00
-2.461496645385872384e+01
3.216624501743294928e+01
2.175100836655781578e+00
8.862979410715622564e+00
2.003496765641440547e+01
-5.915310163284117095e+01
-9.150074012825955450e+00
2.631539856343257000e+01
1.824890584926957260e+01
1.050804600078340201e+01
-1.188631637745293013e+01
-1.323079621458879274e+01
-1.063988313312745326e+01
2.706450443921074367e+01
1.553546709629003608e+01
-1.703975331014881434e+01
-3.726755689074436884e+00
-3.486965504143638128e+01
3.713385111594594612e+00
5.551006754751999495e+01
1.500005755063652124e+01
-9.529392987841029949e+00
-4.199898416489502750e+01
-8.387274521087821455e+00
7.456874351043397020e+00
1.970475502184008576e+01
1.374584515650415995e+01
-3.766738239379562003e+01
-7.223108664453221195e+00
1.184809391103365428e+01
-1.653090541952467074e+00
1.710588610955672806e+01
7.434355503701209678e+00
-2.195640461220417450e+01
4.753463089000194763e+00
-1.120647777980813053e+01
-1.991948595396252353e+00
1.538897762116834222e+01
4.821042520201912929e+00
-7.192747767475524689e+00
4.078177550815746066e+00
1.123035959286911023e+01
-5.173841230836329075e+00
8.805483393408326975e+00
-1.030365776825380841e+01
1.653548027581948521e+00
3.293555946490504205e+00
-7.127193450595837199e+00
-1.344402153549691192e+01
1.092487620252764380e+01
7.150383638019350840e+00
-1.002988111735773202e+01
1.500834243281171787e+01
-1.753694482331886562e+01
-1.327408451199151962e+01
9.454016577396764376e+00
-7.760858012320565713e+00
1.186727934101393345e+01
2.716908117902350028e+01
-3.015074917208336203e+01
-2.040872423720665552e+01
1.764612896179345913e+00
2.612229222971879850e+01
3.337124426080102069e+01
2.536783127213744660e+00
-1.689997980406333511e+01
-5.023016930011047521e+01
2.163925345733497707e+01
3.099995677204205080e+01
-1.129660822485136507e+01
8.368426966682378065e+00
-2.207379394936877404e+01
-1.894660038951092318e+01
2.172573180253990088e+01
1.835424282434513543e+01
4.535433972628881705e+00
-1.902297443967403368e+01
-1.099060876868263392e+01
-1.998132001168727356e+01
2.170750432127468343e+01
4.291593637758612090e+01
-4.757800265202033074e+01
-8.708442526712333986e+00
2.074618434127724953e+00
-1.655769860453441922e+01
3.676690279643382553e+01
4.520389246208821099e+00
-1.131590805382179710e+01
3.017530514853798707e+01
-1.630338674704907476e+01
-1.963813565545942552e+01
2.069210865568053848e+01
-4.960300831362630114e-01
2.836397206224009437e+01
-4.041812233051845560e+00
-2.863508776553113577e+01
-6.457711145790245411e+00
1.069386744719589055e+00
-1.874218928218393643e+01
1.229543767392947240e+00
1.193577222944863081e+01
-2.566187415092255009e+00
-1.028447009720912142e+01
-2.502844638611701455e+01
1.114514061524126909e+01
1.304521158181828344e+00
2.828714724169537931e+01
3.333897663675320189e+01
-7.694899679348446320e+00
-2.662021383870764168e+01
-1.025681241959345513e+00
1.121119524523683531e+01
7.820796151382912953e+00
5.397499716928741087e+00
-2.874468911123177008e+02
-6.180297945894327682e+01
3.788141857271969002e+02
1.466800864693333040e+02
3.075934959670053104e+02
-1.750074770577739685e+02
-7.235886654191981506e+02
3.752156757126024331e+02
2.991434480922485477e+02
-1.425303086977013436e+02
9.007565251847447030e+01
-4.004531986452690830e+02
-9.148270141708843539e+01
2.602177399085453544e+02
1.250259321304102889e+00
-1.545318223233050015e+00
-4.477574410767767965e+00
-3.085099730730425982e+00
4.603884133712562665e+00
9.348614520020458230e+00
-3.150099109837306344e+00
-1.728499765966352442e+01
1.015636117728206056e+00
-4.729626379372891876e+00
5.316301702894092429e+00
9.471685707054273706e+00
4.030773711546543403e+00
-3.885624623306786596e+00
-4.110820187308238616e+00
5.316033848776396731e+00
-8.315907502131544282e-01
1.770631409619946250e+00
7.806664729070639908e+00
6.938991962522201185e+00
-7.930032633500073480e+00
-4.476911382482432700e+00
-1.036435330816289735e+01
1.979206752846701889e+00
9.621866587634769985e+00
-5.509924202222065581e+00
4.176512465000872254e+00
6.896402605194235091e-01
-1.351815521706658707e+01
-2.108730005850212752e+00
-2.310842438144637523e+00
2.060375769475903951e+00
2.005865098849846362e+01
-3.715017695325724123e+00
-8.713864063481434385e+00
1.369231928988554170e+00
2.988723951426426259e-02
6.751566011927692124e+00
1.926131428586387084e+00
-5.285492146656880053e+00
-9.833587589888530545e+00
1.014797744571866334e+00
7.285621021201115433e+00
2.042327459009329882e+00
1.059173570131526709e+01
-6.717048810349965038e+00
-1.631025605376726872e+01
9.785313185759974886e+00
5.220944887813550928e+00
3.433941808956153530e+00
-3.877461408794026898e+00
-1.403029061749688822e+01
-5.020231539683978284e+00
5.316295165267411527e+00
1.317085529848681880e+01
-1.816189846598577518e+00
-4.557726667253185759e+00
-4.669015184482933623e-01
-5.509502276941728560e+00
2.529827564076124524e+00
7.633646458982050298e+00
-1.643866168308351527e+00
3.992292888055798183e+00
-6.190543802025247899e-01
-4.210032050935766712e+00
1.925835801213984677e+00
3.194685265064233448e+00
1.728028074097170963e-01
-2.923111801840389212e+00
3.378652755566049493e+00
-3.469687583963976252e+00
-8.550088491161055015e-02
-1.829448611877953379e+00
-2.306487030232474478e+00
2.380532248973015186e+00
-3.070898510163465600e-01
-6.098976191349388287e+00
-2.158630556157110192e+00
4.175430043414475989e+00
3.183287402241881114e-01
7.621132262293284221e+00
1.329452831262736057e+00
-4.710967184137055952e+00
-2.164147434401254788e+00
-4.847857769915063564e+00
-6.595358659114362032e-01
1.339187307791410930e+01
3.355832604955724996e+00
-3.401502909570542688e+00
-5.799443100621457958e+00
-6.026269489600527329e+00
1.275411260959975479e+01
5.377310831635690569e+00
-1.443690079648923819e+00
-1.391876770863346557e+01
-1.152408723306553462e+01
7.503799277295821746e+00
7.262559866780500251e+00
8.072524903673395258e+00
-8.946988155310772184e-01
-9.347755231787656882e+00
-2.248237361103632370e+00
1.661303902788155540e+00
6.550785331549555224e+00
7.318263325039683735e-03
-7.665246611175232871e+00
-1.015300358146515336e+01
-2.589443188217646075e+00
2.149365361047877698e+01
4.862690469537104931e+00
-1.883728851917349179e+00
-2.243393546641290648e+00
-1.346236395999151014e+01
9.131230281257067816e-01
3.959125766958547565e+00
-5.323304226127981709e-01
9.922512557134536948e+00
6.383295799523732938e+00
-8.828490086101867362e+00
-2.355063496977309434e+00
-8.577234610526287995e+00
4.739339557620133370e+00
7.639497454552804712e+00
-5.572735198410152968e+00
-1.651806562342848173e+00
-1.706195925108200839e+00
-3.287239602731704569e+00
-5.248026291809970267e+00
2.205573670841396883e+00
2.647601275464600779e+00
5.605198652756111954e+00
-6.195712173873692663e+00
1.778831781527306921e+00
2.988634226778861258e+00
-5.767915560335378444e+00
1.235961333610498691e+01
7.254220271072643555e+00
-5.611393969427361128e+00
-2.986401928718021903e+00
9.292042919833646275e-01
-9.344725057349305697e-01
3.854033229622849444e+00
-2.227585649636722920e+01
-7.333845697320251134e+01
1.188660288755771965e+01
1.015676739228973560e+02
7.793195790486974772e+01
5.038744124169853222e+01
-1.690030248071129790e+02
-1.192317489182121619e+02
6.512244988120806966e+01
4.883062322281492129e+01
1.005713071283964695e+02
-2.812474104349050563e+01
-6.637393556435651476e+01
1.196720131640840634e+01
