-9.454444444444444484e-02
-9.403333333333334376e-02
-9.414444444444443338e-02
-9.406666666666667342e-02
-9.417777777777777692e-02
-9.411111111111110372e-02
-9.425555555555555076e-02
-9.426666666666666528e-02
-9.438888888888888329e-02
-9.433333333333332460e-02
-9.454444444444445872e-02
-9.453333333333333033e-02
-9.401111111111110086e-02
-9.405555555555554503e-02
-9.407777777777777406e-02
-9.422222222222222110e-02
-9.416666666666667629e-02
-9.420000000000000595e-02
-9.427777777777776591e-02
-9.420000000000000595e-02
-9.431111111111109557e-02
-9.447777777777778552e-02
-9.437777777777776878e-02
-9.400000000000000022e-02
-9.445555555555557037e-02
-9.411111111111110372e-02
-9.409999999999998921e-02
-9.413333333333333275e-02
-9.421111111111110659e-02
-9.415555555555556178e-02
-9.424444444444443625e-02
-9.433333333333332460e-02
-9.439999999999999780e-02
-9.431111111111109557e-02
-9.451111111111111518e-02
-9.447777777777778552e-02
-9.404444444444444440e-02
-9.400000000000000022e-02
-9.422222222222222110e-02
-9.416666666666666241e-02
-9.417777777777776305e-02
-9.421111111111110659e-02
-9.418888888888889144e-02
-9.431111111111109557e-02
-9.431111111111109557e-02
-9.439999999999998392e-02
-9.442222222222224071e-02
-9.390000000000001124e-02
-9.395555555555555605e-02
-9.405555555555555891e-02
-9.402222222222222925e-02
-9.415555555555554790e-02
-9.416666666666667629e-02
-9.424444444444443625e-02
-9.423333333333333561e-02
-9.428888888888888042e-02
-9.442222222222222683e-02
-9.436666666666666814e-02
-9.448888888888890003e-02
-9.451111111111111518e-02
-9.403333333333332988e-02
-9.400000000000000022e-02
-9.414444444444443338e-02
-9.404444444444444440e-02
-9.428888888888888042e-02
-9.418888888888889144e-02
-9.432222222222221009e-02
-9.433333333333332460e-02
-9.443333333333334134e-02
-9.442222222222224071e-02
-9.388888888888889672e-02
-9.396666666666667056e-02
-9.397777777777777120e-02
-9.406666666666667342e-02
-9.407777777777777406e-02
-9.422222222222222110e-02
-9.408888888888888857e-02
-9.431111111111109557e-02
-9.423333333333333561e-02
-9.439999999999998392e-02
-9.444444444444445586e-02
-9.386666666666665382e-02
-9.451111111111111518e-02
-9.400000000000000022e-02
-9.404444444444443052e-02
-9.405555555555555891e-02
-9.413333333333333275e-02
-9.414444444444443338e-02
-9.425555555555555076e-02
-9.425555555555555076e-02
-9.441111111111109844e-02
-9.431111111111109557e-02
-9.447777777777778552e-02
-9.451111111111111518e-02
-9.390000000000001124e-02
-9.395555555555555605e-02
-9.401111111111110086e-02
-9.406666666666667342e-02
-9.408888888888888857e-02
-9.415555555555554790e-02
-9.416666666666666241e-02
-9.417777777777776305e-02
-9.431111111111109557e-02
-9.435555555555555363e-02
-9.443333333333334134e-02
-9.395555555555555605e-02
-9.392222222222222638e-02
-9.407777777777777406e-02
-9.406666666666667342e-02
-9.405555555555555891e-02
-9.416666666666666241e-02
-9.417777777777776305e-02
-9.421111111111110659e-02
-9.420000000000000595e-02
-9.435555555555553975e-02
-9.435555555555555363e-02
-9.444444444444442810e-02
-9.442222222222224071e-02
-9.401111111111110086e-02
-9.401111111111110086e-02
-9.414444444444444726e-02
-9.406666666666667342e-02
-9.416666666666666241e-02
-9.414444444444443338e-02
-9.420000000000000595e-02
-9.425555555555555076e-02
-9.434444444444442524e-02
-9.435555555555553975e-02
-9.437777777777776878e-02
-9.394444444444444153e-02
-9.453333333333333033e-02
-9.410000000000000309e-02
-9.405555555555555891e-02
-9.418888888888887756e-02
-9.422222222222222110e-02
-9.422222222222222110e-02
-9.426666666666666528e-02
-9.434444444444442524e-02
-9.433333333333332460e-02
-9.439999999999999780e-02
-9.438888888888886941e-02
-9.443333333333334134e-02
-9.404444444444443052e-02
-9.398888888888888571e-02
-9.415555555555554790e-02
-9.411111111111110372e-02
-9.425555555555555076e-02
-9.423333333333333561e-02
-9.432222222222221009e-02
-9.431111111111109557e-02
-9.441111111111112619e-02
-9.438888888888888329e-02
-9.385555555555553930e-02
-9.396666666666667056e-02
-9.394444444444444153e-02
-9.411111111111110372e-02
-9.403333333333332988e-02
-9.415555555555554790e-02
-9.421111111111110659e-02
-9.436666666666665426e-02
-9.429999999999999494e-02
-9.434444444444442524e-02
-9.438888888888886941e-02
-9.391111111111111187e-02
-9.450000000000000067e-02
-9.394444444444444153e-02
-9.400000000000000022e-02
-9.401111111111110086e-02
-9.411111111111110372e-02
-9.417777777777777692e-02
-9.423333333333333561e-02
-9.423333333333333561e-02
-9.445555555555557037e-02
-9.438888888888888329e-02
-9.394444444444444153e-02
-9.456666666666665999e-02
-9.400000000000000022e-02
-9.422222222222222110e-02
-9.441111111111111232e-02
-9.471111111111112091e-02
-9.503333333333334465e-02
-9.552222222222223058e-02
-9.587777777777778399e-02
-9.644444444444444375e-02
-9.684444444444444133e-02
-9.744444444444443076e-02
-9.791111111111111542e-02
-9.786666666666667125e-02
-9.828888888888888398e-02
-9.874444444444445412e-02
-9.900000000000000466e-02
-9.929999999999999938e-02
-9.950000000000000511e-02
-9.943333333333333190e-02
-9.945555555555556093e-02
-9.925555555555555520e-02
-9.911111111111112204e-02
-9.877777777777778379e-02
-9.800000000000000377e-02
-9.802222222222221892e-02
-9.710000000000000575e-02
-9.657777777777777628e-02
-9.600000000000000200e-02
-9.541111111111109933e-02
-9.476666666666666572e-02
-9.415555555555556178e-02
-9.366666666666666197e-02
-9.347777777777779851e-02
-9.351111111111112817e-02
-9.384444444444443867e-02
-9.411111111111110372e-02
-9.405555555555555891e-02
-9.458888888888888902e-02
-9.514444444444443427e-02
-9.556666666666667476e-02
-9.636666666666666992e-02
-9.688888888888887163e-02
-9.747777777777776043e-02
-9.810000000000002052e-02
-9.862222222222223611e-02
-9.906666666666666399e-02
-9.942222222222221739e-02
-9.915555555555556622e-02
-9.935555555555554419e-02
-9.939999999999998836e-02
-9.931111111111110001e-02
-9.923333333333334005e-02
-9.901111111111110530e-02
-9.869999999999999607e-02
-9.822222222222222465e-02
-9.781111111111111256e-02
-9.724444444444443891e-02
-9.623333333333333739e-02
-9.620000000000000773e-02
-9.506666666666666043e-02
-9.457777777777778838e-02
-9.404444444444443052e-02
-9.360000000000001652e-02
-9.321111111111110570e-02
-9.320000000000000506e-02
-9.333333333333333759e-02
-9.372222222222220678e-02
-9.408888888888888857e-02
-9.405555555555554503e-02
-9.513333333333333364e-02
-9.516666666666666330e-02
-9.577777777777778112e-02
-9.636666666666665604e-02
-9.714444444444443605e-02
-9.767777777777778003e-02
-9.835555555555554330e-02
-9.896666666666667500e-02
-9.958888888888889346e-02
-9.994444444444444686e-02
-1.002000000000000113e-01
-1.002000000000000113e-01
-9.969999999999999696e-02
-1.001888888888888968e-01
-9.947777777777778996e-02
-9.929999999999999938e-02
-9.888888888888888729e-02
-9.855555555555556291e-02
-9.812222222222222179e-02
-9.781111111111111256e-02
-9.741111111111110110e-02
-9.710000000000000575e-02
-9.676666666666666750e-02
-9.603333333333333166e-02
-9.633333333333332638e-02
-9.557777777777778927e-02
-9.529999999999999583e-02
-9.521111111111110747e-02
-9.508888888888888946e-02
-9.495555555555555693e-02
-9.491111111111111276e-02
-9.482222222222223829e-02
-9.490000000000001212e-02
-9.488888888888889761e-02
-9.513333333333334751e-02
-9.522222222222222199e-02
-9.500000000000000111e-02
-9.532222222222222485e-02
-9.574444444444445146e-02
-9.613333333333334840e-02
-9.653333333333333210e-02
-9.682222222222221231e-02
-9.706666666666666221e-02
-9.736666666666665693e-02
-9.745555555555555916e-02
-9.762222222222222134e-02
-9.760000000000000620e-02
-9.712222222222222090e-02
-9.755555555555556202e-02
-9.695555555555555871e-02
-9.675555555555555298e-02
-9.663333333333334885e-02
-9.638888888888887119e-02
-9.621111111111110836e-02
-9.596666666666667234e-02
-9.573333333333333695e-02
-9.576666666666666661e-02
-9.565555555555554923e-02
-9.536666666666665515e-02
-9.610000000000000486e-02
-9.582222222222221142e-02
-9.643333333333332924e-02
-9.702222222222221804e-02
-9.772222222222222421e-02
-9.870000000000000995e-02
-9.941111111111110288e-02
-1.002222222222222264e-01
-1.007111111111111124e-01
-1.009888888888888919e-01
-1.011222222222222245e-01
-1.006999999999999840e-01
-1.007555555555555427e-01
-1.008222222222222159e-01
-1.007888888888889001e-01
-1.006666666666666543e-01
-1.005444444444444502e-01
-1.002888888888888858e-01
-1.000555555555555504e-01
-9.967777777777778181e-02
-9.927777777777777035e-02
-9.876666666666666927e-02
-9.767777777777779391e-02
-9.704444444444443318e-02
-9.650000000000000244e-02
-9.591111111111111365e-02
-9.545555555555557126e-02
-9.527777777777776680e-02
-9.518888888888889233e-02
-9.526666666666666616e-02
-9.523333333333333650e-02
-9.532222222222221097e-02
-9.536666666666666903e-02
-9.502222222222221626e-02
-9.529999999999999583e-02
-9.567777777777779213e-02
-9.626666666666666705e-02
-9.691111111111111454e-02
-9.762222222222222134e-02
-9.838888888888887296e-02
-9.902222222222221981e-02
-9.959999999999999409e-02
-1.003111111111111148e-01
-1.006666666666666543e-01
-1.006999999999999840e-01
-1.016222222222222249e-01
-1.013999999999999901e-01
-1.015444444444444511e-01
-1.016777777777777697e-01
-1.016111111111111104e-01
-1.016555555555555546e-01
-1.014444444444444482e-01
-1.010666666666666658e-01
-1.006999999999999978e-01
-1.001666666666666677e-01
-9.960000000000000797e-02
-9.892222222222223083e-02
-9.781111111111111256e-02
-9.697777777777777386e-02
-9.639999999999998570e-02
-9.565555555555556311e-02
-9.510000000000000397e-02
-9.454444444444444484e-02
-9.427777777777776591e-02
-9.431111111111109557e-02
-9.445555555555557037e-02
-9.462222222222221868e-02
-9.488888888888889761e-02
-9.468888888888889188e-02
-9.510000000000000397e-02
-9.574444444444445146e-02
-9.639999999999998570e-02
-9.728888888888888309e-02
-9.810000000000002052e-02
-9.894444444444444597e-02
-9.976666666666665628e-02
-1.004666666666666625e-01
-1.010888888888888809e-01
-1.015999999999999959e-01
-1.019666666666666777e-01
-1.014888888888888924e-01
-1.015444444444444511e-01
-1.014777777777777917e-01
-1.013999999999999901e-01
-1.011222222222222383e-01
-1.008777777777777884e-01
-1.006666666666666543e-01
-1.003333333333333299e-01
-9.985555555555555851e-02
-9.882222222222221408e-02
-9.885555555555555762e-02
-9.757777777777779105e-02
-9.705555555555554770e-02
-9.636666666666665604e-02
-9.582222222222221142e-02
-9.506666666666667431e-02
-9.464444444444446158e-02
-9.414444444444443338e-02
-9.396666666666667056e-02
-9.406666666666667342e-02
-9.457777777777778838e-02
-9.516666666666666330e-02
-9.546666666666665801e-02
-9.657777777777777628e-02
-9.792222222222221606e-02
-9.920000000000001039e-02
-1.004333333333333328e-01
-1.016666666666666691e-01
-1.023999999999999910e-01
-1.028111111111111170e-01
-1.028222222222222176e-01
-1.026666666666666561e-01
-1.022777777777777730e-01
-1.013111111111111018e-01
-1.006666666666666543e-01
-1.001666666666666816e-01
-9.948888888888889059e-02
-9.894444444444444597e-02
-9.831111111111109913e-02
-9.758888888888889168e-02
-9.703333333333333255e-02
-9.665555555555556400e-02
-9.638888888888887119e-02
-9.648888888888890181e-02
-9.710000000000000575e-02
-9.763333333333334974e-02
-9.798888888888888926e-02
-9.873333333333333961e-02
-9.985555555555555851e-02
-1.009000000000000036e-01
-1.018000000000000155e-01
-1.024777777777777787e-01
-1.027777777777777735e-01
-1.025777777777777816e-01
-1.019222222222222196e-01
-1.010777777777777664e-01
-9.998888888888889104e-02
-9.834444444444442879e-02
-9.727777777777776858e-02
-9.667777777777779302e-02
-9.632222222222221186e-02
-9.647777777777778729e-02
-9.712222222222222090e-02
-9.791111111111111542e-02
-9.878888888888888442e-02
-9.963333333333332376e-02
-1.004111111111111038e-01
-1.010444444444444367e-01
-1.008444444444444588e-01
-1.008777777777777884e-01
-1.002555555555555561e-01
-1.001666666666666816e-01
-9.967777777777778181e-02
-9.924444444444444069e-02
-9.876666666666666927e-02
-9.820000000000000950e-02
-9.773333333333333872e-02
-9.743333333333333013e-02
-9.698888888888888837e-02
-9.739999999999998659e-02
-9.798888888888888926e-02
-9.879999999999999893e-02
-9.956666666666666443e-02
-1.002777777777777851e-01
-1.009222222222222187e-01
-1.013333333333333308e-01
-1.015222222222222359e-01
-1.013333333333333308e-01
-1.006666666666666682e-01
-9.971111111111111147e-02
-9.982222222222221497e-02
-9.866666666666668029e-02
-9.810000000000002052e-02
-9.743333333333331625e-02
-9.711111111111110639e-02
-9.700000000000000289e-02
-9.715555555555556444e-02
-9.767777777777778003e-02
-9.848888888888888971e-02
-9.931111111111110001e-02
-1.004555555555555618e-01
-1.015777777777777807e-01
-1.022555555555555579e-01
-1.034111111111111064e-01
-1.040888888888888836e-01
-1.039444444444444504e-01
-1.034333333333333355e-01
-1.028000000000000025e-01
-1.018666666666666748e-01
-1.010000000000000064e-01
-9.998888888888887716e-02
-9.934444444444444355e-02
-9.847777777777777519e-02
-9.731111111111109824e-02
-9.735555555555554241e-02
-9.651111111111111696e-02
-9.642222222222222860e-02
-9.688888888888888551e-02
-9.743333333333331625e-02
-9.813333333333335018e-02
-9.888888888888888729e-02
-9.968888888888888244e-02
-1.006333333333333246e-01
-1.013666666666666605e-01
-1.016666666666666552e-01
-1.027666666666666728e-01
-1.025333333333333236e-01
-1.026333333333333264e-01
-1.026333333333333264e-01
-1.023999999999999910e-01
-1.020888888888888818e-01
-1.016222222222222249e-01
-1.011555555555555680e-01
-1.008333333333333304e-01
-1.003999999999999893e-01
-1.002222222222222264e-01
-9.939999999999998836e-02
-9.922222222222222554e-02
-9.923333333333334005e-02
-9.936666666666665870e-02
-9.951111111111111962e-02
-9.979999999999998594e-02
-9.993333333333334623e-02
-1.003000000000000003e-01
-1.005666666666666653e-01
-1.008777777777777884e-01
-1.010777777777777664e-01
-1.007444444444444559e-01
-1.009666666666666768e-01
-1.011333333333333528e-01
-1.012222222222222412e-01
-1.013666666666666605e-01
-1.014555555555555488e-01
-1.012000000000000122e-01
-1.010666666666666658e-01
-1.008000000000000007e-01
-1.006888888888888833e-01
-1.003888888888888886e-01
-9.957777777777779282e-02
-9.956666666666666443e-02
-9.952222222222223413e-02
-9.957777777777777894e-02
-9.973333333333332662e-02
-9.996666666666667589e-02
-1.002555555555555561e-01
-1.006888888888888833e-01
-1.010222222222222216e-01
-1.015111111111111214e-01
-1.016999999999999987e-01
-1.013888888888888895e-01
-1.014999999999999930e-01
-1.016444444444444400e-01
-1.016111111111111104e-01
-1.016666666666666552e-01
-1.013888888888888756e-01
-1.011111111111110961e-01
-1.008333333333333304e-01
-1.004111111111111038e-01
-1.000000000000000056e-01
-9.944444444444443254e-02
-9.835555555555554330e-02
-9.842222222222220263e-02
-9.764444444444445037e-02
-9.756666666666667653e-02
-9.797777777777777475e-02
-9.868888888888889543e-02
-9.957777777777777894e-02
-1.006222222222222240e-01
-1.016666666666666552e-01
-1.026888888888888851e-01
-1.036111111111111122e-01
-1.043000000000000038e-01
-1.044111111111111073e-01
-1.036111111111111122e-01
-1.032000000000000139e-01
-1.028111111111111170e-01
-1.021222222222222392e-01
-1.014444444444444482e-01
-1.005888888888888943e-01
-9.986666666666665915e-02
-9.921111111111111103e-02
-9.864444444444445126e-02
-9.821111111111111014e-02
-9.783333333333332771e-02
-9.722222222222222376e-02
-9.822222222222222465e-02
-9.928888888888888486e-02
-1.002333333333333409e-01
-1.013000000000000012e-01
-1.019666666666666777e-01
-1.024555555555555636e-01
-1.022777777777777730e-01
-1.019555555555555632e-01
-1.010333333333333500e-01
-1.001333333333333520e-01
-1.000222222222222207e-01
-9.865555555555556577e-02
-9.811111111111112115e-02
-9.742222222222221562e-02
-9.683333333333332682e-02
-9.627777777777776769e-02
-9.588888888888889850e-02
-9.564444444444446247e-02
-9.546666666666665801e-02
-9.591111111111111365e-02
-9.627777777777776769e-02
-9.781111111111111256e-02
-9.813333333333335018e-02
-9.906666666666666399e-02
-9.963333333333332376e-02
-1.000666666666666649e-01
-1.001777777777777823e-01
-1.001111111111110952e-01
-9.957777777777777894e-02
-9.891111111111111631e-02
-9.813333333333333630e-02
-9.685555555555554197e-02
-9.647777777777778729e-02
-9.513333333333333364e-02
-9.432222222222221009e-02
-9.373333333333333517e-02
-9.316666666666666152e-02
-9.283333333333333715e-02
-9.283333333333332327e-02
-9.312222222222221735e-02
-9.372222222222222066e-02
-9.447777777777778552e-02
-9.535555555555554064e-02
-9.613333333333333452e-02
-9.653333333333333210e-02
-9.736666666666665693e-02
-9.807777777777777761e-02
-9.875555555555555476e-02
-9.934444444444444355e-02
-9.945555555555557481e-02
-9.936666666666665870e-02
-9.903333333333333433e-02
-9.848888888888888971e-02
-9.798888888888888926e-02
-9.727777777777776858e-02
-9.614444444444443516e-02
-9.556666666666667476e-02
-9.515555555555554879e-02
-9.475555555555555121e-02
-9.460000000000000353e-02
-9.447777777777778552e-02
-9.451111111111111518e-02
-9.471111111111112091e-02
-9.505555555555555980e-02
-9.542222222222222772e-02
-9.582222222222221142e-02
-9.575555555555555209e-02
-9.615555555555554967e-02
-9.658888888888889079e-02
-9.698888888888888837e-02
-9.729999999999999760e-02
-9.747777777777777430e-02
-9.776666666666666838e-02
-9.779999999999999805e-02
-9.776666666666666838e-02
-9.760000000000000620e-02
-9.693333333333334356e-02
-9.735555555555554241e-02
-9.651111111111111696e-02
-9.628888888888888220e-02
-9.595555555555555782e-02
-9.566666666666666374e-02
-9.532222222222222485e-02
-9.521111111111110747e-02
-9.471111111111112091e-02
-9.470000000000000639e-02
-9.448888888888890003e-02
-9.389999999999998348e-02
-9.466666666666664898e-02
-9.431111111111109557e-02
-9.468888888888889188e-02
-9.510000000000000397e-02
-9.554444444444445961e-02
-9.605555555555556069e-02
-9.672222222222222332e-02
-9.726666666666666794e-02
-9.808888888888887825e-02
-9.870000000000000995e-02
-9.946666666666667544e-02
-1.000000000000000056e-01
-9.981111111111111434e-02
-1.000666666666666788e-01
-9.994444444444444686e-02
-9.987777777777778754e-02
-9.971111111111111147e-02
-9.941111111111110288e-02
-9.918888888888889588e-02
-9.884444444444444311e-02
-9.839999999999998748e-02
-9.793333333333333057e-02
-9.745555555555554528e-02
-9.631111111111109735e-02
-9.574444444444445146e-02
-9.526666666666666616e-02
-9.463333333333333319e-02
-9.407777777777777406e-02
-9.376666666666666483e-02
-9.376666666666666483e-02
-9.392222222222222638e-02
-9.438888888888886941e-02
-9.495555555555555693e-02
-9.564444444444444859e-02
-9.591111111111111365e-02
-9.668888888888889366e-02
-9.760000000000000620e-02
-9.852222222222223325e-02
-9.960000000000000797e-02
-1.006111111111111095e-01
-1.015111111111111214e-01
-1.021111111111111247e-01
-1.024222222222222201e-01
-1.025999999999999968e-01
-1.024444444444444352e-01
-1.023222222222222311e-01
-1.014888888888888924e-01
-1.010222222222222216e-01
-1.006999999999999840e-01
-1.004444444444444473e-01
-1.000111111111111062e-01
-9.971111111111111147e-02
-9.926666666666666972e-02
-9.887777777777778665e-02
-9.836666666666665781e-02
-9.732222222222221275e-02
-9.681111111111111167e-02
-9.626666666666666705e-02
-9.570000000000000728e-02
-9.521111111111110747e-02
-9.486666666666666858e-02
-9.461111111111111804e-02
-9.478888888888888087e-02
-9.483333333333332504e-02
-9.504444444444444529e-02
-9.524444444444443714e-02
-9.498888888888888660e-02
-9.523333333333333650e-02
-9.555555555555556024e-02
-9.597777777777777297e-02
-9.629999999999999671e-02
-9.679999999999999716e-02
-9.736666666666665693e-02
-9.787777777777778576e-02
-9.845555555555556004e-02
-9.916666666666668073e-02
-9.969999999999999696e-02
-1.002555555555555561e-01
-1.006888888888888833e-01
-1.006111111111111095e-01
-1.009111111111111181e-01
-1.011222222222222383e-01
-1.012666666666666715e-01
-1.013777777777777611e-01
-1.013111111111111018e-01
-1.012222222222222273e-01
-1.010444444444444367e-01
-1.007111111111110985e-01
-1.004333333333333328e-01
-9.998888888888889104e-02
-9.897777777777777564e-02
-9.838888888888887296e-02
-9.792222222222221606e-02
-9.735555555555554241e-02
-9.686666666666665648e-02
-9.632222222222221186e-02
-9.585555555555555496e-02
-9.544444444444444287e-02
-9.507777777777777495e-02
-9.510000000000000397e-02
-9.524444444444443714e-02
-9.556666666666667476e-02
-9.547777777777777253e-02
-9.605555555555554681e-02
-9.665555555555555012e-02
-9.734444444444442790e-02
-9.807777777777776373e-02
-9.888888888888888729e-02
-9.968888888888888244e-02
-1.002555555555555561e-01
-1.009111111111111181e-01
-1.014666666666666633e-01
-1.018222222222222167e-01
-1.014777777777777917e-01
-1.014888888888889062e-01
-1.012888888888888866e-01
-1.010111111111111071e-01
-1.006999999999999840e-01
-1.003777777777777741e-01
-9.985555555555555851e-02
-9.947777777777776220e-02
-9.887777777777778665e-02
-9.766666666666667940e-02
-9.762222222222223522e-02
-9.645555555555557214e-02
-9.587777777777778399e-02
-9.534444444444444000e-02
-9.510000000000000397e-02
-9.479999999999999538e-02
-9.504444444444444529e-02
-9.560000000000000442e-02
-9.641111111111110021e-02
-9.705555555555554770e-02
-9.744444444444443076e-02
-9.883333333333332860e-02
-9.916666666666668073e-02
-9.992222222222221784e-02
-1.005333333333333218e-01
-1.010222222222222216e-01
-1.010222222222222216e-01
-1.007777777777777856e-01
-1.003222222222222293e-01
-9.969999999999999696e-02
-9.895555555555554661e-02
-9.812222222222222179e-02
-9.728888888888888309e-02
-9.598888888888888749e-02
-9.526666666666666616e-02
-9.495555555555555693e-02
-9.473333333333333606e-02
-9.500000000000000111e-02
-9.567777777777779213e-02
-9.645555555555555827e-02
-9.747777777777778818e-02
-9.848888888888888971e-02
-9.951111111111111962e-02
-1.003999999999999893e-01
-1.005666666666666514e-01
-1.009111111111111181e-01
-1.010777777777777803e-01
-1.005777777777777798e-01
-9.993333333333333235e-02
-9.915555555555556622e-02
-9.824444444444443980e-02
-9.736666666666665693e-02
-9.655555555555556113e-02
-9.571111111111112180e-02
-9.484444444444443956e-02
-9.381111111111110901e-02
-9.334444444444443822e-02
-9.367777777777779036e-02
-9.436666666666665426e-02
-9.538888888888888418e-02
-9.642222222222222860e-02
-9.768888888888889455e-02
-9.883333333333332860e-02
-1.000333333333333352e-01
-1.010000000000000064e-01
-1.009555555555555623e-01
-1.010777777777777664e-01
-1.004999999999999921e-01
-9.984444444444445788e-02
-9.890000000000000180e-02
-9.827777777777776946e-02
-9.745555555555555916e-02
-9.678888888888888264e-02
-9.616666666666667806e-02
-9.593333333333334267e-02
-9.546666666666668577e-02
-9.464444444444446158e-02
-9.479999999999999538e-02
-9.411111111111110372e-02
-9.413333333333333275e-02
-9.447777777777778552e-02
-9.502222222222221626e-02
-9.547777777777780028e-02
-9.598888888888888749e-02
-9.631111111111109735e-02
-9.672222222222222332e-02
-9.676666666666666750e-02
-9.642222222222222860e-02
-9.698888888888888837e-02
-9.654444444444444662e-02
-9.650000000000000244e-02
-9.634444444444442701e-02
-9.627777777777776769e-02
-9.612222222222222001e-02
-9.583333333333332593e-02
-9.571111111111112180e-02
-9.563333333333333408e-02
-9.542222222222224159e-02
-9.483333333333333892e-02
-9.529999999999999583e-02
-9.475555555555555121e-02
-9.467777777777779125e-02
-9.478888888888888087e-02
-9.472222222222222154e-02
-9.473333333333333606e-02
-9.477777777777778023e-02
-9.468888888888889188e-02
-9.485555555555556795e-02
-9.481111111111110989e-02
-9.490000000000001212e-02
-9.486666666666668246e-02
-9.434444444444443911e-02
-9.442222222222221295e-02
-9.450000000000000067e-02
-9.445555555555557037e-02
-9.455555555555555935e-02
-9.452222222222222969e-02
-9.448888888888890003e-02
-9.457777777777777450e-02
-9.458888888888888902e-02
-9.464444444444444771e-02
-9.468888888888889188e-02
-9.422222222222222110e-02
-9.422222222222222110e-02
-9.438888888888889717e-02
-9.437777777777775490e-02
-9.454444444444444484e-02
-9.452222222222222969e-02
-9.466666666666666285e-02
-9.468888888888889188e-02
-9.476666666666666572e-02
-9.487777777777778310e-02
-9.432222222222221009e-02
-9.447777777777778552e-02
-9.441111111111111232e-02
-9.452222222222222969e-02
-9.456666666666667387e-02
-9.458888888888888902e-02
-9.468888888888889188e-02
-9.472222222222222154e-02
-9.470000000000000639e-02
-9.487777777777778310e-02
-9.491111111111111276e-02
-9.437777777777775490e-02
-9.439999999999998392e-02
-9.443333333333334134e-02
-9.438888888888888329e-02
-9.442222222222224071e-02
-9.439999999999998392e-02
-9.443333333333334134e-02
-9.458888888888888902e-02
-9.462222222222221868e-02
-9.464444444444446158e-02
-9.458888888888888902e-02
-9.410000000000000309e-02
-9.406666666666667342e-02
-9.423333333333333561e-02
-9.426666666666666528e-02
-9.422222222222222110e-02
-9.432222222222221009e-02
-9.436666666666665426e-02
-9.434444444444442524e-02
-9.437777777777775490e-02
-9.445555555555557037e-02
-9.453333333333333033e-02
-9.406666666666665955e-02
-9.405555555555555891e-02
-9.424444444444443625e-02
-9.421111111111110659e-02
-9.438888888888888329e-02
-9.439999999999998392e-02
-9.447777777777778552e-02
-9.447777777777778552e-02
-9.453333333333333033e-02
-9.462222222222221868e-02
-9.452222222222222969e-02
-9.467777777777779125e-02
-9.415555555555554790e-02
-9.423333333333333561e-02
-9.421111111111110659e-02
-9.438888888888886941e-02
-9.433333333333332460e-02
-9.446666666666667100e-02
-9.443333333333332746e-02
-9.453333333333333033e-02
-9.453333333333333033e-02
-9.458888888888888902e-02
-9.463333333333333319e-02
-9.406666666666667342e-02
-9.408888888888887470e-02
-9.416666666666667629e-02
-9.426666666666666528e-02
-9.424444444444443625e-02
-9.434444444444442524e-02
-9.438888888888888329e-02
-9.452222222222222969e-02
-9.452222222222222969e-02
-9.413333333333333275e-02
-9.413333333333333275e-02
-9.416666666666666241e-02
-9.421111111111110659e-02
-9.418888888888889144e-02
-9.427777777777776591e-02
-9.429999999999999494e-02
-9.436666666666665426e-02
-9.436666666666666814e-02
-9.446666666666667100e-02
-9.452222222222222969e-02
-9.463333333333333319e-02
-9.460000000000000353e-02
-9.417777777777777692e-02
-9.417777777777777692e-02
-9.422222222222222110e-02
-9.423333333333333561e-02
-9.432222222222221009e-02
-9.437777777777775490e-02
-9.441111111111109844e-02
-9.447777777777778552e-02
-9.447777777777778552e-02
-9.456666666666665999e-02
-9.456666666666665999e-02
-9.410000000000000309e-02
-9.467777777777779125e-02
-9.426666666666666528e-02
-9.431111111111109557e-02
-9.442222222222221295e-02
-9.433333333333332460e-02
-9.439999999999998392e-02
-9.447777777777778552e-02
-9.447777777777778552e-02
-9.452222222222222969e-02
-9.457777777777777450e-02
-9.408888888888888857e-02
-9.412222222222221824e-02
-9.422222222222222110e-02
-9.417777777777777692e-02
-9.437777777777775490e-02
-9.432222222222221009e-02
-9.446666666666667100e-02
-9.444444444444442810e-02
-9.456666666666665999e-02
-9.454444444444444484e-02
-9.406666666666665955e-02
-9.461111111111111804e-02
-9.405555555555555891e-02
-9.419999999999999207e-02
-9.427777777777776591e-02
-9.437777777777776878e-02
-9.431111111111109557e-02
-9.446666666666667100e-02
-9.444444444444445586e-02
-9.458888888888888902e-02
-9.458888888888888902e-02
-9.412222222222220436e-02
-9.463333333333333319e-02
-9.413333333333333275e-02
-9.422222222222222110e-02
-9.421111111111110659e-02
-9.429999999999999494e-02
-9.428888888888888042e-02
-9.437777777777775490e-02
-9.452222222222222969e-02
-9.452222222222222969e-02
-9.454444444444444484e-02
-9.410000000000000309e-02
-9.410000000000000309e-02
-9.417777777777777692e-02
-9.421111111111110659e-02
-9.421111111111110659e-02
-9.434444444444442524e-02
-9.433333333333332460e-02
-9.435555555555555363e-02
-9.438888888888888329e-02
-9.448888888888890003e-02
-9.451111111111111518e-02
-9.462222222222221868e-02
-9.461111111111111804e-02
-9.422222222222222110e-02
-9.414444444444443338e-02
-9.426666666666666528e-02
-9.432222222222221009e-02
-9.441111111111111232e-02
-9.444444444444444198e-02
-9.435555555555555363e-02
-9.451111111111111518e-02
-9.450000000000000067e-02
-9.460000000000000353e-02
-9.463333333333333319e-02
-9.421111111111110659e-02
-9.418888888888887756e-02
-9.428888888888888042e-02
-9.429999999999999494e-02
-9.446666666666667100e-02
-9.437777777777778265e-02
-9.452222222222222969e-02
-9.451111111111111518e-02
-9.454444444444444484e-02
-9.457777777777778838e-02
-9.405555555555554503e-02
-9.414444444444443338e-02
-9.412222222222221824e-02
-9.432222222222221009e-02
-9.427777777777776591e-02
-9.439999999999999780e-02
-9.435555555555553975e-02
-9.455555555555555935e-02
-9.455555555555555935e-02
-9.463333333333333319e-02
-9.463333333333333319e-02
-9.408888888888888857e-02
-9.421111111111110659e-02
-9.418888888888889144e-02
-9.428888888888888042e-02
-9.431111111111109557e-02
-9.429999999999999494e-02
-9.439999999999998392e-02
-9.443333333333334134e-02
-9.451111111111111518e-02
-9.461111111111111804e-02
-9.463333333333333319e-02
-9.416666666666666241e-02
-9.413333333333333275e-02
-9.418888888888889144e-02
-9.425555555555555076e-02
-9.428888888888888042e-02
-9.436666666666666814e-02
-9.439999999999999780e-02
-9.444444444444444198e-02
-9.448888888888890003e-02
-9.454444444444444484e-02
-9.466666666666666285e-02
-9.412222222222221824e-02
-9.423333333333333561e-02
-9.427777777777776591e-02
-9.426666666666666528e-02
