3.729000000000000092e-01
4.128999999999999893e-01
4.528999999999999138e-01
4.928999999999999493e-01
5.329000000000001513e-01
5.729000000000000759e-01
6.129000000000000004e-01
6.529000000000001469e-01
6.928999999999999604e-01
7.328999999999999959e-01
7.729000000000000314e-01
8.137159999999999949e-01
8.562999999999999501e-01
8.962999999999998746e-01
9.363000000000000211e-01
9.762999999999999456e-01
1.016299999999999981e+00
1.056300000000000017e+00
1.096300000000000052e+00
1.136300000000000088e+00
1.176300000000000123e+00
1.216299999999999937e+00
1.257091999999999876e+00
1.299600000000000088e+00
1.339599999999999902e+00
1.379599999999999937e+00
1.419599999999999973e+00
1.459600000000000009e+00
1.499600000000000044e+00
1.539600000000000080e+00
1.579600000000000115e+00
1.619600000000000151e+00
1.659599999999999964e+00
1.699600000000000000e+00
1.740392000000000383e+00
1.782899999999999929e+00
1.822900000000000187e+00
1.862900000000000222e+00
1.902900000000000036e+00
1.942900000000000071e+00
1.982900000000000329e+00
2.022899999999999476e+00
2.062900000000000400e+00
2.102899999999999991e+00
2.142899999999999583e+00
2.182899999999999618e+00
2.223716000000000026e+00
2.266299999999999759e+00
2.306299999999999795e+00
2.346300000000000274e+00
2.386300000000000310e+00
2.426299999999999457e+00
2.466299999999999937e+00
2.506299999999999972e+00
2.546300000000000452e+00
2.586299999999999599e+00
2.626275999999999389e+00
2.667015999999999831e+00
2.709600000000000009e+00
2.749599999999999600e+00
2.789599999999999635e+00
2.829600000000000559e+00
2.869600000000000151e+00
2.909599999999999298e+00
2.949599999999999778e+00
2.989600000000000701e+00
3.029600000000000293e+00
3.069599999999999440e+00
3.109599999999999920e+00
3.150391999999999637e+00
3.192899999999999849e+00
3.232899999999999441e+00
3.272900000000000365e+00
3.312900000000000400e+00
3.352899999999999991e+00
3.392899999999999583e+00
3.432899999999999618e+00
3.472900000000000542e+00
3.512900000000000134e+00
3.552899999999999281e+00
3.593691999999999442e+00
3.636200000000000099e+00
3.676199999999999690e+00
3.716200000000000614e+00
3.756200000000000649e+00
3.796199999999999797e+00
3.836199999999999832e+00
3.876200000000000312e+00
3.916199999999999459e+00
3.956200000000000383e+00
3.996199999999999530e+00
4.036200000000000010e+00
4.077016000000000417e+00
4.119600000000000151e+00
4.159600000000000186e+00
4.199600000000000222e+00
4.239599999999999369e+00
4.279599999999999405e+00
4.319600000000000328e+00
4.359600000000000364e+00
4.399600000000000399e+00
4.439600000000000435e+00
4.479600000000000470e+00
4.519600000000000506e+00
4.560392000000000223e+00
4.602899999999999991e+00
4.642900000000000027e+00
4.682900000000000063e+00
4.722899999999999210e+00
4.762900000000000134e+00
4.802900000000000169e+00
4.842900000000000205e+00
4.882899999999999352e+00
4.922900000000000276e+00
4.962900000000000311e+00
5.003691999999999140e+00
5.046199999999999797e+00
5.086199999999999832e+00
5.126200000000000756e+00
5.166199999999999903e+00
5.206199999999999051e+00
5.246199999999999974e+00
5.286200000000000010e+00
5.326200000000000045e+00
5.366200000000000081e+00
5.406200000000000117e+00
5.446200000000000152e+00
5.486992000000000758e+00
5.529500000000000526e+00
5.569499999999999673e+00
5.609500000000000597e+00
5.649499999999999744e+00
5.689500000000000668e+00
5.729499999999999815e+00
5.769500000000000739e+00
5.809499999999999886e+00
5.849499999999999922e+00
5.889499999999999957e+00
5.929500000000000881e+00
5.970316000000000400e+00
6.012900000000000134e+00
6.052900000000000169e+00
6.092900000000000205e+00
6.132900000000000240e+00
6.172900000000000276e+00
6.212900000000000311e+00
6.252900000000000347e+00
6.292899999999999494e+00
6.332900000000000418e+00
6.372899999999999565e+00
6.413692000000000171e+00
6.456199999999999051e+00
6.496199999999999974e+00
6.536200000000000010e+00
6.576200000000000045e+00
6.616200000000000081e+00
6.656200000000000117e+00
6.696200000000000152e+00
6.736200000000000188e+00
6.776199999999999335e+00
6.816200000000000259e+00
6.856199999999999406e+00
6.896992000000000012e+00
6.939500000000000668e+00
6.979499999999999815e+00
7.019499999999999851e+00
7.059499999999999886e+00
7.099499999999999922e+00
7.139499999999999957e+00
7.179499999999999993e+00
7.219500000000000028e+00
7.259500000000000952e+00
7.299500000000000988e+00
7.340292000000000705e+00
7.382799999999999585e+00
7.422800000000001397e+00
7.462799999999999656e+00
7.502799999999999692e+00
7.542799999999999727e+00
7.582799999999999763e+00
7.622799999999999798e+00
7.662800000000000722e+00
7.702799999999999869e+00
7.742800000000000793e+00
7.782800000000000828e+00
7.823615999999999460e+00
7.866200000000000081e+00
7.906200000000000117e+00
7.946200000000000152e+00
7.986200000000000188e+00
8.026200000000001111e+00
8.066200000000000259e+00
8.106196999999999875e+00
8.146200000000000330e+00
8.186200000000001253e+00
8.226199999999998624e+00
8.266200000000001324e+00
8.306991999999999265e+00
8.349499999999999034e+00
8.389499999999999957e+00
8.429499999999999105e+00
8.469500000000000028e+00
8.509500000000000952e+00
8.549500000000000099e+00
8.589500000000001023e+00
8.629488000000000270e+00
8.669500000000001094e+00
8.709500000000000242e+00
8.750291999999999959e+00
8.792800000000001504e+00
8.832799999999998875e+00
8.872799999999999798e+00
8.912800000000000722e+00
8.952799999999999869e+00
8.992800000000000793e+00
9.032799999999999940e+00
9.072800000000000864e+00
9.112800000000000011e+00
9.152799999999999159e+00
9.192799999999998306e+00
9.233591999999999800e+00
9.276099999999999568e+00
9.316099999999998715e+00
9.356099999999999639e+00
9.396100000000002339e+00
9.436099999999999710e+00
9.476100000000000634e+00
9.516099999999999781e+00
9.556100000000000705e+00
9.596099999999999852e+00
9.636100000000000776e+00
9.676916000000000295e+00
9.719497000000002274e+00
9.759500000000000952e+00
9.799500000000000099e+00
9.839500000000001023e+00
9.879500000000000171e+00
9.919500000000001094e+00
9.959500000000000242e+00
9.999500000000001165e+00
1.003950000000000209e+01
1.007949999999999946e+01
1.011950000000000038e+01
1.016029200000000010e+01
1.020279999999999987e+01
1.024280000000000079e+01
1.028279999999999994e+01
1.032280000000000086e+01
1.036280000000000001e+01
1.040279999999999916e+01
1.044279999999999831e+01
1.048280000000000101e+01
1.052280000000000193e+01
1.056279999999999930e+01
1.060279099999999985e+01
1.064359199999999994e+01
1.068609999999999971e+01
1.072609999999999886e+01
1.076609999999999978e+01
1.080610000000000070e+01
1.084609999999999985e+01
1.088610000000000078e+01
1.092609999999999992e+01
1.096609699999999954e+01
1.100609999999999999e+01
1.104610399999999970e+01
1.108691799999999894e+01
1.112950000000000017e+01
1.116947599999999952e+01
1.120942399999999850e+01
1.124949999999999939e+01
1.128947600000000051e+01
1.132939999999999969e+01
1.136939999999999884e+01
1.140939999999999799e+01
1.144940000000000069e+01
1.148939999999999984e+01
1.152940000000000076e+01
1.157021600000000205e+01
1.161280000000000001e+01
1.165279999999999916e+01
1.169279999999999831e+01
1.173279999999999923e+01
1.177280000000000015e+01
1.181279999999999930e+01
1.185280000000000022e+01
1.189280000000000115e+01
1.193280000000000030e+01
1.197279999999999944e+01
1.201280000000000037e+01
1.205359200000000008e+01
1.209609999999999985e+01
1.213609699999999947e+01
1.217609999999999992e+01
1.221610000000000085e+01
1.225609999999999999e+01
1.229610100000000017e+01
1.233610000000000007e+01
1.237610000000000099e+01
1.241610000000000014e+01
1.245608200000000032e+01
1.249689199999999900e+01
1.253940000000000055e+01
1.257939999999999969e+01
1.261939999999999884e+01
1.265939999999999799e+01
1.269940000000000069e+01
1.273939999999999984e+01
1.277940000000000076e+01
1.281939999999999991e+01
1.285940000000000083e+01
1.289939999999999998e+01
1.293939999999999912e+01
1.298021600000000042e+01
1.302280000000000015e+01
1.306279999999999930e+01
1.310280000000000022e+01
1.314279999999999937e+01
1.318280000000000030e+01
1.322279999999999944e+01
1.326280000000000037e+01
1.330279999999999951e+01
1.334280000000000044e+01
1.338279999999999959e+01
1.342359200000000108e+01
1.346610000000000085e+01
1.350609999999999999e+01
1.354610000000000092e+01
1.358610000000000007e+01
1.362609999999999921e+01
1.366610000000000014e+01
1.370609999999999928e+01
1.374610000000000198e+01
1.378610000000000113e+01
1.382610000000000028e+01
1.386609999999999943e+01
1.390689199999999914e+01
1.394940000000000069e+01
1.398939999999999984e+01
1.402940100000000001e+01
1.406939999999999991e+01
1.410940000000000083e+01
1.414939999999999998e+01
1.418939999999999912e+01
1.422939999999999827e+01
1.426939999999999920e+01
1.430939699999999881e+01
1.434939700000000151e+01
1.439019200000000076e+01
1.443269999999999875e+01
1.447269999999999968e+01
1.451270000000000238e+01
1.455269999999999975e+01
1.459270099999999815e+01
1.463269999999999982e+01
1.467270000000000074e+01
1.471270000000000344e+01
1.475270000000000081e+01
1.479269999999999996e+01
1.483351599999999948e+01
1.487609999999999921e+01
1.491610000000000014e+01
1.495610000000000106e+01
1.499610000000000021e+01
1.503610000000000113e+01
1.507610000000000028e+01
1.511609999999999765e+01
1.515610000000000035e+01
1.519610000000000127e+01
1.523610000000000220e+01
1.527609999999999779e+01
1.531689200000000284e+01
1.535940000000000261e+01
1.539939999999999820e+01
1.543939999999999912e+01
1.547939999999999827e+01
1.551939999999999920e+01
1.555940000000000190e+01
1.559939999999999927e+01
1.563939699999999888e+01
1.567939999999999934e+01
1.571940000000000026e+01
1.575939999999999941e+01
1.580019200000000090e+01
1.584270000000000067e+01
1.588269999999999982e+01
1.592270000000000074e+01
1.596270000000000344e+01
1.600269999999999726e+01
1.604269999999999996e+01
1.608270000000000266e+01
1.612269999999999825e+01
1.616269999999999740e+01
1.620269700000000057e+01
1.624349199999999982e+01
1.628599999999999781e+01
1.632600000000000406e+01
1.636599099999999751e+01
1.640599999999999525e+01
1.644600000000000151e+01
1.648600000000000065e+01
1.652599999999999980e+01
1.656599999999999895e+01
1.660600000000000520e+01
1.664600000000000080e+01
1.668599999999999639e+01
1.672681599999999946e+01
1.676940000000000097e+01
1.680940000000000012e+01
1.684939999999999927e+01
1.688939699999999888e+01
1.692940000000000111e+01
1.696939999999999671e+01
1.700940000000000296e+01
1.704940000000000211e+01
1.708940000000000126e+01
1.712939999999999685e+01
1.717019200000000012e+01
1.721270000000000167e+01
1.725269999999999726e+01
1.729269999999999996e+01
1.733270000000000266e+01
1.737269999999999825e+01
1.741269999999999740e+01
1.745270000000000366e+01
1.749269999999999925e+01
1.753269999999999484e+01
1.757269999999999754e+01
1.761270000000000024e+01
1.765349200000000351e+01
1.769600000000000151e+01
1.773600000000000065e+01
1.777599999999999980e+01
1.781599699999999942e+01
1.785599699999999856e+01
1.789600000000000080e+01
1.793599999999999639e+01
1.797599999999999909e+01
1.801600000000000179e+01
1.805600000000000094e+01
1.809600000000000009e+01
1.813679199999999980e+01
1.817930000000000135e+01
1.821929999999999694e+01
1.825930000000000319e+01
1.829930000000000234e+01
1.833929999999999794e+01
1.837930099999999811e+01
1.841930100000000081e+01
1.845930099999999996e+01
1.849929999999999808e+01
1.853930000000000078e+01
1.858011600000000030e+01
1.862269999999999825e+01
1.866270000000000095e+01
1.870270000000000366e+01
1.874269999999999925e+01
1.878269699999999887e+01
1.882269999999999754e+01
1.886269700000000071e+01
1.890269999999999939e+01
1.894270000000000209e+01
1.898270000000000124e+01
1.902270000000000039e+01
1.906349200000000010e+01
1.910600000000000165e+01
1.914600000000000080e+01
1.918599999999999639e+01
1.922599999999999909e+01
1.926599999999999824e+01
1.930600000000000094e+01
1.934600000000000009e+01
1.938599999999999923e+01
1.942600000000000193e+01
1.946599999999999753e+01
1.950679200000000435e+01
1.954930000000000234e+01
1.958929999999999794e+01
1.962930000000000064e+01
1.966929999999999978e+01
1.970929999999999893e+01
1.974929999999999808e+01
1.978929699999999769e+01
1.982930000000000348e+01
1.986929400000000001e+01
1.990930000000000177e+01
1.994930000000000092e+01
1.999011600000000044e+01
2.003267599999999860e+01
2.007260000000000133e+01
2.011260000000000048e+01
2.015259999999999962e+01
2.019260000000000232e+01
2.023260000000000147e+01
2.027260000000000062e+01
2.031259999999999977e+01
2.035259999999999891e+01
2.039260000000000161e+01
2.043259999999999721e+01
2.047341600000000028e+01
2.051599999999999824e+01
2.055600000000000094e+01
2.059600000000000009e+01
2.063599999999999923e+01
2.067600000000000193e+01
2.071599999999999753e+01
2.075600000000000023e+01
2.079600000000000293e+01
2.083600000000000207e+01
2.087599999999999767e+01
2.091679200000000094e+01
2.095929999999999893e+01
2.099929999999999808e+01
2.103930000000000078e+01
2.107930000000000348e+01
2.111929999999999907e+01
2.115930000000000177e+01
2.119930000000000092e+01
2.123930000000000007e+01
2.127929999999999566e+01
2.131929999999999836e+01
2.135930000000000106e+01
2.140009199999999723e+01
2.144260000000000232e+01
2.148260000000000147e+01
2.152260199999999912e+01
2.156259999999999977e+01
2.160260000000000247e+01
2.164260000000000161e+01
2.168259999999999721e+01
2.172259999999999991e+01
2.176260000000000261e+01
2.180259999999999820e+01
2.184259999999999735e+01
2.188341599999999687e+01
2.192600000000000193e+01
2.196599999999999753e+01
2.200600000000000023e+01
2.204600000000000293e+01
2.208599999999999852e+01
2.212600000000000122e+01
2.216600000000000392e+01
2.220599699999999999e+01
2.224597599999999886e+01
2.228590000000000160e+01
2.232671600000000112e+01
2.236929999999999552e+01
2.240930000000000177e+01
2.244930000000000447e+01
2.248930000000000007e+01
2.252929999999999566e+01
2.256929999999999836e+01
2.260930000000000106e+01
2.264929999999999666e+01
2.268929999999999936e+01
2.272930000000000206e+01
2.276930000000000121e+01
2.281009200000000448e+01
2.285259699999999938e+01
2.289260000000000161e+01
2.293259999999999721e+01
2.297259999999999991e+01
2.301260000000000261e+01
2.305259999999999820e+01
2.309259999999999735e+01
2.313260000000000005e+01
2.317260000000000275e+01
2.321259999999999835e+01
2.325339200000000517e+01
2.329590000000000316e+01
2.333589999999999876e+01
2.337590000000000146e+01
2.341590000000000416e+01
2.345589999999999975e+01
2.349589999999999890e+01
2.353589699999999496e+01
2.357590000000000074e+01
2.361589999999999634e+01
2.365590000000000259e+01
2.369590000000000174e+01
2.373671600000000126e+01
2.377929999999999566e+01
2.381929999999999836e+01
2.385930000000000106e+01
2.389929999999999666e+01
2.393929999999999936e+01
2.397930000000000206e+01
2.401930000000000121e+01
2.405930000000000035e+01
2.409930000000000305e+01
2.413930000000000220e+01
2.417930199999999985e+01
2.422009200000000106e+01
2.426260000000000261e+01
2.430260099999999568e+01
2.434259999999999735e+01
2.438260000000000005e+01
2.442260000000000275e+01
2.446259999999999835e+01
2.450260000000000105e+01
2.454260000000000375e+01
2.458259700000000336e+01
2.462259999999999494e+01
2.466339200000000176e+01
2.470589999999999975e+01
2.474589999999999890e+01
2.478590000000000160e+01
2.482590000000000074e+01
2.486589999999999634e+01
2.490590000000000259e+01
2.494590000000000174e+01
2.498589700000000136e+01
2.502590200000000209e+01
2.506590100000000376e+01
2.510590000000000188e+01
2.514669199999999805e+01
2.518919999999999959e+01
2.522920000000000229e+01
2.526919999999999789e+01
2.530920000000000059e+01
2.534920000000000329e+01
2.538920000000000243e+01
2.542919999999999803e+01
2.546920000000000073e+01
2.550920000000000343e+01
2.554919999999999902e+01
2.559001600000000565e+01
2.563260000000000005e+01
2.567260000000000275e+01
2.571259999999999835e+01
2.575260000000000105e+01
2.579260000000000375e+01
2.583259999999999934e+01
2.587259999999999494e+01
2.591260000000000474e+01
2.595260000000000034e+01
2.599259999999999948e+01
2.603259999999999863e+01
2.607339199999999835e+01
2.611589999999999989e+01
2.615589999999999904e+01
2.619590000000000174e+01
2.623590000000000089e+01
2.627589999999999648e+01
2.631589999999999918e+01
2.635590000000000188e+01
2.639590000000000103e+01
2.643590000000000018e+01
2.647585500000000280e+01
2.651590000000000202e+01
2.655669200000000174e+01
2.659920000000000329e+01
2.663920000000000243e+01
2.667919999999999803e+01
2.671919999999999717e+01
2.675919100000000128e+01
2.679919999999999902e+01
2.683919999999999817e+01
2.687920000000000087e+01
2.691920000000000357e+01
2.695919999999999916e+01
2.699999200000000599e+01
2.704250000000000043e+01
2.708249999999999957e+01
2.712250099999999620e+01
2.716250000000000142e+01
2.720250000000000057e+01
2.724249999999999972e+01
2.728250000000000242e+01
2.732250000000000156e+01
2.736250000000000071e+01
2.740249999999999986e+01
2.744249699999999947e+01
2.748331599999999497e+01
2.752589999999999648e+01
2.756589999999999918e+01
2.760590000000000188e+01
2.764590000000000103e+01
2.768590000000000018e+01
2.772590000000000288e+01
2.776590000000000202e+01
2.780589999999999762e+01
2.784590000000000032e+01
2.788590000000000302e+01
2.792589999999999861e+01
2.796669200000000188e+01
2.800920000000000343e+01
2.804919700000000304e+01
2.808919999999999817e+01
2.812920000000000087e+01
2.816920000000000357e+01
2.820919999999999916e+01
2.824919999999999831e+01
2.828920000000000456e+01
2.832920000000000016e+01
2.836919999999999575e+01
2.840999200000000258e+01
2.845250100000000160e+01
2.849249999999999972e+01
2.853250000000000242e+01
2.857249999999999801e+01
2.861250000000000426e+01
2.865249999999999986e+01
2.869250000000000256e+01
2.873249999999999815e+01
2.877249999999999730e+01
2.881250000000000000e+01
2.885250000000000270e+01
2.889331600000000222e+01
2.893587600000000037e+01
2.897579999999999956e+01
2.901578800000000058e+01
2.905579999999999430e+01
2.909580000000000410e+01
2.913579999999999970e+01
2.917579999999999885e+01
2.921580000000000155e+01
2.925580199999999920e+01
2.929580400000000040e+01
2.933662333333333194e+01
2.937920000000000087e+01
2.941920000000000357e+01
2.945920000000000272e+01
2.949919999999999831e+01
2.953920000000000101e+01
2.957919800000000166e+01
2.961920500000000445e+01
2.965919999999999845e+01
2.969920000000000115e+01
2.973920299999999983e+01
2.977920100000000048e+01
2.981999300000000375e+01
2.986250000000000426e+01
2.990249999999999986e+01
2.994250000000000256e+01
2.998249999999999815e+01
3.002249999999999730e+01
3.006250000000000000e+01
3.010250000000000270e+01
3.014250000000000185e+01
3.018249999999999744e+01
3.022250000000000014e+01
3.026250000000000284e+01
3.030329199999999901e+01
3.034580000000000410e+01
3.038579999999999970e+01
3.042579400000000334e+01
3.046579700000000201e+01
3.050580000000000425e+01
3.054579999999999984e+01
3.058579999999999899e+01
3.062580000000000169e+01
3.066579999999999728e+01
3.070580000000000354e+01
3.074661599999999950e+01
3.078920000000000101e+01
3.082920299999999969e+01
3.086919999999999575e+01
3.090919999999999845e+01
3.094920000000000115e+01
3.098917600000000050e+01
3.102910000000000323e+01
3.106909999999999883e+01
3.110909999999999798e+01
3.114909999999999357e+01
3.118910000000000338e+01
3.122991599999999579e+01
3.127250099999999478e+01
3.131250599999999906e+01
3.135249700000000317e+01
3.139250000000000185e+01
3.143249999999999744e+01
3.147250000000000014e+01
3.151250000000000284e+01
3.155250000000000199e+01
3.159250000000000469e+01
3.163250000000000028e+01
3.167249999999999943e+01
3.171329199999999915e+01
3.175580000000000425e+01
3.179579999999999984e+01
3.183580299999999852e+01
3.187580000000000169e+01
3.191580100000000186e+01
3.195580000000000354e+01
3.199579999999999913e+01
3.203579700000000230e+01
3.207579999999999387e+01
3.211580000000000723e+01
3.215659200000000340e+01
3.219910000000000139e+01
3.223910000000000053e+01
3.227909999999999968e+01
3.231910000000000593e+01
3.235910800000000620e+01
3.239910299999999665e+01
3.243910100000000085e+01
3.247909999999999542e+01
3.251910000000000167e+01
3.255909700000000129e+01
3.259909999999999286e+01
3.263991599999999949e+01
3.268249699999999791e+01
3.272249999999999659e+01
3.276250000000000284e+01
3.280249699999999535e+01
3.284249700000000161e+01
3.288250000000000028e+01
3.292249999999999943e+01
3.296250000000000568e+01
3.300250300000000436e+01
3.304249999999999687e+01
3.308329200000000014e+01
3.312579999999999814e+01
3.316580000000000439e+01
3.320580000000000354e+01
3.324580000000000268e+01
3.328580300000000136e+01
3.332579999999999387e+01
3.336580000000000723e+01
3.340580000000000638e+01
3.344579999999999842e+01
3.348580000000000467e+01
3.352579999999999671e+01
3.356659199999999998e+01
3.360909999999999798e+01
3.364910000000000423e+01
3.368910000000000338e+01
3.372909999999999542e+01
3.376910000000000167e+01
3.380910000000000082e+01
3.384909999999999286e+01
3.388909999999999911e+01
3.392909999999999826e+01
3.396909700000000498e+01
3.400910000000000366e+01
3.404989199999999983e+01
3.409240000000000492e+01
3.413240199999999192e+01
3.417240000000000322e+01
3.421240000000000236e+01
3.425239999999999441e+01
3.429240000000000066e+01
3.433239999999999981e+01
3.437237300000000317e+01
3.441240000000000521e+01
3.445239999999999725e+01
3.449321599999999677e+01
3.453580000000000183e+01
3.457579999999999387e+01
3.461580000000000723e+01
3.465579699999999974e+01
3.469579999999999842e+01
3.473580000000000467e+01
3.477579999999999671e+01
3.481579999999999586e+01
3.485580000000000211e+01
3.489579399999999509e+01
3.493580000000000041e+01
3.497659199999999657e+01
3.501910000000000167e+01
3.505910000000000082e+01
3.509909999999999286e+01
3.513909999999999911e+01
3.517909999999999826e+01
3.521910099999999488e+01
3.525910000000000366e+01
3.529909699999999617e+01
3.533910000000000196e+01
3.537910200000000316e+01
3.541989200000000437e+01
3.546240000000000236e+01
3.550239999999999441e+01
3.554239400000000160e+01
3.558239999999999981e+01
3.562239700000000653e+01
3.566240000000000521e+01
3.570239999999999725e+01
3.574240000000000350e+01
3.578240000000000265e+01
3.582239999999999469e+01
3.586240000000000094e+01
3.590319200000000421e+01
3.594570000000000221e+01
3.598568500000000370e+01
3.602570000000000050e+01
3.606569999999999965e+01
3.610569999999999169e+01
3.614570000000000505e+01
3.618570000000000420e+01
3.622569999999999624e+01
3.626570000000000249e+01
3.630570000000000164e+01
3.634569999999999368e+01
3.638651600000000030e+01
3.642909999999999826e+01
3.646909999999999741e+01
3.650910000000000366e+01
3.654910000000000281e+01
3.658910399999999186e+01
3.662910000000000821e+01
3.666909999999999314e+01
3.670910000000000650e+01
3.674910000000000565e+01
3.678909999999999769e+01
3.682989200000000096e+01
3.687239999999999895e+01
3.691240000000000521e+01
3.695239999999999725e+01
3.699240199999999845e+01
3.703240000000000265e+01
3.707240299999999422e+01
3.711240100000000552e+01
3.715240100000000467e+01
3.719239999999999213e+01
3.723240000000000549e+01
3.727239999999999753e+01
3.731319199999999370e+01
3.735569999999999169e+01
3.739570000000000505e+01
3.743570000000000420e+01
3.747569999999999624e+01
3.751570100000000707e+01
3.755569999999999453e+01
3.759569999999999368e+01
3.763569999999999993e+01
3.767569999999999908e+01
3.771569999999999823e+01
3.775570000000000448e+01
3.779651600000001110e+01
3.783910000000000196e+01
3.787910000000000821e+01
3.791909999999999314e+01
3.795907600000000315e+01
3.799899999999999523e+01
3.803900000000000148e+01
3.807900000000000063e+01
3.811899999999999977e+01
3.815900000000000603e+01
3.819899999999999096e+01
3.823981599999999759e+01
3.828240100000000012e+01
3.832240099999999927e+01
3.836240100000000552e+01
3.840240000000000720e+01
3.844239999999999213e+01
3.848240000000000549e+01
3.852240099999999501e+01
3.856240099999999416e+01
3.860240100000000041e+01
3.864240299999999451e+01
3.868240299999999365e+01
3.872319400000000655e+01
3.876570100000000707e+01
3.880569999999999453e+01
3.884570099999999826e+01
3.888570100000000451e+01
3.892569999999999908e+01
3.896570099999999570e+01
3.900570000000000448e+01
3.904569999999999652e+01
3.908570000000000277e+01
3.912570000000000192e+01
3.916649299999999556e+01
3.920899999999999608e+01
3.924899999999999523e+01
3.928900099999999895e+01
3.932900099999999810e+01
3.936900099999999725e+01
3.940900000000000603e+01
3.944899999999999096e+01
3.948900000000000432e+01
3.952900100000000805e+01
3.956899999999999551e+01
3.960900200000000382e+01
3.964981699999999876e+01
3.969239999999999213e+01
3.973240100000000297e+01
3.977240099999999501e+01
3.981239999999999668e+01
3.985240100000000041e+01
3.989240000000000208e+01
3.993237600000000498e+01
3.997229999999998995e+01
4.001230000000000331e+01
4.005229999999999535e+01
4.009229999999999450e+01
4.013311600000000112e+01
4.017569999999999908e+01
4.021569999999999823e+01
4.025570000000000448e+01
4.029570100000000110e+01
4.033570100000000025e+01
4.037570100000000650e+01
4.041570099999999854e+01
4.045570100000000480e+01
4.049570000000000647e+01
4.053570099999999599e+01
4.057649200000000178e+01
4.061899999999999977e+01
4.065900000000000603e+01
4.069899999999999096e+01
4.073900000000000432e+01
4.077900000000000347e+01
4.081899999999999551e+01
4.085900000000000176e+01
4.089899999999999380e+01
4.093900099999999753e+01
4.097900100000000378e+01
4.101899999999999835e+01
4.105979200000000162e+01
4.110229999999999961e+01
4.114230000000000587e+01
4.118230000000000501e+01
4.122229999999998995e+01
4.126230100000000078e+01
4.130229999999999535e+01
4.134230099999999197e+01
4.138230100000000533e+01
4.142229999999999990e+01
4.146230199999999400e+01
4.150311600000000567e+01
4.154570199999999858e+01
4.158570000000000277e+01
4.162570000000000192e+01
4.166570000000000107e+01
4.170570000000000732e+01
4.174570100000000394e+01
4.178570200000000057e+01
4.182570100000000224e+01
4.186569999999999681e+01
4.190570099999999343e+01
4.194567600000000596e+01
4.198641599999999841e+01
4.202900000000000347e+01
4.206899999999999551e+01
4.210900000000000176e+01
4.214899999999999380e+01
4.218899999999999295e+01
4.222900100000000378e+01
4.226900099999999583e+01
4.230899999999999750e+01
4.234900100000000123e+01
4.238899999999999579e+01
4.242900000000000205e+01
4.246979199999999821e+01
4.251230000000000331e+01
4.255229999999999535e+01
4.259229999999999450e+01
4.263230000000000075e+01
4.267229999999999990e+01
4.271230099999999652e+01
4.275230000000000530e+01
4.279230100000000192e+01
4.283230000000000359e+01
4.287230000000000274e+01
4.291309199999999890e+01
4.295559999999999690e+01
4.299559999999999604e+01
4.303560000000000230e+01
4.307560099999999892e+01
4.311560000000000059e+01
4.315559999999999974e+01
4.319560099999999636e+01
4.323560200000000009e+01
4.327560000000000429e+01
4.331560100000000091e+01
4.335560000000000258e+01
4.339641600000000210e+01
4.343899999999999295e+01
4.347900200000000126e+01
4.351899999999999835e+01
4.355900099999999497e+01
4.359900100000000123e+01
4.363900100000000037e+01
4.367900099999999952e+01
4.371900000000000119e+01
4.375900099999999782e+01
4.379900000000000659e+01
4.383900200000000069e+01
4.387979299999999938e+01
4.392229999999999990e+01
4.396230099999999652e+01
4.400230100000000277e+01
4.404230100000000192e+01
4.408230199999999854e+01
4.412230000000000274e+01
4.416229999999999478e+01
4.420230000000000103e+01
4.424230000000000729e+01
4.428229999999999222e+01
4.432309200000000260e+01
4.436560099999999807e+01
4.440559999999999974e+01
4.444559999999999889e+01
4.448560200000000009e+01
4.452560100000000176e+01
4.456559999999999633e+01
4.460560000000000258e+01
4.464559999999999462e+01
4.468559999999999377e+01
4.472560000000000002e+01
4.476559999999999917e+01
4.480639299999999281e+01
4.484889999999999333e+01
4.488890000000000668e+01
4.492890100000000331e+01
4.496890099999999535e+01
4.500890000000000413e+01
4.504890099999999364e+01
4.508889999999999532e+01
4.512890000000000157e+01
4.516890000000000072e+01
4.520890199999999481e+01
4.524971600000000649e+01
4.529229999999999023e+01
4.533230100000000107e+01
4.537230200000000480e+01
4.541230099999999226e+01
4.545230000000000103e+01
4.549230000000000729e+01
4.553229999999999222e+01
4.557230200000000764e+01
4.561229999999999762e+01
