2.445738210460679518e-03
2.956379393763974850e-03
2.844798354845079480e-03
2.922106204815019814e-03
2.810525165896110567e-03
2.876721904754964143e-03
2.731807532502711355e-03
2.720226493583791094e-03
2.597534343553753455e-03
2.652619971301506396e-03
2.441038932382552651e-03
2.451670529158594958e-03
2.973392466236624010e-03
2.928478093984374087e-03
2.905785943954325434e-03
2.760871571702072647e-03
2.815957199449811710e-03
2.782153938308662422e-03
2.703906232723096714e-03
2.781214082693037049e-03
2.669633043774141679e-03
2.502496449299632109e-03
2.602017216921242992e-03
2.979295602417650346e-03
2.523270119054274452e-03
2.867244635690935350e-03
2.877885818994230238e-03
2.844082557853080950e-03
2.765834852267487487e-03
2.820920480015226550e-03
2.731561663318532451e-03
2.642202846621838352e-03
2.575066252147359402e-03
2.663485213228442006e-03
2.463005980850016541e-03
2.495839921901985003e-03
2.928703327427520375e-03
2.972677844064144925e-03
2.749985694034118300e-03
2.805071321781871241e-03
2.793490282862950980e-03
2.759687021721801692e-03
2.781439316136197215e-03
2.658747166106187332e-03
2.658277238298367706e-03
2.568918421601673607e-03
2.546216685044330741e-03
3.067938622122359793e-03
3.011913138759009234e-03
2.911443210951186744e-03
2.944306616476710659e-03
2.810503355335572384e-03
2.798922316416638245e-03
2.720674610831058660e-03
2.731315794134353547e-03
2.675290310771002988e-03
2.541487331586531062e-03
2.596564265669829008e-03
2.473841758303396698e-03
2.451149608273375802e-03
2.928457458243341471e-03
2.961320863768865386e-03
2.816406491516612598e-03
2.915936563708795837e-03
2.671022191456554062e-03
2.770552263648723423e-03
2.636749002507599027e-03
2.625167963588664888e-03
2.524698035780842398e-03
2.535329914513537175e-03
3.068163855565519960e-03
2.989916149979940374e-03
2.978335111061020113e-03
2.888976294364312136e-03
2.877395255445391875e-03
2.732480883193139087e-03
2.865344288718651988e-03
2.642652138688639241e-03
2.719959988658593453e-03
2.552823394184125516e-03
2.507899717361247727e-03
3.085178102857688565e-03
2.440263730605421455e-03
2.950904913908716787e-03
2.905990541656480741e-03
2.894409502737532724e-03
2.816161797151953139e-03
2.804580758233046756e-03
2.692999719314109752e-03
2.692529791506304004e-03
2.536504308142936703e-03
2.636034380335133820e-03
2.468888199333357791e-03
2.435054580855827711e-03
3.045695764159112029e-03
2.989670280795761470e-03
2.933644797432410911e-03
2.877619314069018719e-03
2.854927164038997822e-03
2.787790569564518872e-03
2.776209530645598611e-03
2.764628491726692228e-03
2.630825230585540075e-03
2.585910858333276274e-03
2.507653848177082700e-03
2.984932233673506796e-03
3.017795639199016833e-03
2.861770155835663410e-03
2.872411339138944419e-03
2.883052522442253185e-03
2.771471483523343937e-03
2.759890444604423676e-03
2.726087183463274388e-03
2.736728366766555398e-03
2.580702883403215853e-03
2.580223651024796117e-03
2.490835369854560444e-03
2.512587664268928211e-03
2.923228847572262312e-03
2.922758919764456564e-03
2.788955658623290534e-03
2.866263508593258624e-03
2.765793580785450012e-03
2.787545875199873291e-03
2.731520391836494976e-03
2.675494908473130540e-03
2.586136091776450319e-03
2.574545748286929947e-03
2.551824133783339721e-03
2.984687539308847337e-03
2.395328722612152794e-03
2.828192128137660410e-03
2.872166644774298838e-03
2.738363383633174442e-03
2.704560122492011276e-03
2.704090194684205528e-03
2.659175822431941727e-03
2.580928116846376019e-03
2.591569300149657029e-03
2.524423119147897743e-03
2.535033945114825715e-03
2.490119572862548036e-03
2.878538533943653110e-03
2.933624161691378296e-03
2.766487567216910359e-03
2.810462083853534909e-03
2.665547711601282121e-03
2.687300006015677645e-03
2.597941189318997424e-03
2.608582372622306189e-03
2.508103140243869711e-03
2.529825970184751416e-03
3.062689375710275774e-03
2.951108336791338771e-03
2.972860631205748172e-03
2.805724036731280235e-03
2.883031886701234447e-03
2.760339736671210686e-03
2.704314253307846250e-03
2.548288769944478949e-03
2.614485508803332525e-03
2.569571136551082602e-03
2.524647459728232568e-03
3.001925845224628908e-03
2.412567028527934365e-03
2.967652656275687750e-03
2.911627172912309436e-03
2.900046133993403052e-03
2.799576206185580562e-03
2.732439611711101612e-03
2.676414128347723298e-03
2.675944200539917550e-03
2.453252050509877047e-03
2.519439484798158269e-03
2.963384536961238824e-03
2.340692386931200741e-03
2.906889125790054762e-03
2.684196975760014259e-03
2.494838159063317296e-03
2.194368231255489077e-03
1.871676081225459587e-03
1.382317264528767908e-03
1.026291781165394879e-03
4.591551866909293622e-04
5.868525888311215688e-05
-5.417942554519633580e-04
-1.008961207262848436e-03
-9.649866906262100086e-04
-1.387678840656242363e-03
-1.843704324019618257e-03
-2.099729807382974545e-03
-2.400199735190788886e-03
-2.600669627754015334e-03
-2.534472924139746786e-03
-2.557165074169781560e-03
-2.357635001977581579e-03
-2.213660485340968043e-03
-1.880806384386035646e-03
-1.103527998889616835e-03
-1.126220148919637731e-03
-2.044678545052441843e-04
3.172844399091795387e-04
8.945922898791341948e-04
1.483011250960231120e-03
2.126985767596858978e-03
2.737627091878483410e-03
3.226045911981237357e-03
3.414464873062281192e-03
3.380652307350545671e-03
3.046819581735873972e-03
2.779682987261403171e-03
2.834768615009128356e-03
2.300965353867992502e-03
1.744939870504641499e-03
1.322247720474581389e-03
5.217777926667804822e-04
-9.143573632408585894e-07
-5.902731740599354016e-04
-1.212965324090001240e-03
-1.735657474120036459e-03
-2.180581150942870194e-03
-2.536636098779784798e-03
-2.270439359920939371e-03
-2.470909287728736969e-03
-2.515823659980986893e-03
-2.427404698899918167e-03
-2.350096848929963955e-03
-2.128344554515534948e-03
-1.817703371212245345e-03
-1.340395521242279675e-03
-9.297543379389872076e-04
-3.635671856073996455e-04
6.470436756040864879e-04
6.799070458850253740e-04
1.812770451410553041e-03
2.301189412491619346e-03
2.834052818017171460e-03
3.278027334653765834e-03
3.666446295734870908e-03
3.677087479038151918e-03
3.543284217897013644e-03
3.153925401200324830e-03
2.786788806725837286e-03
2.819642907680774968e-03
1.741365737621625165e-03
1.707562476480489755e-03
1.095981437561552307e-03
5.066226208648716423e-04
-2.716250847207279939e-04
-8.054283458618777258e-04
-1.483676051447446742e-03
-2.095257090366398067e-03
-2.717949240396422272e-03
-3.073974723759795302e-03
-3.330000101389410383e-03
-3.330479439501571326e-03
-2.830978831782918204e-03
-3.320337648479637638e-03
-2.609696465176336577e-03
-2.432388615206351745e-03
-2.021747431903059278e-03
-1.688884026377540648e-03
-1.256020620852019154e-03
-9.453794023041306449e-04
-5.458493653565238413e-04
-2.352082290460189018e-04
9.764561344861866221e-05
8.304786851341533493e-04
5.300090392830331121e-04
1.285095277936909586e-03
1.562402235044058063e-03
1.650821478081820892e-03
1.772574665359058499e-03
1.905438070884571400e-03
1.949412587521209828e-03
2.037831548602278553e-03
1.959583843016685090e-03
1.970225026319993855e-03
1.725301067540443989e-03
1.635911893507382975e-03
1.857664187921784227e-03
1.534972037891754737e-03
1.112279887861722383e-03
7.229210711650058130e-04
3.224511433572163632e-04
3.309232666051653560e-05
-2.118220455917391165e-04
-5.122919733995534575e-04
-6.016507900962614341e-04
-7.687873845707293707e-04
-7.470443947269200802e-04
-2.697660092304959845e-04
-7.035692351270717015e-04
-1.040391981794591691e-04
9.549087401272693398e-05
2.172431684271253216e-04
4.612176733155975983e-04
6.385255350337404323e-04
8.825000516703707110e-04
1.115363457195886476e-03
1.081560407522261236e-03
1.192192074787462586e-03
1.480581571394995466e-03
7.467783102538261275e-04
1.024086160223813824e-03
4.125051213048763765e-04
-1.768536953918181664e-04
-8.773236231996300871e-04
-1.855571328785235452e-03
-2.567152367704134130e-03
-3.378733406623077307e-03
-3.868092223319768985e-03
-4.146339928905354300e-03
-4.280152776573786788e-03
-3.858430839495732845e-03
-3.914456322859111159e-03
-3.981592917333590109e-03
-3.948729511808093950e-03
-3.826977217393653929e-03
-3.705224922979269420e-03
-3.450139295231510750e-03
-3.217275889705981107e-03
-2.839968039736032179e-03
-2.440437967543826470e-03
-1.929806088811131248e-03
-8.414165922036170864e-04
-2.085531866780759858e-04
3.354213299585490082e-04
9.238402910396181777e-04
1.378925918787354821e-03
1.556233768757353531e-03
1.644652729838408378e-03
1.566405024252828793e-03
1.599268429778338829e-03
1.509909613081658608e-03
1.464995240829394807e-03
1.808960452895427840e-03
1.530683282836287074e-03
1.152435577250685017e-03
5.630767488058047165e-04
-8.183761169826275772e-05
-7.934186506171753139e-04
-1.560555245091646559e-03
-2.194358506232799155e-03
-2.772606211818379185e-03
-3.484187250737319497e-03
-3.840212698856079743e-03
-3.874015959997229031e-03
-4.796717449842460845e-03
-4.574994619901587289e-03
-4.719908992153853955e-03
-4.853712253294992229e-03
-4.787515514436138653e-03
-4.832429898436588211e-03
-4.621788703385101837e-03
-4.244480853415125154e-03
-3.878284114556276863e-03
-3.345420709030752504e-03
-2.779223970171912361e-03
-2.101925706729221299e-03
-9.913148807623034520e-04
-1.584514752367705004e-04
4.188563747332119114e-04
1.162830891369814879e-03
1.717916519117568264e-03
2.273002146865307771e-03
2.539198885724180954e-03
2.505395624583045544e-03
2.360481252330751123e-03
2.193344657856297064e-03
1.926208063381798508e-03
2.125728831003398378e-03
1.714118327610925085e-03
1.069203955358671854e-03
4.131784719953179863e-04
-4.761803447013851498e-04
-1.287761383620328326e-03
-2.132675755872573409e-03
-2.955367905902589465e-03
-3.655837798465830235e-03
-4.278529983740439468e-03
-4.790111022659374052e-03
-5.157247617133861595e-03
-4.679949071734482158e-03
-4.736004019571402046e-03
-4.669807280712548470e-03
-4.592499430742566502e-03
-4.315191580772620439e-03
-4.071217064135990160e-03
-3.860575880832661788e-03
-3.527712475307157036e-03
-3.050404625337191367e-03
-2.017541219811652686e-03
-2.051344445708230824e-03
-7.740459355534551333e-04
-2.523231056125729843e-04
4.360958554685129274e-04
9.800704778388930061e-04
1.735155999852869280e-03
2.156908294267262383e-03
2.656438366459484834e-03
2.833746216429441911e-03
2.733276288621619421e-03
2.221695249702698716e-03
1.632336433006004173e-03
1.331866505198203710e-03
2.202758797519993594e-04
-1.124668849836640838e-03
-2.402916555422240918e-03
-3.636719816563382945e-03
-4.870523042459939944e-03
-5.604326338845666555e-03
-6.015907377764598274e-03
-6.027488416683518535e-03
-5.872402788935762730e-03
-5.483983827854685411e-03
-4.517787088995833811e-03
-3.873821876929792185e-03
-3.374321269211180696e-03
-2.697013419241195420e-03
-2.153038902604570426e-03
-1.520175497079029325e-03
-7.984232026646415070e-04
-2.433375749168881219e-04
1.339702750530746833e-04
4.001670139119478664e-04
2.996970861041114986e-04
-3.118839528148120710e-04
-8.456872139559618029e-04
-1.201722001889907188e-03
-1.946665838615718735e-03
-3.069357988645757263e-03
-4.114272360898008074e-03
-5.014742253461240695e-03
-5.692989959046823589e-03
-5.993459922099209081e-03
-5.793929849907036855e-03
-5.138844222159280606e-03
-4.294869705522633141e-03
-3.206450744441577405e-03
-1.562476227804920903e-03
-4.962887935166665487e-04
1.032118142019478046e-04
4.582974419497093388e-04
3.022719585863281599e-04
-3.426424136659250719e-04
-1.132001230362625344e-03
-2.010248947696399724e-03
-2.855163319948658684e-03
-3.633411025534244443e-03
-4.267214274927197404e-03
-4.067684202735025178e-03
-4.101497050403440925e-03
-3.479775113325409008e-03
-3.391356152244354161e-03
-2.902937191163260100e-03
-2.470073785637724728e-03
-1.992765900423187908e-03
-1.426569196808918916e-03
-9.603724227054827312e-04
-6.608423857578649141e-04
-2.168678691212289067e-04
-6.284489080401467476e-04
-1.217807724736855168e-03
-2.029398068226370699e-03
-2.796564127174397396e-03
-3.508145166093337708e-03
-4.153059538345577062e-03
-4.564640577264508781e-03
-4.753999393961219622e-03
-4.565580432880120276e-03
-3.899383694021277269e-03
-2.944298066273526304e-03
-3.055879105192449430e-03
-1.900793477444720492e-03
-1.334606043156466582e-03
-6.684387687711235149e-04
-3.466864743567332763e-04
-2.360452910534355242e-04
-3.920707744168028253e-04
-9.147629244468380438e-04
-1.726343963365753464e-03
-2.549036078151198370e-03
-3.693950485648050952e-03
-4.816642565188905545e-03
-5.494890341263672373e-03
-6.650915824627026685e-03
-7.329173116739903793e-03
-7.185228675482976946e-03
-6.674586599316842395e-03
-6.041723193791315172e-03
-5.108859788265807111e-03
-4.242663049406944498e-03
-3.232021866103620966e-03
-2.588047349467006986e-03
-1.721850610608144372e-03
-5.556538717492870427e-04
-6.005682440015369661e-04
2.434062726350688655e-04
3.318156471888711323e-04
-1.353513046219861904e-04
-6.802656768742226800e-04
-1.380735604682062356e-03
-2.136761088045419088e-03
-2.937231015853219995e-03
-3.882145388105481820e-03
-4.615948649246623403e-03
-4.916418577054437744e-03
-6.016888504862261122e-03
-5.784025099336717601e-03
-5.884504331715126324e-03
-5.885003723996487524e-03
-5.652140318470971758e-03
-5.341499135167668277e-03
-4.875302396308830999e-03
-4.409105657449979843e-03
-4.087353363035561848e-03
-3.654489957510026477e-03
-3.477182107540069400e-03
-2.655429813125650962e-03
-2.478121963155693885e-03
-2.489703002074628024e-03
-2.623515567786352531e-03
-2.768459404512174649e-03
-3.057818221208846721e-03
-3.191621505846412021e-03
-3.558758076824486416e-03
-3.825894671298957217e-03
-4.137475710217899949e-03
-4.337945638025683670e-03
-4.005082232500192796e-03
-4.227774382530219421e-03
-4.394910977004701236e-03
-4.484269793701409212e-03
-4.629193752480914581e-03
-4.718582926514003351e-03
-4.463497298766272436e-03
-4.330633893240745658e-03
-4.064437154381886352e-03
-3.953795971078588600e-03
-3.654265898886399633e-03
-2.843624715583109586e-03
-2.832983497035215792e-03
-2.789008733686496044e-03
-2.845033324187021262e-03
-3.001068394077655022e-03
-3.234902012555204709e-03
-3.524260829251890659e-03
-3.958064090393037526e-03
-4.291867351534181529e-03
-4.781226168230887086e-03
-4.970584984927584049e-03
-4.659943801624280568e-03
-4.771524840543203694e-03
-4.916439212795456482e-03
-4.883575807269932567e-03
-4.939601290633297004e-03
-4.662302745233923296e-03
-4.385024324492919900e-03
-4.107716509767544988e-03
-3.685964215353138007e-03
-3.275323032049845540e-03
-2.720237404302092155e-03
-1.631818443221008663e-03
-1.698955037695473735e-03
-9.216471877255411060e-04
-8.443393377555730162e-04
-1.255920376674490857e-03
-1.967510720164017402e-03
-2.856899001334262111e-03
-3.901813373586512923e-03
-4.946727745838763735e-03
-5.969419895868799397e-03
-6.892112045898832196e-03
-7.581470862595543481e-03
-7.693051866269867700e-03
-6.893521829322277195e-03
-6.482880646018984727e-03
-6.094461684937893531e-03
-5.406042723856835375e-03
-4.728744460414130435e-03
-3.873689190002777005e-03
-3.151936895588347554e-03
-2.496851267840619060e-03
-1.930654528981765039e-03
-1.497791123456243545e-03
-1.120483273486266862e-03
-5.098420901829686658e-04
-1.510312017990789180e-03
-2.577448612465255140e-03
-3.522362984717530843e-03
-4.589499602688396074e-03
-5.256645478237079172e-03
-5.746033759407326302e-03
-5.568725921185541106e-03
-5.246973615022951232e-03
-4.325221320608543807e-03
-3.425691248416365409e-03
-3.315050065113039901e-03
-1.948853326254204599e-03
-1.404878809617565727e-03
-7.164598132918809092e-04
-1.280408874553967680e-04
4.270354357217565067e-04
8.154249323292644958e-04
1.059399448965894774e-03
1.236707298935879606e-03
7.917929266836182256e-04
4.246563322091445603e-04
-1.109146928932006060e-03
-1.431839078962049427e-03
-2.365642304858597833e-03
-2.932778958074047648e-03
-3.366582207466994880e-03
-3.478163234637732248e-03
-3.411975800349451027e-03
-2.879141859297495998e-03
-2.212945120438652991e-03
-1.435637270468678728e-03
-1.583294204986901432e-04
2.189784294712449064e-04
1.562952946107892815e-03
2.373594129411196740e-03
2.962013090492265910e-03
3.528209829351119931e-03
3.861073234876638560e-03
3.860593720541566354e-03
3.571204546508471855e-03
2.970734618700662799e-03
2.214709135337278312e-03
1.336461429751717445e-03
5.582137241661039306e-04
1.577437963583006031e-04
-6.760594647828438442e-04
-1.387640503701770278e-03
-2.065888209287353172e-03
-2.655247025984061593e-03
-2.766828064902998596e-03
-2.678418408392488348e-03
-2.345584467340525170e-03
-1.801609950703900176e-03
-1.302079878511705480e-03
-5.914386952084044191e-04
5.414247103171232478e-04
1.118732560287077904e-03
1.529373743590384249e-03
1.928903815782576081e-03
2.083989443530304131e-03
2.205742266613505698e-03
2.171938476803580986e-03
1.971459244425169399e-03
1.626515407699369309e-03
1.259378813224881766e-03
8.589088854170923160e-04
9.251056242759320147e-04
5.246358022018837719e-04
9.083243532696794187e-05
-3.096374924808353857e-04
-6.212185313997503622e-04
-7.994662369853466899e-04
-1.088825053682046518e-03
-1.122637619393782038e-03
-1.089803678341813575e-03
-9.236069394829710122e-04
-2.574102123723137625e-04
-6.801023506541326036e-04
1.638721659824871058e-04
3.856244603969161133e-04
7.184878659224208652e-04
1.006906827003509197e-03
1.350881343640128462e-03
1.461522526943440092e-03
1.961052634380205939e-03
1.971684195911635462e-03
2.182295021878541408e-03
2.770713982959652211e-03
2.003577388485180966e-03
2.358663016232914744e-03
1.980415310647312688e-03
1.568834271728380969e-03
1.123919899476119588e-03
6.123388605572127608e-04
-5.479773391726949772e-05
-5.997121061695198652e-04
-1.422404256199549799e-03
-2.033994599689087357e-03
-2.801160658637114054e-03
-3.334963884533664880e-03
-3.146544958697178318e-03
-3.402570442060548483e-03
-3.280818147646122340e-03
-3.214621408787282641e-03
-3.048424669928412323e-03
-2.748894597736223355e-03
-2.527142303321822103e-03
-2.183167786685188960e-03
-1.739202574619139186e-03
-1.273035311982029238e-03
-7.957274502638639335e-04
3.482470663727782467e-04
9.144438052316045118e-04
1.391751655201584059e-03
2.024615060727097404e-03
2.579700688474850789e-03
2.890341871778154270e-03
2.889871943970334645e-03
2.733846460606967343e-03
2.266709866132504692e-03
1.699563685130731083e-03
1.010174793054333109e-03
7.430390914426876492e-04
-3.520847316455799625e-05
-9.467896530618302720e-04
-1.869481803091863070e-03
-2.947729508677457422e-03
-3.959310547596364693e-03
-4.859780475404196221e-03
-5.460250426708390670e-03
-5.771831489123691039e-03
-5.950088820397214651e-03
-5.795033463832421905e-03
-5.673281169418023517e-03
-4.840417763892490566e-03
-4.374221025033639410e-03
-4.052468730619207538e-03
-3.797383079375091230e-03
-3.364519756086925550e-03
-3.064989625153780040e-03
-2.621015108517144032e-03
-2.232596182680651742e-03
-1.721954975880943262e-03
-6.779897638149040562e-04
-1.673780332369784185e-04
3.765964833996604533e-04
9.427932222585005961e-04
1.431212183339594657e-03
1.775186699976227800e-03
2.030272327723958714e-03
1.852024622138390142e-03
1.807110249886126341e-03
1.595529210967200351e-03
1.395059283159388874e-03
1.650144910907133666e-03
1.405221234084277904e-03
1.082499619580692962e-03
6.598074695506744858e-04
3.371153900098011746e-04
-1.633545730425900455e-04
-7.304912027616544679e-04
-1.242072241680589051e-03
-1.820319947266182958e-03
-2.531900986185109392e-03
-3.065704247326231369e-03
-3.621729730689610127e-03
-4.055542578358023453e-03
-3.978265085724450034e-03
-4.278735048776849403e-03
-4.490316052451204243e-03
-4.635230424703443153e-03
-4.746811463622352401e-03
-4.680614442806818598e-03
-4.592194588862910654e-03
-4.414886738892939699e-03
-4.082023333367407192e-03
-3.804715483397461129e-03
-3.360740966760825121e-03
-2.350109369984795804e-03
-1.761720777988293185e-03
-1.295524097870426328e-03
-7.293272532778033446e-04
-2.409083274413081899e-04
3.030661891953168041e-04
7.692629280541679604e-04
1.179904111357460428e-03
1.546100850216322597e-03
1.523408700186287823e-03
1.378494327934035035e-03
1.055802177903991668e-03
1.144211834414488038e-03
5.659346643553525569e-04
-3.453526345247037721e-05
-7.238941153937389350e-04
-1.457697341290309367e-03
-2.269278391957438301e-03
-3.069748308017039573e-03
-3.636884902491532845e-03
-4.292910350610315562e-03
-4.848935869218265471e-03
-5.204961352581624623e-03
-4.860996140515605468e-03
-4.872606643908081181e-03
-4.673076571715881200e-03
-4.395768721745907381e-03
-4.085127538442590023e-03
-3.763375338013755234e-03
-3.241622984858374967e-03
-2.864315111391999014e-03
-2.264785027451643451e-03
-1.054143844148341946e-03
-1.010169292267132368e-03
1.560274113471399327e-04
7.333256747898281303e-04
1.266158758223570602e-03
1.510133239615601974e-03
1.809663311807804820e-03
1.564748974800120318e-03
1.008723491436755437e-03
1.971424172732688662e-04
-4.477719549789982434e-04
-8.371307716756870576e-04
-2.226489623616989544e-03
-2.560292849513562397e-03
-3.316327637447505361e-03
-3.927938140839970504e-03
-4.417296957536689939e-03
-4.417766885344495686e-03
-4.173792368707865408e-03
-3.718706776204713793e-03
-3.096954446545702178e-03
-2.352979929909071455e-03
-1.520116524383552381e-03
-6.872531188580194295e-04
6.122769533341565484e-04
1.334029247748572122e-03
1.644661126481275493e-03
1.866383956422135171e-03
1.599247361947650492e-03
9.209996563620537202e-04
1.427519507764679618e-04
-8.799401992535677008e-04
-1.891521238172474972e-03
-2.914213388202524513e-03
-3.803572204899199893e-03
-3.970708799373681708e-03
-4.315623136381369074e-03
-4.482759766100435916e-03
-3.983238998478841331e-03
-3.339293946315755046e-03
-2.561986119842180054e-03
-1.651344913042473994e-03
-7.740370630725107448e-04
3.660412023077930233e-05
8.805786368673990117e-04
1.746775375726275503e-03
2.779639098453065560e-03
3.245835520110651462e-03
2.912032258969493581e-03
2.222663855745529715e-03
1.199941348379113260e-03
1.661380872379492057e-04
-1.100998507236522483e-03
-2.245912844244191131e-03
-3.446382807296588524e-03
-4.413519401771079376e-03
-4.369544885134440948e-03
-4.492237035164450831e-03
-3.914929185194496175e-03
-3.259843486957597625e-03
-2.315869040810131230e-03
-1.694126050966304753e-03
-8.724032210254556441e-04
-2.062064821665848813e-04
4.155458122478139504e-04
6.484092177733297158e-04
1.114605956632180872e-03
1.936358239298399675e-03
1.780332767683245887e-03
2.468751764008902949e-03
2.446059578734283146e-03
2.101145182985625359e-03
1.556221529659188030e-03
1.100166581822242806e-03
5.885855429033359787e-04
2.658934633624904231e-04
-1.456876460456252298e-04
-1.906019830532901249e-04
1.533724983387441121e-04
-4.137640961357214042e-04
3.021042050091460318e-05
7.418493713753915308e-05
2.292705648853088363e-04
2.954673037441485350e-04
4.505436269212903522e-04
7.389331235288232325e-04
8.606855941661467613e-04
9.379932679132035878e-04
1.148634451216476449e-03
1.737053412297573374e-03
1.269916817823096844e-03
1.813891334459735716e-03
1.891199184429676050e-03
1.779618145510780680e-03
1.845814884369634257e-03
1.834233845450700118e-03
1.789309886671169858e-03
1.877698490415857790e-03
1.710561895941375976e-03
1.754536412578014404e-03
1.665177595881306427e-03
1.698040954414045678e-03
2.219793295821254064e-03
2.141545590235674479e-03
2.063297884650067138e-03
2.107272401286691688e-03
2.006802473478883075e-03
2.039656574433806879e-03
2.072490515485775342e-03
1.983131698789095121e-03
1.971550659870160982e-03
1.915525153010411152e-03
1.870610804254546622e-03
2.336807507868812750e-03
2.336337603557392395e-03
2.169201009082910581e-03
2.179842204134432859e-03
2.012705609659937167e-03
2.034457904074332690e-03
1.889534227251493670e-03
1.866812612747903444e-03
1.788564907162323858e-03
1.676983868243386855e-03
2.232069495991154118e-03
2.076044000879573304e-03
2.142240751486626515e-03
2.030659712567703390e-03
1.985745340315439589e-03
1.963053190285418692e-03
1.862583262477596202e-03
1.828780001336460792e-03
1.850522709223589857e-03
1.672244646301612736e-03
1.638441385160463448e-03
2.171304790686015562e-03
2.148612922612661014e-03
2.114810554334323189e-03
2.158785070970975495e-03
2.124981809829798451e-03
2.146734104244249486e-03
2.112930843103072442e-03
1.956905359739719019e-03
1.923092512071303273e-03
1.900369992956660314e-03
1.955455620704427133e-03
2.443874581785507316e-03
2.476737999059216988e-03
2.309601404584735174e-03
2.275798143443599764e-03
2.319772648332038556e-03
2.219302720524229944e-03
2.174388348271980020e-03
2.196140619190004029e-03
2.162337358048868619e-03
2.084080359640833047e-03
2.005803201329911523e-03
2.471999951936962314e-03
2.482641123492057567e-03
2.293282306795374481e-03
2.326145724069084153e-03
2.147898006735302068e-03
2.136316979564581442e-03
2.058069273978974101e-03
2.057599346171154475e-03
2.001573862807803916e-03
1.912205729792310072e-03
2.011706349259137494e-03
1.855680865895770193e-03
2.377433148561994281e-03
2.299185442976400817e-03
2.320937737390824096e-03
2.142690043553441281e-03
2.197775671301166467e-03
2.063972410160014315e-03
2.096835803937352471e-03
1.996365887877729617e-03
1.995895936573524598e-03
1.939860878431079461e-03
1.894916160590634502e-03
2.461112887701288887e-03
2.438420737671267990e-03
2.360173043833860285e-03
2.259703104277852037e-03
2.281455410440474951e-03
2.180985764589360443e-03
2.136072285199921983e-03
2.002269024058755953e-03
2.001799096250950205e-03
2.390218057332041401e-03
2.389738542996941439e-03
2.355904924519425236e-03
2.310990552267161435e-03
2.332742846681570836e-03
2.243384018236690980e-03
2.220691868206642328e-03
2.153555273732177255e-03
2.153085345924343752e-03
2.052615418116535140e-03
1.996589946501356461e-03
1.885008895834247578e-03
1.917863008537371017e-03
2.339585838478236424e-03
2.339115910670416798e-03
2.294201538418166875e-03
2.282620499499232736e-03
2.193261682802552515e-03
2.137236199439201956e-03
2.103432938298038790e-03
2.036296343823545962e-03
2.035826404267540579e-03
1.946467587570846480e-03
1.945997671511240368e-03
2.412185105799491414e-03
1.833907935740342054e-03
2.244549119043648400e-03
2.199634746791412354e-03
2.088053707872475351e-03
2.176472657205358319e-03
2.109336074479079004e-03
2.031088357145272028e-03
2.030618429337466280e-03
1.985704068833402114e-03
1.929678561973652284e-03
2.418087960023837524e-03
2.384254318049922050e-03
2.283784413738498831e-03
2.327758930375137258e-03
2.127289002567339660e-03
2.182374630315078723e-03
2.037460246314612422e-03
2.059212528980849943e-03
1.936520390698998062e-03
1.958272696861593221e-03
2.435580535083373133e-03
1.890666456535988749e-03
2.445743390619287139e-03
2.300798661030653558e-03
2.222550955445073972e-03
2.122081027637265360e-03
2.188277766496118937e-03
2.032252283132737758e-03
2.054004565798947524e-03
1.909090193546694736e-03
1.908620277487088623e-03
2.374817004597754022e-03
1.863235977427019074e-03
2.362766049619199893e-03
2.273397928351905684e-03
2.284009647181658997e-03
2.194650830484964898e-03
2.205292013788259786e-03
2.115933197091579565e-03
1.971018824839299022e-03
1.970548885283279761e-03
1.947856747001458499e-03
2.391831251889894872e-03
2.391361335830274881e-03
2.313113630244681418e-03
2.279301064532945897e-03
2.278801672251584698e-03
2.144998411110460301e-03
2.155639594413755189e-03
2.132947432635520779e-03
2.099144183242571127e-03
1.998674255434734759e-03
1.975982093656514227e-03
1.864401042989405344e-03
1.875042249789085624e-03
2.263461199121977185e-03
2.340769060840144911e-03
2.218067324282826935e-03
2.162011483583081706e-03
2.072652643389974458e-03
2.038849405745224441e-03
2.127268355078107409e-03
1.971242871714740108e-03
1.981884055018034996e-03
1.881414127210226384e-03
1.847610877817276731e-03
2.269363160483497954e-03
2.291115466646106991e-03
2.190645515341912986e-03
2.179055183600578371e-03
2.011889136400740741e-03
2.100308085733623709e-03
1.955393713481357043e-03
1.966034896784665809e-03
1.932231623895330763e-03
1.898428386250566868e-03
2.420180680664990591e-03
2.330821863968296492e-03
2.352574158382705893e-03
2.152104230574894417e-03
2.196069442640932734e-03
2.073347816389140008e-03
2.117322344773991949e-03
1.916852416966152717e-03
1.916382465661961576e-03
1.838134771824567748e-03
1.837664855764947758e-03
2.381639372401586630e-03
2.258947222371548991e-03
2.280699516785958392e-03
2.180229588978149780e-03
2.157537438948128883e-03
2.168169305932624025e-03
2.067669925399473474e-03
2.033866664258310308e-03
1.955618946924517210e-03
1.855149019116708597e-03
1.832456880834873458e-03
2.298653607945538857e-03
2.331517025219248529e-03
2.275491541855884092e-03
2.208354947381419020e-03
2.174551662743884339e-03
2.096294394127395933e-03
2.062460775649865852e-03
2.017546391649416293e-03
1.972632007648952857e-03
1.916606536033788055e-03
1.793914397751950052e-03
2.337888914388588923e-03
2.226307875469665798e-03
2.181393479721030482e-03
2.192034686520710762e-03
