1.758350811401243607e-03
2.339957359901390088e-03
2.021563908401691201e-03
2.036503790235233424e-03
1.873665894290998946e-03
1.699716887235636076e-03
2.103545657958005854e-03
2.040707762013815874e-03
1.755647643847557671e-03
1.992809747903223627e-03
2.018860740848005264e-03
1.991653983278995899e-03
2.108399283359929655e-03
2.078894720748847291e-03
1.904945713693650955e-03
2.264330039971729214e-03
2.201492144027428211e-03
2.183098692527807305e-03
2.220260796583495289e-03
2.168534011750433699e-03
2.172362782472792020e-03
2.287302664306378741e-03
2.348917213125134573e-03
2.143387190446988111e-03
2.469438183391792219e-03
2.362155843003088673e-03
2.199317947058798683e-03
2.092035606670095138e-03
2.818086599614855192e-03
2.777470925892921993e-03
2.836855252170922270e-03
2.685128467337871694e-03
2.811179460282475784e-03
2.759452675449303172e-03
2.998845002045891217e-03
2.904426090478973155e-03
2.697143750090225112e-03
3.200972520812750410e-03
3.149245735979577798e-03
2.964185617813086537e-03
2.990236610757868174e-03
3.205176492591443882e-03
3.297894152202662799e-03
2.857278478480829165e-03
3.238885026980997672e-03
3.187158242147936082e-03
3.659951484578982672e-03
3.465585673548599033e-03
3.747192222048945087e-03
3.828798770549091124e-03
3.343738652382632903e-03
3.414234089771817082e-03
3.562507304938788977e-03
3.688558297883393067e-03
3.614609290828130206e-03
3.807326950439449131e-03
3.733310360882868828e-03
3.972717169444028862e-03
3.845018025080304547e-03
3.926624573580506095e-03
4.363786677636261047e-03
4.223171003914338861e-03
4.349221996859109485e-03
3.741939656470461006e-03
4.167990649415032056e-03
4.638486086804227693e-03
4.131203746415623712e-03
4.479476961582462557e-03
4.316639065638172568e-03
4.567142503345889004e-03
4.728279147334424337e-03
4.654330140279161476e-03
4.569270022112714713e-03
4.873098792835095505e-03
4.543594230224268227e-03
4.614089667613341383e-03
5.062362882780224727e-03
4.943969431280614835e-03
4.703353757558537129e-03
4.996071417169900553e-03
4.824352632655293238e-03
4.729933721088264154e-03
5.400429158477326741e-03
5.182035706977561329e-03
5.408086699922320939e-03
5.389693248422533500e-03
5.026855352478321048e-03
5.297350789867372178e-03
5.434512893923271193e-03
5.449452775756813416e-03
5.364392657590422164e-03
5.423776983868422441e-03
5.529903559632787236e-03
5.946648859713576929e-03
5.794922074880637375e-03
5.632084178936236363e-03
5.391468505214269680e-03
5.761963942603587352e-03
6.132459379992627468e-03
5.947399261826247230e-03
5.906783588104147498e-03
6.099501247715521934e-03
6.214441129549164167e-03
6.018269900271600026e-03
5.890995560201395254e-03
6.185465537523249235e-03
6.400405419356880454e-03
6.626456412301584553e-03
6.541396294135082279e-03
6.478558398190781276e-03
6.560164946691149357e-03
6.541771495191417429e-03
6.323378043691540995e-03
6.660540147747362472e-03
6.775480029580893682e-03
6.814872356177448243e-03
6.609342333499468314e-03
6.524282215332910528e-03
6.739222097166486236e-03
6.887495312333458131e-03
6.857990749722542301e-03
7.006263964889403173e-03
7.132314957834173796e-03
7.025032617445414740e-03
7.173305832612386634e-03
7.054912381112554698e-03
6.814296707390532504e-03
6.987022367320461225e-03
7.392603455753432584e-03
7.363098893142572265e-03
7.500260997198304747e-03
7.681867545698495281e-03
7.596807427532104029e-03
7.767302864921332706e-03
8.026687191199421978e-03
7.597182628588328157e-03
7.812122510422070398e-03
7.993729058922260933e-03
7.742002274089165859e-03
8.081462183186838288e-03
8.075985261045415253e-03
8.002036253990041370e-03
8.239198358045984882e-03
7.776360462101616911e-03
7.735744788379628201e-03
7.884018003546655606e-03
8.332291218713483438e-03
8.413897767213740497e-03
8.262170982380578899e-03
8.199333086436499940e-03
8.460947635255011701e-03
8.522084279243780092e-03
8.648135272188439693e-03
8.429741820688674281e-03
8.755792813633200833e-03
8.481843806578015510e-03
8.774561466189378933e-03
8.878390236911726241e-03
8.948885674300910420e-03
8.697158889467870857e-03
9.089876549079223267e-03
9.138149764246039641e-03
8.899764313064828514e-03
8.927567623720045198e-03
9.064729727775888701e-03
9.390780720720581787e-03
9.183498380331944766e-03
9.276216039943108171e-03
9.168933699554682182e-03
9.461651359165823560e-03
9.443257907666091633e-03
9.391531122833030043e-03
9.673137671333209564e-03
9.734752220152020907e-03
9.606999975251662161e-03
9.910828745974098464e-03
9.981324183363171620e-03
9.729597398530187569e-03
7.533426169252677163e-03
2.837254939975109025e-03
-2.614471844857968463e-03
-5.121754185246629731e-03
-5.951258747857512965e-03
-5.569652199357288946e-03
-5.354712317523713239e-03
-4.748585741759292489e-03
-4.098507108345139649e-03
-5.305789448733777558e-03
-9.401960678011411776e-03
-9.375909685066630139e-03
-9.283192025455244689e-03
-9.279363254732775346e-03
-9.253314675448931492e-03
-8.971705713287925210e-03
-8.701210275898763058e-03
2.713729605934689371e-03
1.099533615443498702e-02
1.177917292547586703e-02
1.235142068057565323e-02
1.283302722907581073e-02
1.225907822202054742e-02
1.172957365940963115e-02
1.151118020790992125e-02
1.109278675641017786e-02
1.052994886046587641e-02
1.020043585004237752e-02
1.124871751302186640e-02
1.160810183929983364e-02
1.159193861034096829e-02
1.163085303210725785e-02
1.089023735838523521e-02
1.063851057355219565e-02
1.117567267760805061e-02
1.166839033721928098e-02
1.320555244127508132e-02
1.444271454533085919e-02
1.384654331605322808e-02
1.281703875344236687e-02
1.196531196860939339e-02
-5.108637038445884571e-03
-8.035911378516169545e-03
-7.930330290083054123e-03
-7.526501519360628834e-03
-7.556006081971544663e-03
-7.607732866804606253e-03
-7.726126318304493701e-03
2.344369119084699360e-03
5.870420112029428594e-03
-4.701955616926434267e-04
-2.499700124303450011e-03
-3.162538020247629422e-03
-3.467522555594348965e-03
-3.973001891396599206e-03
-3.435837373679972995e-03
-3.543119714068565518e-03
-3.728179832235167801e-03
-3.168795505957056058e-03
-1.876077846345747258e-03
5.138862035487856694e-03
1.234269080621036574e-02
1.344651957693282496e-02
1.335034834765524980e-02
1.283195489615546192e-02
1.276023611164084359e-02
1.336581720007390395e-02
1.284742374857400504e-02
1.471791918596315751e-02
1.507730351224118026e-02
1.458113228296353814e-02
1.360718327590837440e-02
-6.055654620035877400e-03
-6.674048071535598758e-03
-6.781330411924357815e-03
-6.977501641201810934e-03
-7.384790015742326297e-03
-8.589836099438474815e-03
-8.562032788783147108e-03
-7.624870684727391712e-03
-6.632153025116049871e-03
-5.839435365504630493e-03
-5.291162150337758163e-03
1.339044439816255982e-02
1.502760650221823813e-02
1.589809952594667397e-02
1.616859737699655186e-02
1.539463992212852794e-02
1.460077038656848458e-02
1.473974246800852095e-02
1.469905921178549235e-02
8.769569131139021145e-03
-7.709934420462860594e-04
-1.678343364936107918e-03
-2.307901028083758632e-03
-1.581850035139109600e-03
-1.622465708861042799e-03
-1.640859160360774727e-03
-1.448141500749344779e-03
-1.844312730026942404e-03
-1.049297265373672072e-03
-1.110329743070626041e-03
-1.539834305681442306e-03
-1.269338868292391176e-03
-7.543989864587929972e-04
-6.616813268474630583e-04
-2.022970005695068352e-04
4.557087325708586434e-03
1.453869387420875237e-02
1.684252264493141249e-02
1.716857363787588353e-02
1.698351351970939227e-02
1.693401695741719726e-02
1.741737582362806736e-02
1.691009106957858110e-02
1.739170003173939882e-02
1.662886213579523043e-02
1.634380201762880569e-02
1.596985059691274911e-02
1.595145955907373292e-02
1.604417721868495184e-02
1.585911710051868262e-02
1.599626592944031200e-02
1.631344930894873535e-02
1.636347484182620882e-02
1.673397027921530444e-02
1.468224349438224108e-02
3.486072265104611656e-03
1.034345480271536832e-03
-1.561825749005985031e-03
-3.680219200505818744e-03
-1.056527931867218273e-02
-1.682811721461635601e-02
-1.449095511056058827e-02
-8.876015228726941153e-03
-6.558777541851523729e-03
-6.108698908437293351e-03
-5.993759026603817652e-03
-5.745485811436856771e-03
-3.797212596269972096e-03
-3.926717158880821401e-03
-2.889555054825021507e-03
-3.041281839658183106e-03
-2.381897513380082376e-03
2.410820146231118510e-03
2.736871139175867107e-03
2.731819021327908104e-03
2.804066776427693863e-03
3.952339991594611135e-03
1.132283542898371298e-02
1.759333086637276944e-02
1.755271519265072522e-02
1.762321063003979837e-02
1.729370606742897110e-02
1.787531261592928411e-02
1.805691916442953016e-02
1.687185904626303801e-02
9.197910039207779498e-03
2.726191254693144383e-03
1.853994565348349166e-03
2.357823336070874465e-03
2.661654520454082018e-03
2.621036433071322058e-03
9.026429815716108251e-04
-2.215750469928168265e-03
-2.167477254761351890e-03
-3.041426261816693177e-03
-1.537597491094222502e-03
-2.322660022921418932e-03
-4.307720141087822974e-03
-4.357214289719413269e-03
-4.618299867953035154e-03
-4.203359986119536984e-03
-2.955086770952575215e-03
-6.957024446746506996e-04
-1.029871987240915665e-04
-1.943600458785110785e-03
-1.839771688062818988e-03
-8.470540284513661256e-04
4.012191867154291103e-04
3.216159068548996025e-03
3.433396755424533708e-03
2.983475388838752185e-03
2.487304159561054551e-03
2.824466263616987050e-03
2.761628367672741557e-03
3.187679360617423630e-03
3.624841464673234093e-03
1.172867023539564402e-02
1.779916567278488904e-02
1.944743888795164022e-02
1.986237876978530492e-02
2.025509642939654631e-02
2.138337764488190684e-02
2.248895873331496764e-02
2.207056528181533528e-02
2.096328294142668636e-02
1.994488948992689803e-02
4.459829371760426486e-03
1.303248091495401439e-04
-1.232513086794728707e-03
7.602021591558982827e-04
-5.470777675719018518e-04
-2.298804552405053769e-03
-2.550531337238259866e-03
-2.488916788419448523e-03
-2.272224588875326745e-03
-2.323951373708499357e-03
-1.020122602985951143e-03
5.614839455143072477e-04
2.653127162366986092e-04
3.246970425147543970e-04
1.039636924348275038e-03
9.545768061818282746e-04
1.898062779912645937e-02
2.182889860063275123e-02
2.273496000755659274e-02
2.290720776265620096e-02
2.212214764448999782e-02
2.115930371439367352e-02
2.066313851926804279e-02
2.100030062332391978e-02
2.119301828293534973e-02
2.009684705365760715e-02
1.522289804660248436e-02
9.448949039547072104e-03
6.497222254713996836e-03
5.956606580991952171e-03
5.440510934534181775e-03
1.379478456837224254e-03
1.461085005337481313e-03
-1.757308446162397786e-03
-4.442370977989495984e-03
-3.101631757138423318e-02
-3.080137768955049093e-02
-1.140866002993917716e-02
-3.238164592550107912e-03
-1.056558044049804579e-03
-1.055272927332734367e-02
-8.168892502286362323e-03
3.703355252813289589e-03
3.473850690202451297e-03
6.577679460924801269e-03
8.670397120536188496e-03
8.929781446814222257e-03
6.800276884203260153e-03
6.159661210481337523e-03
5.752378870092667018e-03
6.133985418593002059e-03
6.893369744870925242e-03
7.330531848926735705e-03
2.414368619967688367e-03
1.497727486178490608e-03
-9.844374309908587861e-05
-1.272794830571000180e-02
-2.501301083753709742e-02
-2.955362651125903461e-02
-2.899423977132026264e-02
-2.507929988948681688e-02
-3.208804452097757665e-03
3.172802096402638217e-03
3.021075311569476618e-03
7.424904082291960972e-03
7.064296408888448564e-03
7.003210830654749142e-03
6.873706268043899836e-03
7.088646149877531055e-03
2.543691936504438589e-02
2.380741480243353525e-02
3.366801542372288569e-03
7.706254857732242058e-04
-4.810964717383292566e-04
-1.671060344800989750e-02
-2.976233023284319268e-02
-2.937842587930084015e-02
-1.468390280144227233e-02
-2.911851418309630013e-04
2.912643628891375958e-03
1.660916844058391018e-03
3.698076534453420550e-03
8.835241052169928722e-03
8.516845187009403073e-03
7.920676371392598725e-03
8.224505142115090539e-03
2.653944502394872673e-02
2.559882935022672612e-02
1.501599945460091456e-02
4.443802765256243958e-03
-7.207924019576983365e-03
-7.437428582187710635e-03
-1.634471092257638869e-02
-2.211865992963180094e-02
-2.211483115890922058e-02
-2.668878016596465397e-02
-1.795161806190875842e-02
3.096655153258021098e-03
4.344928368425038379e-03
5.573209583910443410e-03
2.610101289456567830e-02
2.639373055417693070e-02
2.688644821378843863e-02
2.724583254006635036e-02
2.727188353301113199e-02
2.383126785928901814e-02
6.346205327461829082e-03
4.650036511845090370e-03
2.598304899690428993e-03
-2.482008372448785138e-02
-2.973847717598759877e-02
-3.639901726688982153e-02
-3.507122843819915348e-02
-2.986745276801344717e-02
-2.311917955284642501e-02
-1.875979522656845422e-02
6.662557663762447291e-04
5.392306759320897314e-03
4.496135530043410267e-03
6.233297634099077555e-03
1.002601529371055511e-02
1.054095517554404227e-02
1.062256172404424381e-02
1.032868829980865266e-02
7.045433599889572296e-03
5.527040148389672503e-03
-3.291353303110033934e-03
-3.365302310165407818e-03
-1.420591798388737281e-02
-1.695764476872047011e-02
-2.026492710910904327e-02
-2.769443167172003228e-02
-3.143504734544194656e-02
-3.246455190805280777e-02
-3.131404847034519046e-02
-2.757513404857880879e-02
-2.191574972230081464e-02
-1.581192095157829547e-02
-2.361920329196709467e-02
1.140181034310960850e-03
4.544009805033388805e-03
6.336727464644698049e-03
6.929445124256083943e-03
6.544385006089670220e-03
5.059324887923266623e-03
5.252042547534585548e-03
6.791434874131141441e-03
6.997015962564134828e-03
7.767511399953241913e-03
5.638002010020903843e-03
1.375168941398163813e-03
-8.965446732323800738e-03
-2.426161796160136719e-02
-1.413556696865669871e-02
-1.787618264237872401e-02
-2.069457609387848063e-02
-2.236852510093367830e-02
-2.170914077465574410e-02
-1.949190308778020464e-02
-1.615293556547720000e-02
-2.010466235031022064e-02
-5.623055801810106225e-03
3.869661857801354188e-03
5.106823961857021033e-03
7.266208288135067583e-03
7.058925947746486074e-03
7.340530082585838834e-03
8.677627017801226028e-03
9.448069354653698682e-03
9.787529263751426623e-03
8.648719008276684050e-03
8.030325556776962692e-03
6.100820994166089584e-03
-7.250905790667172557e-03
-1.895818813105576428e-02
-1.400991491588882143e-02
-1.615053058961085641e-02
-2.036892404111056987e-02
-2.273176193705472858e-02
-2.305015538855453849e-02
-2.103521550672093898e-02
-1.736248984679111818e-02
-1.391246672757445735e-02
-9.008635543191201300e-03
6.328526560864577988e-03
9.732355331587005942e-03
6.302850768976131501e-03
9.217790650809742914e-03
1.579939719930995023e-02
2.962544819225459980e-02
2.986261029631032127e-02
1.136643906703282969e-02
9.650275838073762991e-03
9.533634704284588146e-03
6.459685697229322621e-03
-1.301426330982596857e-02
-2.377710120577025688e-02
-3.505105021282556299e-02
-4.189166588654746892e-02
-4.338783952948588318e-02
-4.126178612288039504e-02
-3.598017957438015557e-02
-2.749857302587993546e-02
-1.597252203293525463e-02
-1.846639545717082553e-02
7.528127620687719013e-03
1.022084528029904016e-02
1.024689627324371077e-02
1.063961393285511869e-02
1.078788714802192406e-02
1.028060480763343110e-02
1.066221135613354409e-02
7.510484571300435341e-03
-2.264124221353264188e-02
-1.440408010947680228e-02
-2.731135762254388588e-02
-3.659419234549127209e-02
-4.261083347928040777e-02
-4.475144673934161599e-02
-4.312539816005772630e-02
-3.937712494489081783e-02
-3.212885172972396175e-02
-2.102502295900138263e-02
-1.007674974383454547e-02
1.382634582443476035e-03
8.286460939505191359e-03
1.124584767944397656e-02
1.134079556159600655e-02
1.140193220558449738e-02
1.119464986519591587e-02
8.042923080362862631e-03
1.061341851775193801e-02
6.683913955141063123e-03
-1.174559060746982464e-02
-1.593065072563620843e-02
-2.762682436857449852e-02
-3.562298835686983356e-02
-4.133027793824073370e-02
-4.305978008719085759e-02
-4.240927664948318521e-02
-3.929258444993916077e-02
-3.276653345699442887e-02
-2.434048246404979521e-02
-1.438109813777177504e-02
-9.277269367049201243e-03
5.782114959228645823e-03
9.785943729951285253e-03
1.091199472289589023e-02
1.112693460472946594e-02
1.175298559767412598e-02
1.210355661788292680e-02
1.204252414018597284e-02
1.501908466464030312e-03
-4.275960961467872856e-04
-3.901545103202175291e-03
-7.142160776924200150e-03
-1.669388756175732569e-02
-2.609005879103482028e-02
-3.425289668697906187e-02
-3.938240124958986010e-02
-4.248968358997856631e-02
-4.260807704147823172e-02
-3.990201804821513765e-02
-3.458532584867102244e-02
-2.782594152239303842e-02
-1.877766830722610303e-02
-1.016272842539256427e-02
-1.429223298800341713e-02
-9.766181995058742515e-03
8.615424553441553002e-03
1.075258665749734277e-02
3.500859872664130457e-03
1.682432629913799271e-03
1.397406302997949989e-03
4.992354185150038592e-03
-1.813175837528047118e-03
-1.898235955694493882e-03
2.817253725947244103e-02
-8.245849247582870412e-03
-4.508977899901234210e-03
-9.082920872804600698e-03
-1.460131432430433751e-02
-1.977526333135970482e-02
-2.377143456063729454e-02
-2.612316134547032487e-02
-2.733932457442939112e-02
-2.680041015266310112e-02
-2.476324804860730033e-02
-2.194830575311296217e-02
-1.794447939605126052e-02
-1.274065062532880876e-02
-7.236821854606334536e-03
-3.255215306106173934e-03
-1.484719868716899427e-03
-5.703113320216779414e-03
-2.132617882827592126e-03
-1.339902636877055020e-03
2.044004130325904889e-03
8.160749430406677440e-03
1.124235597890693716e-02
9.412851416296108553e-03
3.050013520351835261e-03
7.053842291074363668e-03
1.991004395130113735e-03
3.761499832519277220e-03
-9.745782507869393818e-03
-3.875287070480293306e-03
-1.138256941086901453e-02
-2.062318508459093369e-02
-2.915045942466104600e-02
-3.654487833622804827e-02
-4.142994086805523724e-02
-4.471499857256083788e-02
-4.544450313517184314e-02
-4.460734103111602122e-02
-4.345906781594910395e-02
-4.211079460078220871e-02
-3.840696583005975828e-02
-3.464758150378177692e-02
-3.003264162194818621e-02
-2.335991596201830722e-02
-1.634322134881349697e-02
-8.272728325085076939e-03
-1.857788443251517929e-03
-1.272062633919579522e-02
1.222764687597110989e-02
1.434258675780475389e-02
1.625752663963825340e-02
1.456135541036085446e-02
1.555407306997214079e-02
1.443567961847236347e-02
1.476173061141705656e-02
1.327896829829255942e-02
8.751201571427669190e-03
4.438661305023461345e-04
-6.452313546587984394e-03
-1.627069855027502010e-02
-2.618909200177477192e-02
-3.455192989771893597e-02
-4.250365668255212670e-02
-4.878871680071844574e-02
-5.184043875823002301e-02
-5.313660395335567665e-02
-5.444157883405936760e-02
-5.436929849453953079e-02
-5.464324750159488264e-02
-5.320608539753890476e-02
-5.092447884903872346e-02
-4.655398341164962428e-02
-4.298348797426054801e-02
-3.879075703951501142e-02
-3.347582439866364501e-02
-2.811644610653757370e-02
-2.222371999911360030e-02
-1.555323059587637724e-02
-8.524948978114177400e-03
-2.130481816729756783e-03
3.784458065103746272e-03
-1.555615760861822627e-02
-6.343994900692706551e-05
1.195149993282662582e-02
1.389977314799362151e-02
1.394804636316054891e-02
1.320743068943847076e-02
1.214459279349433540e-02
1.143731045310564243e-02
8.300281127169850670e-04
-1.537502400513085510e-02
-6.391665138920199496e-03
3.445496965135574907e-03
1.615987575203203797e-03
-1.613514573746865910e-03
-6.887461167141450957e-03
-1.240585461864129879e-02
-1.866869251458547208e-02
-2.417597485497408050e-02
-3.001659052869609656e-02
-3.487942842464031301e-02
-3.957330184887591917e-02
-4.400100099323950298e-02
-4.727494155248218588e-02
-4.946001011846123951e-02
-5.128951468107217915e-02
-5.158568591034967676e-02
-5.023748027768404345e-02
-4.843370460749829576e-02
-4.571876472566460681e-02
-4.193715817716442418e-02
-3.744444051755302372e-02
-3.168505619127509609e-02
-2.671226294884399000e-02
-1.970662634621350717e-02
-1.278056207813466072e-02
-4.554529187645706134e-03
1.715968663404177086e-03
6.086464100793276266e-03
-7.343040461817551545e-03
6.360788308904852251e-03
1.275350596851620999e-02
1.147955696146091276e-02
-1.499476011500577854e-04
-7.190563274871886179e-03
5.826606829502312124e-03
2.687743473490822321e-03
-3.819538866897675966e-03
-1.142681275947371455e-02
-1.970077021434168962e-02
-2.681916125218075653e-02
-3.327089045067460615e-02
-3.947817279106324850e-02
-4.459656865622374511e-02
-4.859273747184056358e-02
-5.140001981222924732e-02
-5.221618304118830212e-02
-5.162171306386642566e-02
-4.929566207092173080e-02
-4.671405552242141601e-02
-4.276578230725447405e-02
-3.763970959136303529e-02
-3.150256076244140058e-02
-2.452096024809313768e-02
-1.672824500214242782e-02
-8.146638453642218725e-03
3.016323478640114963e-04
7.716574643358231622e-03
7.600478996900361661e-03
1.666166632776489021e-02
1.788771973437031093e-02
1.535821517175944839e-02
4.006485973265638822e-03
5.754759188432490014e-03
1.825257039482386379e-03
-7.426469745350772200e-03
-1.858930764129496094e-02
-2.841880375609312503e-02
-3.747053898873881073e-02
-4.494225777325350224e-02
-5.097001001815382182e-02
-5.384395902520916488e-02
-5.351790803226447180e-02
-5.160296815043086127e-02
-4.707690870967357055e-02
-3.966197727565268227e-02
-3.164703739381913294e-02
-2.136543084531888903e-02
-9.294935407929694193e-03
2.075560029459411204e-03
8.212722133515204526e-03
-5.736774428777180468e-03
1.109102888187801783e-02
-1.080514234739948787e-02
9.376464201100720430e-03
1.102515194045472491e-03
-8.893656035232178070e-03
-1.984538282006520493e-02
-3.016377627156496821e-02
-3.992661416750914460e-02
-4.826722984123121840e-02
-5.305229237305836287e-02
-5.424846118867515665e-02
-5.213129108430081260e-02
-4.779237666253449701e-02
-3.957743195337942721e-02
-2.966249689886740759e-02
-1.736977923925603351e-02
-2.854839357422422896e-03
9.926767191077767727e-03
1.709726262846683609e-02
1.975662764545882411e-02
1.963825350324510666e-02
1.914208227396757556e-02
7.981542183065404306e-03
8.764954149812820283e-03
-1.842328190575892588e-03
-1.543849941985336871e-02
-2.796800639612506689e-02
-3.940861965618619456e-02
-4.808256866324162049e-02
-5.405651767029689969e-02
-5.504157778846330284e-02
-5.225997123996306559e-02
-4.947836951878442635e-02
-4.489675814296262280e-02
-3.929069914969940402e-02
-3.312956250571091887e-02
-2.555906706832172803e-02
-1.776634940871041346e-02
-8.284742860210192461e-03
2.635303549567979964e-04
8.234028206006605011e-03
2.782299007512756273e-03
3.297236475685583201e-03
1.230106766006872077e-02
-4.306219507641373401e-03
-3.989044575945621673e-03
9.516536512487405730e-03
9.520365283209819562e-03
7.790855893277437438e-03
6.272467269099246678e-03
4.109626959494239173e-03
2.102347032766349599e-03
1.172842470155477379e-03
9.889346310021362996e-05
-8.417222106218424926e-04
-1.526782328788223175e-03
-1.934064669176949192e-03
-1.316894564802606471e-03
-4.557579208140372096e-04
-4.082890045392639777e-05
9.852329539641324629e-04
1.789061724686680233e-03
1.959557162075742376e-03
2.774497043909307514e-03
2.944992481298536191e-03
3.693265696465442005e-03
3.908205578298851179e-03
4.123145460132482398e-03
4.438085341966047093e-03
5.033100806619339451e-03
4.738734995589077847e-03
5.264785988533748906e-03
5.457503648145067832e-03
5.627999085534185486e-03
5.320727606619002348e-03
6.002323293645805968e-03
5.972818731034890138e-03
6.209980835090667117e-03
6.547142939146544105e-03
6.373193932091181235e-03
7.334808480909948969e-03
7.295945124898450818e-03
7.444218340065422712e-03
8.070269333010138268e-03
8.107436264387368752e-03
8.477926874455032902e-03
8.370652981879000976e-03
8.918920162893972936e-03
9.389415600283113061e-03
9.004353068455983600e-03
9.219292950289392774e-03
9.667566165456387139e-03
9.684736269830740429e-03
9.779206247152505416e-03
9.971923906763935364e-03
1.002019712193080725e-02
1.019069255931998041e-02
1.065007929925865238e-02
1.045390565632037250e-02
1.039106776037623803e-02
1.082822986443188196e-02
1.045428085737676316e-02
1.059144296143244013e-02
1.041749395437718828e-02
1.054584275236380986e-02
1.075147694133354870e-02
1.088863904538928118e-02
1.049246781611185009e-02
1.086289567099962827e-02
1.100000467451878183e-02
1.082605566746341896e-02
1.090766221596373153e-02
1.102260209779720723e-02
1.131531975740862617e-02
1.127470408368647092e-02
1.105860843722877851e-02
1.125313392874810470e-02
1.112362936613714437e-02
1.139412480352636203e-02
1.117572893836588088e-02
1.127955770908828370e-02
1.158338647981072000e-02
1.152055099752735678e-02
1.163549087936088799e-02
1.142820853897219546e-02
1.158759889940202958e-02
1.182476100345791759e-02
1.215303980528259498e-02
1.214750616211329737e-02
1.184022140806395562e-02
1.177738592578042587e-02
1.173677025205832614e-02
1.240726327578683952e-02
1.214442779350333179e-02
1.212603192834282861e-02
1.214097181017642635e-02
1.252257835867665037e-02
1.242640712939918624e-02
1.229913560526657568e-02
1.229360276665081297e-02
1.267520931515109250e-02
1.254570716620090343e-02
1.240509149247898124e-02
1.223114248542367388e-02
1.206830217581866815e-02
1.283879761320783075e-02
1.296484860615249035e-02
1.255756867942459110e-02
1.263917281426407691e-02
1.266522863453023451e-02
1.280468653224398068e-02
1.286587346083178929e-02
1.275859353410385699e-02
1.289575563815958947e-02
1.285513755077688502e-02
1.343674651293780276e-02
1.322946175888850551e-02
1.303322294710967943e-02
1.324810972840662071e-02
1.330749405468462099e-02
1.322243393651817422e-02
1.323737381835177196e-02
1.316572261633836005e-02
1.349357902753034466e-02
1.337518557603051272e-02
1.337901434675298207e-02
1.360506775335851293e-02
1.356445207963641320e-02
1.380161418369219017e-02
1.342766517663690484e-02
1.384260505847045852e-02
1.369087585997658119e-02
1.371692926658196754e-02
1.392298584618439916e-02
1.398412249017294551e-02
1.382128459422882205e-02
1.398066892050692234e-02
1.390671991345143743e-02
1.462165979528518012e-02
1.441437745489643207e-02
1.405153955895216411e-02
1.454425721856356102e-02
1.445919951405788551e-02
1.406302828478034339e-02
1.415574353073090208e-02
1.456180252399402741e-02
1.470071694576047250e-02
1.459343460537187998e-02
1.461948559831643957e-02
1.503442548014999325e-02
1.454936777564441730e-02
1.481986079937275269e-02
1.479035865042260811e-02
1.502752075447844060e-02
1.486468044487349038e-02
1.506851404291736918e-02
1.506352468024918512e-02
1.495805258542926008e-02
1.531743208438585135e-02
1.512126085510823170e-02
1.553620073694178538e-02
1.489558506321980724e-02
1.546608291426976312e-02
1.538102520976397658e-02
1.586262934460347385e-02
1.572201125722078041e-02
1.555917577493731718e-02
1.539626788283110503e-02
1.545789691361437734e-02
1.551908665813955812e-02
1.578958209552877578e-02
1.559341086625121164e-02
1.571946185919581573e-02
1.592329062991842958e-02
1.599378848096821848e-02
1.635317280724629674e-02
1.621255471986349228e-02
1.644971923758015153e-02
1.664243448353075472e-02
1.616848547647525836e-02
1.617454446973853877e-02
1.638012555817147664e-02
1.649506544000511887e-02
1.656556087739430305e-02
1.636938964811668340e-02
1.688432952995039260e-02
1.676593849211116538e-02
1.669198707139513127e-02
1.629581825577836041e-02
1.659964461284013648e-02
1.698125116134024948e-02
1.705397682127018921e-02
1.700400235414767369e-02
1.689672001375897015e-02
1.710054878448147297e-02
1.661549107997573049e-02
1.660820632592630020e-02
1.713425731887097125e-02
1.720475516992098219e-02
1.730858635430415626e-02
1.725685474214944115e-02
1.730513037097713980e-02
1.726451228359437984e-02
1.740397219269212981e-02
1.754293971499520932e-02
1.744677331303912116e-02
1.753948614532907513e-02
1.728776177415652926e-02
1.754714610043467404e-02
1.797319709337935612e-02
1.789924808632398223e-02
1.813640777671909898e-02
1.764023896110217260e-02
1.753295420705286434e-02
1.785901002731909992e-02
1.799840034253163967e-02
1.787064528169379773e-02
1.826336535496586588e-02
1.811163857013275980e-02
1.833768956307735287e-02
1.874152074746060492e-02
1.845645580197269320e-02
1.822695123936179940e-02
1.859744667675089502e-02
1.839016433636231351e-02
1.827177088486242607e-02
1.776671876701446662e-02
1.867230226910837620e-02
1.855390640394782853e-02
1.839106850800353854e-02
1.876156877271423218e-02
1.893206179644257858e-02
1.853588815350432073e-02
1.850638359089346041e-02
1.902132347272700308e-02
1.922515224344939488e-02
1.879564768083852311e-02
1.894392089600543949e-02
1.907220492742850437e-02
1.878889431103492047e-02
1.932605641509077543e-02
1.932988759947396051e-02
1.968927192575198326e-02
1.918198717170255252e-02
1.903026280053032870e-02
1.924520026870296663e-02
1.944902903942558048e-02
1.936396892125913372e-02
1.956780251930312353e-02
1.989614648996812507e-02
1.974622512338236602e-02
1.975005630776544008e-02
1.979833193659319424e-02
1.977993607143263555e-02
1.980598465071664593e-02
1.983203564366131655e-02
1.982475330327265750e-02
1.988414245687214477e-02
2.033241084471759663e-02
