3.556865066082451676e+02
4.771161108793453565e-02
-1.545803652871906991e-02
9.499397779318503581e+02
-1.057314091099814050e+03
-1.436589255521653058e+03
1.432384911461437696e+03
-7.955124512488977189e+02
-4.627634367013004066e+02
4.588144755241969506e+02
-1.678978381052794191e+02
-2.370511197602195352e+01
-1.673581547235217215e+02
2.614526007910425420e+01
-2.323033264048463025e+02
4.063283453848579256e+02
1.424830670763929277e+02
6.584155245929038358e+01
-2.092792576655808716e+02
6.292835295231714809e+01
4.609247196497695995e+02
1.181941022873991187e+02
-8.737194038308527411e+01
-1.234370167453196103e+02
3.029287132433078114e+02
-7.069194954768907735e+01
1.455641135511385742e-01
-7.091698256465883787e+01
1.481515499364129766e+02
-2.651658276640981740e+02
-1.899614726366418722e+02
1.060200480779478198e+02
2.769695200876591912e+01
-2.288009505193547568e+02
-2.594736837344933065e+02
2.462040569505586802e+02
7.917565057420807761e+01
-2.771510627324765963e+01
-2.943516176323047375e+02
2.447456315497319395e+02
1.541305692831392662e+02
1.877058826922257708e+02
1.037328939905811609e+02
1.351875857071208742e+01
8.350581238078503077e+01
-2.220490380533118184e+02
2.199009243410704642e+02
2.558212935394524550e+02
2.036678473171863004e+02
-5.135846787708226202e+02
-1.827684321418229842e+02
-3.687627079283507747e+00
1.406800507978090593e+02
-8.766123068232538174e+01
-1.166478640129020405e+01
-2.237950351074036917e+02
-4.360335465304083868e+02
1.443610019889781881e+01
1.171098694890747822e+02
3.581001382388227512e+02
-3.343194368828872030e+02
-1.650154888836559337e+02
-1.112759976774631809e+02
3.813673092999596292e+02
1.644010677844505608e+02
8.778983153186136690e+01
1.094054808139078574e+02
-1.033901813463304187e+01
-9.472011232739824038e+01
1.077728108765840460e+02
4.374836374423616121e+02
-9.822468610754762608e+01
-1.776661186078044636e+02
-1.750505800364843765e+02
3.088145541052818430e+02
-7.876314151635664018e+01
-1.135520134962787040e+02
-1.256665085878870229e+02
3.125911910287512185e+01
-1.143552057627734939e+02
-2.123112696730720188e+02
8.604581006773140928e+01
-7.544755128938683697e+01
-5.716796540178046371e+01
-1.494723287173072777e+02
3.404458244312222632e+02
4.154603652839376338e+01
-7.873949692095426656e+01
-2.048948799419532065e+02
2.895849355032204357e+02
3.324125391855848761e+02
-5.267793701454152711e+01
-7.139491077082250570e+01
4.833283172786851623e+01
1.342508633876174429e+02
-8.053931130229230462e+01
4.030333614284034525e+02
1.979249020871275277e+01
-1.738843692250764263e+02
-4.846583024090613776e+02
9.680532908939912318e+01
8.310734119795385766e+01
1.031096691580595603e+02
-2.374600848962122654e+02
-4.326447922909385966e+02
3.237586356151206246e+01
-7.696723708502152306e+01
9.632956438720762549e+01
7.251823800480160287e+01
1.527080674752398295e+02
-5.388115733087328181e+02
6.849457649095834988e+00
3.084691088120582663e+02
3.235774861507501896e+02
-5.184368313747775403e+01
7.069148081339655221e+01
4.054217013589448726e+01
-7.243968538184081041e+00
2.196411630933387187e+02
-7.341488761521241635e+00
2.995351632140520337e+02
-2.123159768640292100e+02
-1.870617970945853585e+02
-9.179171139626308218e+01
2.689532836857586062e+02
-7.326764105245889880e+01
-3.250807954221514251e+02
-6.268501732043463903e+01
1.054123716468596399e+02
-1.212696413567660692e+01
-3.213278420216018390e+02
1.428719485392863646e+02
1.490781326854744293e+01
3.834204759659949246e+01
-7.547767269785560984e+01
3.127458209428638725e+02
6.952003523855054823e+01
-1.198069479865583986e+02
1.863966510824827338e+01
3.475330588607826598e+02
3.161082853388294325e+02
-1.919299821355044173e+02
-7.006853681435143244e+01
-1.046758280850267226e+02
4.204761536543807665e+02
-2.006126397294712547e+02
-9.905814793929187090e+01
-1.127828649023511502e+02
-9.392381289758976948e+01
-4.137613092148908436e+02
2.835584529639587004e+02
1.483243398244897833e+02
-7.393942287131686726e+02
1.200750454685072327e+03
-3.004827193693665208e+02
-9.234363269177683833e+02
1.016923947455063058e+02
4.739833256949301585e+02
1.476987971686025389e+02
-2.132666922695673009e+02
-9.642904606490506012e+02
3.331693281077851907e+02
1.443541979915231423e+03
-4.631865206497412260e+02
1.145203710694511301e+02
4.279932250497108726e+01
-1.537467262403570203e+02
-5.853284608094994468e+01
-2.584483766771198887e+01
-6.368445054669421523e+01
-5.163348014507399597e+01
1.138205625792148084e+02
-8.702561709850878913e+01
-4.620769442444789377e+01
-6.410156593774941314e+01
1.379296380294170774e+02
6.925266448776436334e+01
4.656094749311232128e+00
-5.911217066479630944e+01
6.165198410581059818e+01
9.359311440801531035e+01
-7.558639881357131607e+00
1.759212837420393427e+01
3.329615739338640878e+01
5.252106885406712422e+01
-1.034331272089743834e+02
3.952058442982766451e+01
3.011295401534356841e+01
-1.571218547717805514e+01
-1.195955023252989236e+02
1.219017269914567159e+01
6.409562142513588867e+01
-4.493813459321189896e+01
-8.910726879776922260e+01
-5.205093370070376579e+01
8.530797888094622294e+01
-3.857810656921997605e+01
6.065453660944400838e+01
-3.580377701421881653e+01
2.986118115428618225e+01
7.199685106381872757e+00
1.459146795845380851e+01
9.850817670061636022e+01
1.119440259134522222e+02
-2.905883125004297085e+01
-1.456672684305312089e+02
1.017619071793042593e+02
4.215269192122145370e+01
3.401026622407170663e+01
-1.929668792952483614e+01
2.436088215950328717e+01
-1.621296085253922286e+02
-1.951362001194434370e+01
2.817944400585832199e+01
2.265788635199094969e+01
-2.061572081233534703e+01
-1.611497888317699392e+02
-7.214932844511444898e+01
2.166952074262291461e+01
1.192582835586631802e+02
-7.431123880870502774e+01
4.600936331654490630e+01
-5.851485165755982543e+00
-2.777129169564181410e+01
-2.234520722561288508e+01
1.435112451273841998e+02
5.593852709523175548e+01
-6.174700420169216386e+01
-1.318547724125029852e+01
5.009057358761728551e+01
1.121771074456344195e+02
-3.899802327603688212e+01
3.239823471772361185e-01
-1.704087091571193824e+01
4.511047850421048366e+01
-8.031848826446774581e+01
-7.146733091246297853e+00
-3.692630039856216850e+00
-3.300256281410369752e+01
-5.906272812175938469e+01
-1.408268990047390723e+01
7.644989183847832237e+01
-8.034325144131105390e+01
-7.559432848324810550e+01
-2.471955060909732538e+01
1.435986030537042382e+02
-1.497545027581603527e+01
-2.878743536923508017e+01
-6.158910475974140653e+00
4.763812719735769008e+01
9.894264985413807167e+00
9.503616775916889026e+01
9.766872886532395626e+01
-3.416610400790781199e+01
-3.863220793087518956e+01
-6.864424264307774592e+01
1.520833655615570592e+02
5.025784805081478623e+01
2.937529832964612453e+00
-1.659338328517826540e+02
-1.557959741920956986e+01
-1.588853774896261228e+01
-2.083923067197892465e+01
3.321548477044619574e+01
-7.621448911226678113e+00
-1.207796096878367251e+02
-1.500800190001204726e+02
7.837349681771301846e+01
5.759394658293950187e+01
5.203090770831833112e+01
-1.022270385360730245e+02
2.145670688878486487e+01
-1.810923775851306061e+01
6.333796658240833466e+01
4.127381977795737811e+01
8.511302643997562711e+01
5.991259709345482065e+01
-8.841501307622333172e+01
1.929238461718784592e+01
5.919791312048393905e+01
8.514914243816170369e+01
-9.849012725543349234e+01
-4.278194784637508263e+01
1.309192411633596542e+01
4.467653536733126884e+01
-9.073672796282588138e+01
-5.520967957145519733e+01
2.487955882543211672e+01
-3.320086275733915215e+01
-1.844828070730048708e+01
-2.728606028462982280e+01
7.746892511468685427e+01
-7.114424696752034549e+01
-2.242217331131964642e+01
2.607627122181210666e+01
1.547492291699035150e+02
-3.615570722191989006e+01
-5.451001638590613396e+01
3.357622031240711635e+01
9.896459167583994088e+01
1.074146486599382797e+02
-6.171180235453161345e+01
3.692867147279191897e+01
-3.945598947195227879e+01
1.341869191122397886e+01
-2.623291538530688971e+00
1.725987788783011467e+02
-1.412213348439925369e+02
-1.734845260346054943e+02
7.819348706289029849e+01
-2.734283126496895306e+02
-1.139690213381614541e+02
2.030738462923474685e+02
8.439245894957898031e+01
-1.112703488835599472e+02
-2.417226184604873538e+02
-1.022568044640027694e+02
3.828310546460309638e+02
1.369152192503035224e+02
-6.062798234419638277e+01
6.830128740923807129e+01
