5.006333333333333746e-01
5.011666666666666492e-01
5.008000000000000229e-01
5.007666666666666933e-01
5.005555555555555314e-01
5.003333333333332966e-01
5.006888888888887390e-01
5.005777777777776771e-01
5.002444444444444915e-01
5.004333333333332856e-01
5.004111111111111398e-01
5.003333333333332966e-01
5.004000000000000670e-01
5.003222222222221127e-01
5.000999999999999890e-01
5.004111111111111398e-01
5.002999999999999670e-01
5.002333333333334187e-01
5.002222222222222348e-01
5.001222222222222458e-01
5.000777777777777322e-01
5.001444444444443915e-01
5.001555555555555754e-01
4.998999999999999555e-01
5.001777777777778322e-01
5.000222222222222568e-01
4.998111111111110394e-01
4.996555555555554640e-01
5.003333333333332966e-01
5.002444444444444915e-01
5.002555555555555644e-01
5.000555555555555864e-01
5.001333333333333186e-01
5.000333333333332186e-01
5.002222222222222348e-01
5.000777777777778432e-01
4.998222222222221678e-01
5.002777777777778212e-01
5.001777777777777212e-01
4.999444444444443580e-01
4.999222222222222123e-01
5.000888888888889161e-01
5.001333333333332076e-01
4.996444444444445021e-01
4.999777777777777432e-01
4.998777777777777542e-01
5.002999999999999670e-01
5.000555555555554754e-01
5.002888888888888941e-01
5.003222222222221127e-01
4.997888888888887826e-01
4.998111111111110394e-01
4.999111111111111394e-01
4.999888888888888161e-01
4.998666666666666814e-01
5.000111111111110729e-01
4.998888888888888271e-01
5.000777777777778432e-01
4.998999999999999555e-01
4.999333333333332852e-01
5.003222222222221127e-01
5.001333333333333186e-01
5.002111111111111619e-01
4.995555555555555860e-01
4.999333333333332852e-01
5.003555555555555534e-01
4.998000000000000775e-01
5.000999999999999890e-01
4.998888888888888271e-01
5.000888888888889161e-01
5.001999999999999780e-01
5.000777777777778432e-01
4.999444444444444691e-01
5.001999999999999780e-01
4.998222222222222233e-01
4.998444444444444246e-01
5.002444444444443805e-01
5.000777777777778432e-01
4.997888888888888936e-01
5.000333333333333297e-01
4.998111111111111504e-01
4.996666666666666479e-01
5.002888888888887831e-01
5.000222222222221458e-01
5.001999999999999780e-01
5.001333333333333186e-01
4.997222222222221788e-01
4.999444444444443580e-01
5.000333333333333297e-01
5.000000000000000000e-01
4.998666666666666814e-01
4.998777777777777542e-01
4.999333333333332852e-01
5.002999999999999670e-01
5.001000000000001000e-01
4.998888888888888271e-01
4.995999999999999330e-01
4.999222222222223233e-01
5.002444444444444915e-01
5.000111111111111839e-01
4.999222222222222123e-01
5.000666666666666593e-01
5.001333333333334297e-01
4.998888888888889381e-01
4.997111111111111059e-01
4.999555555555555419e-01
5.001222222222222458e-01
5.003000000000000780e-01
5.001666666666666483e-01
5.000555555555554754e-01
5.000888888888889161e-01
5.000222222222222568e-01
4.997555555555555085e-01
5.000444444444444025e-01
5.001111111111110619e-01
5.000999999999999890e-01
4.998444444444445356e-01
4.997111111111111059e-01
4.998777777777777542e-01
4.999777777777778542e-01
4.999000000000000110e-01
5.000000000000000000e-01
5.000777777777778432e-01
4.999222222222222123e-01
5.000222222222222568e-01
4.998555555555554974e-01
4.995666666666666034e-01
4.996888888888889046e-01
5.000444444444444025e-01
4.999666666666666703e-01
5.000555555555554754e-01
5.001888888888887941e-01
5.000555555555554754e-01
5.001777777777778322e-01
5.003888888888889941e-01
4.999111111111110284e-01
5.000777777777778432e-01
5.002111111111111619e-01
4.999111111111111394e-01
5.001999999999999780e-01
5.001444444444443915e-01
5.000222222222221458e-01
5.002111111111111619e-01
4.996999999999999220e-01
4.996111111111110059e-01
4.997111111111111059e-01
5.001111111111110619e-01
5.001444444444443915e-01
4.999444444444443580e-01
4.998333333333333517e-01
5.000444444444442915e-01
5.000555555555555864e-01
5.001333333333333186e-01
4.998666666666666814e-01
5.001444444444442805e-01
4.998222222222222233e-01
5.000666666666666593e-01
5.001222222222221347e-01
5.001444444444443915e-01
4.998444444444444246e-01
5.001888888888889051e-01
5.001888888888887941e-01
4.999000000000000110e-01
4.998777777777777542e-01
4.999666666666666703e-01
5.002444444444444915e-01
4.999888888888889271e-01
5.000333333333332186e-01
4.998777777777778653e-01
5.001222222222221347e-01
5.000555555555554754e-01
4.999555555555555419e-01
5.001888888888887941e-01
5.001999999999999780e-01
5.000222222222221458e-01
5.002777777777777102e-01
5.002999999999998559e-01
5.000000000000000000e-01
4.977555555555555622e-01
4.930111111111111222e-01
4.875111111111111173e-01
4.849555555555555841e-01
4.840777777777777735e-01
4.844111111111111256e-01
4.845777777777777739e-01
4.851333333333333608e-01
4.857333333333333503e-01
4.844777777777778405e-01
4.803333333333332789e-01
4.803111111111111331e-01
4.803555555555556467e-01
4.803111111111111886e-01
4.802888888888889318e-01
4.805222222222222395e-01
4.807444444444445297e-01
4.921111111111110548e-01
5.003444444444444805e-01
5.010777777777777331e-01
5.016000000000000458e-01
5.020333333333333314e-01
5.014111111111111407e-01
5.008333333333333526e-01
5.005666666666667153e-01
5.001000000000001000e-01
4.994888888888888712e-01
4.991111111111111165e-01
5.001111111111110619e-01
5.004222222222221017e-01
5.003555555555556644e-01
5.003444444444444805e-01
4.995555555555555305e-01
4.992555555555556190e-01
4.997444444444445466e-01
5.001888888888889051e-01
5.016777777777777780e-01
5.028666666666666840e-01
5.022222222222221255e-01
5.011444444444443924e-01
5.002444444444444915e-01
4.831222222222222862e-01
4.801444444444444293e-01
4.802000000000000712e-01
4.805555555555555691e-01
4.804777777777777814e-01
4.803777777777777924e-01
4.802111111111110331e-01
4.902333333333332988e-01
4.937111111111111561e-01
4.873222222222221567e-01
4.852444444444444782e-01
4.845333333333333714e-01
4.841777777777778180e-01
4.836222222222221756e-01
4.841111111111111587e-01
4.839555555555556388e-01
4.837222222222221646e-01
4.842333333333333489e-01
4.854777777777777859e-01
4.924444444444444624e-01
4.996000000000000441e-01
5.006555555555556314e-01
5.005111111111111288e-01
4.999444444444444691e-01
4.998222222222222233e-01
5.003777777777778102e-01
4.998111111111110394e-01
5.016333333333332645e-01
5.019444444444444153e-01
5.013999999999998458e-01
5.003777777777778102e-01
4.806666666666666310e-01
4.800000000000000377e-01
4.798444444444443513e-01
4.795999999999999708e-01
4.791444444444444839e-01
4.778888888888888076e-01
4.778666666666666618e-01
4.787555555555555453e-01
4.796999999999999598e-01
4.804444444444445073e-01
4.809444444444444522e-01
4.995777777777778983e-01
5.011666666666666492e-01
5.019888888888889289e-01
5.022111111111111637e-01
5.013888888888888840e-01
5.005444444444443475e-01
5.006333333333332636e-01
5.005444444444445695e-01
4.945666666666665989e-01
4.849777777777777299e-01
4.840222222222222426e-01
4.833444444444443544e-01
4.840222222222221315e-01
4.839333333333332710e-01
4.838666666666666671e-01
4.840111111111111697e-01
4.835666666666667002e-01
4.843111111111110811e-01
4.842000000000000193e-01
4.837222222222222756e-01
4.839444444444444549e-01
4.844111111111111256e-01
4.844555555555555837e-01
4.848666666666666125e-01
4.895777777777777784e-01
4.995111111111110724e-01
5.017666666666668052e-01
5.020444444444444043e-01
5.018111111111109857e-01
5.017111111111112187e-01
5.021444444444446153e-01
5.015888888888889730e-01
5.020222222222221475e-01
5.012111111111110517e-01
5.008777777777777551e-01
5.004555555555555424e-01
5.003888888888888831e-01
5.004333333333331746e-01
5.001999999999999780e-01
5.002888888888888941e-01
5.005555555555555314e-01
5.005555555555555314e-01
5.008777777777777551e-01
4.987777777777777644e-01
4.875333333333332630e-01
4.850333333333332608e-01
4.823888888888888671e-01
4.802222222222221060e-01
4.732888888888888701e-01
4.669777777777777694e-01
4.692666666666666653e-01
4.748333333333333850e-01
4.770999999999999686e-01
4.775000000000000355e-01
4.775666666666666393e-01
4.777666666666666728e-01
4.796666666666666856e-01
4.794888888888889089e-01
4.804777777777777814e-01
4.802777777777777479e-01
4.808888888888889213e-01
4.856333333333332503e-01
4.859111111111110715e-01
4.858555555555555405e-01
4.858777777777778528e-01
4.869777777777778427e-01
4.943000000000000727e-01
5.005222222222222017e-01
5.004333333333332856e-01
5.004555555555554314e-01
5.000777777777777322e-01
5.006111111111111178e-01
5.007444444444444365e-01
4.995111111111110724e-01
4.917888888888888865e-01
4.852666666666666795e-01
4.843444444444444108e-01
4.848000000000000087e-01
4.850555555555555731e-01
4.849666666666666570e-01
4.832000000000000739e-01
4.800333333333333674e-01
4.800333333333333119e-01
4.791111111111110432e-01
4.805666666666666420e-01
4.797333333333332894e-01
4.776999999999999580e-01
4.776000000000000245e-01
4.772888888888889292e-01
4.776555555555554999e-01
4.788555555555555898e-01
4.810666666666665869e-01
4.816111111111110454e-01
4.797222222222223276e-01
4.797777777777777475e-01
4.807222222222222729e-01
4.819222222222221963e-01
4.846888888888888358e-01
4.848555555555555396e-01
4.843555555555555947e-01
4.838111111111110252e-01
4.841000000000000303e-01
4.839888888888889129e-01
4.843666666666666676e-01
4.847555555555555507e-01
4.928111111111110887e-01
4.988333333333334063e-01
5.004333333333332856e-01
5.008000000000000229e-01
5.011444444444443924e-01
5.022222222222221255e-01
5.032777777777777128e-01
5.028111111111112086e-01
5.016555555555556323e-01
5.005888888888889721e-01
4.850555555555555731e-01
4.806777777777778149e-01
4.792666666666666186e-01
4.812111111111110895e-01
4.798555555555556462e-01
4.780555555555555669e-01
4.777555555555554889e-01
4.777666666666666728e-01
4.779333333333333211e-01
4.778333333333332766e-01
4.790888888888888975e-01
4.806222222222222840e-01
4.802777777777777479e-01
4.802888888888889318e-01
4.809555555555555251e-01
4.808222222222222064e-01
4.987999999999999101e-01
5.016000000000000458e-01
5.024555555555555442e-01
5.025777777777776789e-01
5.017444444444445484e-01
5.007333333333332526e-01
5.001888888888887941e-01
5.004777777777777992e-01
5.006222222222223017e-01
4.994777777777776873e-01
4.945555555555556371e-01
4.887333333333333529e-01
4.857333333333333503e-01
4.851444444444444337e-01
4.845777777777777739e-01
4.804666666666667085e-01
4.805000000000000382e-01
4.772333333333332872e-01
4.745000000000000329e-01
4.478777777777776525e-01
4.480444444444444674e-01
4.673888888888889093e-01
4.755111111111110511e-01
4.776444444444444271e-01
4.681000000000000161e-01
4.704333333333333700e-01
4.822555555555555484e-01
4.819777777777778383e-01
4.850333333333332608e-01
4.870777777777777762e-01
4.872888888888888825e-01
4.851111111111110485e-01
4.844222222222221985e-01
4.839666666666666561e-01
4.843000000000000638e-01
4.850111111111111151e-01
4.853999999999999981e-01
4.804333333333333234e-01
4.794666666666666521e-01
4.778222222222222038e-01
4.651444444444443604e-01
4.528111111111111642e-01
4.482222222222222996e-01
4.487333333333334284e-01
4.525999999999999468e-01
4.744222222222221341e-01
4.807555555555556026e-01
4.805555555555555691e-01
4.849111111111111261e-01
4.844999999999999862e-01
4.843888888888888689e-01
4.842111111111110922e-01
4.843777777777777960e-01
5.026777777777777789e-01
5.010000000000000009e-01
4.805111111111111111e-01
4.778666666666666618e-01
4.765666666666666940e-01
4.602888888888889696e-01
4.471888888888888025e-01
4.475222222222222657e-01
4.621666666666667256e-01
4.765111111111111075e-01
4.796666666666665746e-01
4.783666666666666623e-01
4.803555555555555356e-01
4.854444444444444007e-01
4.850777777777777189e-01
4.844333333333332714e-01
4.846888888888888358e-01
5.029555555555556001e-01
5.019666666666666721e-01
4.913333333333332886e-01
4.807111111111111446e-01
4.690111111111109898e-01
4.687333333333333907e-01
4.597777777777777852e-01
4.539555555555555011e-01
4.539111111111111541e-01
4.492888888888888488e-01
4.579777777777778169e-01
4.789777777777777246e-01
4.801777777777778144e-01
4.813555555555555920e-01
5.018333333333333535e-01
5.020777777777777340e-01
5.025222222222223145e-01
5.028333333333333544e-01
5.028111111111112086e-01
4.993222222222222229e-01
4.817888888888888776e-01
4.800444444444444958e-01
4.779444444444444495e-01
4.504777777777777548e-01
4.455111111111110800e-01
4.388000000000000234e-01
4.400777777777777899e-01
4.452333333333332588e-01
4.519333333333333536e-01
4.562444444444444525e-01
4.756222222222222795e-01
4.803000000000000047e-01
4.793555555555555903e-01
4.810444444444443857e-01
4.847888888888889358e-01
4.852555555555555511e-01
4.852888888888888252e-01
4.849444444444444002e-01
4.816111111111111565e-01
4.800444444444443848e-01
4.711777777777777509e-01
4.710555555555555052e-01
4.601666666666666128e-01
4.573666666666666436e-01
4.540111111111111430e-01
4.465333333333332821e-01
4.427444444444444405e-01
4.416666666666666519e-01
4.427666666666666972e-01
4.464555555555556055e-01
4.520666666666666722e-01
4.581222222222223195e-01
4.502666666666665929e-01
4.749777777777777765e-01
4.783333333333332771e-01
4.800777777777777144e-01
4.806222222222221729e-01
4.801888888888888873e-01
4.786555555555555563e-01
4.787999999999999479e-01
4.802888888888889318e-01
4.804444444444444517e-01
4.811666666666666314e-01
4.789888888888889085e-01
4.746777777777777541e-01
4.642888888888889176e-01
4.489444444444444238e-01
4.590222222222222204e-01
4.552333333333332677e-01
4.523666666666666392e-01
4.506444444444445141e-01
4.512555555555555764e-01
4.534222222222222265e-01
4.567111111111111232e-01
4.527111111111111752e-01
4.671444444444444177e-01
4.765888888888889507e-01
4.777777777777777457e-01
4.798888888888888649e-01
4.796333333333333560e-01
4.798666666666666081e-01
4.811555555555555586e-01
4.818777777777777938e-01
4.821666666666666878e-01
4.809777777777777819e-01
4.803111111111111886e-01
4.783333333333333881e-01
4.649333333333332541e-01
4.531777777777777350e-01
4.580777777777778059e-01
4.558888888888888435e-01
4.516222222222222582e-01
4.492111111111111721e-01
4.488444444444444348e-01
4.508111111111111624e-01
4.544333333333333558e-01
4.578333333333333144e-01
4.626888888888889273e-01
4.779777777777777792e-01
4.813333333333333353e-01
4.778555555555555334e-01
4.807222222222222729e-01
4.872555555555555529e-01
5.010333333333333306e-01
5.012222222222221246e-01
4.826777777777777612e-01
4.809111111111110670e-01
4.807444444444444187e-01
4.776222222222222813e-01
4.581000000000000627e-01
4.472888888888888470e-01
4.359666666666666690e-01
4.290777777777778357e-01
4.275333333333333208e-01
4.296111111111111103e-01
4.348444444444444779e-01
4.432777777777777706e-01
4.547555555555555795e-01
4.522111111111111748e-01
4.781555555555555559e-01
4.807999999999999496e-01
4.807777777777777484e-01
4.811222222222222289e-01
4.812222222222221624e-01
4.806666666666667420e-01
4.809999999999999831e-01
4.777999999999999470e-01
4.475999999999999424e-01
4.557888888888889101e-01
4.428333333333334121e-01
4.334999999999999409e-01
4.274333333333333318e-01
4.252444444444444804e-01
4.268222222222222140e-01
4.305222222222221951e-01
4.377222222222221792e-01
4.487777777777778310e-01
4.596777777777777962e-01
4.710888888888888903e-01
4.779444444444444495e-01
4.808555555555555916e-01
4.808999999999999941e-01
4.809111111111110670e-01
4.806555555555555581e-01
4.774555555555555775e-01
4.799777777777777810e-01
4.759999999999999787e-01
4.575222222222222190e-01
4.532888888888889078e-01
4.415444444444444616e-01
4.334999999999999964e-01
4.277444444444444271e-01
4.259666666666666601e-01
4.265666666666667051e-01
4.296333333333333115e-01
4.361111111111111160e-01
4.444888888888888778e-01
4.543999999999999706e-01
4.594555555555556170e-01
4.744666666666665922e-01
4.784222222222223042e-01
4.795000000000000373e-01
4.796666666666666856e-01
4.802444444444444738e-01
4.805444444444443852e-01
4.804333333333333234e-01
4.698444444444444534e-01
4.678666666666667640e-01
4.643444444444444485e-01
4.610555555555555518e-01
4.514555555555554989e-01
4.420111111111111324e-01
4.337999999999999634e-01
4.286222222222222933e-01
4.254666666666666597e-01
4.253000000000000669e-01
4.279555555555555890e-01
4.332222222222222308e-01
4.399333333333332874e-01
4.489333333333333509e-01
4.574999999999999623e-01
4.533222222222222375e-01
4.577999999999999847e-01
4.761333333333334084e-01
4.782222222222222707e-01
4.709222222222221865e-01
4.690555555555555589e-01
4.687222222222222068e-01
4.722666666666666679e-01
4.654111111111111088e-01
4.652777777777777901e-01
4.953002777777777976e-01
4.588336180555555588e-01
4.625222222222222235e-01
4.579000000000000292e-01
4.523333333333334205e-01
4.471111111111111258e-01
4.430666666666666642e-01
4.406666666666667065e-01
4.394000000000000128e-01
4.398888888888888848e-01
4.418777777777777582e-01
4.446444444444444533e-01
4.485999999999999988e-01
4.537555555555555786e-01
4.592111111111111255e-01
4.631444444444443587e-01
4.648666666666667613e-01
4.605999999999999539e-01
4.641222222222222693e-01
4.648666666666666503e-01
4.682000000000000051e-01
4.742666666666666142e-01
4.773000000000000020e-01
4.754222222222222460e-01
4.690111111111111009e-01
4.729666666666667019e-01
4.678555555555555800e-01
4.695777777777778161e-01
4.560222222222222732e-01
4.618444444444444463e-01
4.542888888888888532e-01
4.450000000000000067e-01
4.364222222222222669e-01
4.289777777777777912e-01
4.240444444444445016e-01
4.207111111111112023e-01
4.199333333333333251e-01
4.207222222222222197e-01
4.218222222222222650e-01
4.231222222222222329e-01
4.267777777777778114e-01
4.304888888888888654e-01
4.350555555555555842e-01
4.416777777777778358e-01
4.486444444444444013e-01
4.566666666666667207e-01
4.630333333333333523e-01
4.521222222222222031e-01
4.770222222222221808e-01
4.790888888888888975e-01
4.809555555555555251e-01
4.792111111111111987e-01
4.801555555555556132e-01
4.789888888888889085e-01
4.792666666666667297e-01
4.777333333333333432e-01
4.731555555555555515e-01
4.648000000000000465e-01
4.578555555555554601e-01
4.479888888888888254e-01
4.380222222222222017e-01
4.296111111111111103e-01
4.216111111111110477e-01
4.152777777777778012e-01
4.121777777777778096e-01
4.108333333333333837e-01
4.094777777777777739e-01
4.094999999999999196e-01
4.091777777777776959e-01
4.105666666666667464e-01
4.128000000000000558e-01
4.171222222222222276e-01
4.206444444444444319e-01
4.247888888888888825e-01
4.300555555555556353e-01
4.353666666666666796e-01
4.412111111111111095e-01
4.478333333333333055e-01
4.548111111111111104e-01
4.611555555555555963e-01
4.670222222222222275e-01
4.476333333333333275e-01
4.630777777777777549e-01
4.750444444444443803e-01
4.769444444444445041e-01
4.769444444444445041e-01
4.761555555555555541e-01
4.750444444444444914e-01
4.742888888888889265e-01
4.636333333333333417e-01
4.473777777777778741e-01
4.563111111111111118e-01
4.660999999999999588e-01
4.642222222222222028e-01
4.609444444444444899e-01
4.556222222222222062e-01
4.500555555555554865e-01
4.437444444444443858e-01
4.381888888888889055e-01
4.322999999999999621e-01
4.273888888888888737e-01
4.226444444444444337e-01
4.181666666666666865e-01
4.148444444444444601e-01
4.126111111111111507e-01
4.107333333333332837e-01
4.103888888888889142e-01
4.116888888888888820e-01
4.134444444444443922e-01
4.161111111111111538e-01
4.198444444444444645e-01
4.242888888888889376e-01
4.299999999999999933e-01
4.349222222222222656e-01
4.418777777777778137e-01
4.487555555555555742e-01
4.569333333333333580e-01
4.631555555555555426e-01
4.674777777777777699e-01
4.540000000000000147e-01
4.676555555555555466e-01
4.739999999999999769e-01
4.726777777777778078e-01
4.609999999999999098e-01
4.539111111111111541e-01
4.668777777777777804e-01
4.636888888888888172e-01
4.571333333333333915e-01
4.494777777777778094e-01
4.411555555555555785e-01
4.339888888888888685e-01
4.274888888888888627e-01
4.212333333333333485e-01
4.160666666666666957e-01
4.120222222222222341e-01
4.091666666666666230e-01
4.082999999999999408e-01
4.088444444444443993e-01
4.111222222222221667e-01
4.136555555555555541e-01
4.175555555555556242e-01
4.226333333333333608e-01
4.287222222222222268e-01
4.356555555555555181e-01
4.434000000000000719e-01
4.519333333333333536e-01
4.603333333333334276e-01
4.677000000000000046e-01
4.675333333333333008e-01
4.765444444444444372e-01
4.777222222222222148e-01
4.751444444444444248e-01
4.637444444444444591e-01
4.654444444444444384e-01
4.614666666666666917e-01
4.521666666666666057e-01
4.409555555555555451e-01
4.310777777777777819e-01
4.219777777777778405e-01
4.144555555555555770e-01
4.083777777777777840e-01
4.054555555555555135e-01
4.057333333333333347e-01
4.076000000000000179e-01
4.120777777777777651e-01
4.194444444444443976e-01
4.274111111111110750e-01
4.376444444444443915e-01
4.496666666666666590e-01
4.609888888888888925e-01
4.670777777777778139e-01
4.530777777777778015e-01
4.698555555555555263e-01
4.479111111111111487e-01
4.680444444444444296e-01
4.597222222222222543e-01
4.496777777777777318e-01
4.386777777777777776e-01
4.283111111111111424e-01
4.185000000000000386e-01
4.101111111111110930e-01
4.052777777777777923e-01
4.040333333333333554e-01
4.061000000000000720e-01
4.103888888888889142e-01
4.185555555555555696e-01
4.284222222222222043e-01
4.406666666666667065e-01
4.551333333333333897e-01
4.678666666666666529e-01
4.749888888888888494e-01
4.776000000000000245e-01
4.774333333333333207e-01
4.768888888888888622e-01
4.656777777777778571e-01
4.664111111111111097e-01
4.557555555555555249e-01
4.421111111111111214e-01
4.295333333333333226e-01
4.180444444444444962e-01
4.093222222222221984e-01
4.032999999999999918e-01
4.022666666666667168e-01
4.050000000000000266e-01
4.077333333333332810e-01
4.122666666666666702e-01
4.178222222222222615e-01
4.239333333333333287e-01
4.314555555555555921e-01
4.391999999999999793e-01
4.486333333333333284e-01
4.571333333333333915e-01
4.650555555555555554e-01
4.595555555555555505e-01
4.600222222222222213e-01
4.689777777777777157e-01
4.523222222222222366e-01
4.525888888888888739e-01
4.660444444444444279e-01
4.659999999999999698e-01
4.642222222222222028e-01
4.626555555555555421e-01
4.604444444444444340e-01
4.583888888888888458e-01
4.574111111111111017e-01
4.562888888888889105e-01
4.552999999999999825e-01
4.545666666666666744e-01
4.541111111111110765e-01
4.546777777777777918e-01
4.554888888888888876e-01
4.558555555555555139e-01
4.568333333333332580e-01
4.575888888888889339e-01
4.577111111111110686e-01
4.584777777777777619e-01
4.586000000000000631e-01
4.593000000000000416e-01
4.594666666666665789e-01
4.596333333333332827e-01
4.598999999999999755e-01
4.604444444444444340e-01
4.601000000000000090e-01
4.605777777777777526e-01
4.607222222222221997e-01
4.608444444444443899e-01
4.604888888888888920e-01
4.611222222222222111e-01
4.610444444444444234e-01
4.612333333333332730e-01
4.615222222222222781e-01
4.612999999999999878e-01
4.622111111111111281e-01
4.621222222222221565e-01
4.622222222222222565e-01
4.628000000000000447e-01
4.627888888888888608e-01
4.631111111111111400e-01
4.629555555555555646e-01
4.634555555555555650e-01
4.638777777777777778e-01
4.634444444444444922e-01
4.636111111111110294e-01
4.640111111111110964e-01
4.639777777777778223e-01
4.640222222222221693e-01
4.641666666666666718e-01
4.641666666666666718e-01
4.642888888888889176e-01
4.646999999999999464e-01
4.644555555555555104e-01
4.643444444444444485e-01
4.647333333333332206e-01
4.643111111111111744e-01
4.643999999999999795e-01
4.641777777777778002e-01
4.642555555555555880e-01
4.644111111111111634e-01
4.645000000000000240e-01
4.640555555555556655e-01
4.643777777777777782e-01
4.644666666666666943e-01
4.642444444444444596e-01
4.642777777777778447e-01
4.643444444444444485e-01
4.645888888888889401e-01
4.644999999999999130e-01
4.642333333333333867e-01
4.643777777777777782e-01
4.641999999999999460e-01
4.644222222222222363e-01
4.641555555555555990e-01
4.642111111111111299e-01
4.644666666666666943e-01
4.643555555555556325e-01
4.644222222222222363e-01
4.641666666666666718e-01
4.642777777777777337e-01
4.644666666666666943e-01
4.647444444444445155e-01
4.646888888888888736e-01
4.643333333333333757e-01
4.642222222222222028e-01
4.641333333333332312e-01
4.647555555555555884e-01
4.644444444444444375e-01
4.643777777777777782e-01
4.643444444444444485e-01
4.646777777777778007e-01
4.645333333333334092e-01
4.643555555555556325e-01
4.642999999999999905e-01
4.646333333333333426e-01
4.644555555555555104e-01
4.642666666666666608e-01
4.640444444444444816e-01
4.638333333333333197e-01
4.645555555555555549e-01
4.646333333333333426e-01
4.641777777777778002e-01
4.642111111111111299e-01
4.641888888888888731e-01
4.642777777777777337e-01
4.642888888888889176e-01
4.641333333333333422e-01
4.642222222222222028e-01
4.641333333333333422e-01
4.646666666666666168e-01
4.644111111111111634e-01
4.641666666666666718e-01
4.643333333333333757e-01
4.643444444444444485e-01
4.642111111111111299e-01
4.641777777777778002e-01
4.640555555555555545e-01
4.643333333333333757e-01
4.641666666666666718e-01
4.641222222222222693e-01
4.643000000000001015e-01
4.642111111111111299e-01
4.643999999999999795e-01
4.639777777777777668e-01
4.643444444444444485e-01
4.641444444444444151e-01
4.641222222222221583e-01
4.642777777777777337e-01
4.642888888888888066e-01
4.640777777777778113e-01
4.641888888888889841e-01
4.640666666666666273e-01
4.647333333333334426e-01
4.644777777777777672e-01
4.640666666666666273e-01
4.645111111111110969e-01
4.643777777777777782e-01
4.639333333333333087e-01
4.639777777777777668e-01
4.643333333333332646e-01
4.644222222222222363e-01
4.642666666666667719e-01
4.642444444444444041e-01
4.646111111111110858e-01
4.640777777777778113e-01
4.642999999999999905e-01
4.642222222222222028e-01
4.644111111111111634e-01
4.642000000000000570e-01
4.643555555555555214e-01
4.642999999999999905e-01
4.641444444444444151e-01
4.644555555555556214e-01
4.642111111111111299e-01
4.645777777777777562e-01
4.638888888888888506e-01
4.644111111111111634e-01
4.642777777777777337e-01
4.647111111111110748e-01
4.645222222222222253e-01
4.643111111111111189e-01
4.640999999999999570e-01
4.641111111111110854e-01
4.641222222222221583e-01
4.643444444444444485e-01
4.640999999999999570e-01
4.641777777777776892e-01
4.643333333333333757e-01
4.643555555555555214e-01
4.646666666666667278e-01
4.644777777777777672e-01
4.646666666666667278e-01
4.648111111111112304e-01
4.642888888888888066e-01
4.642444444444444596e-01
4.643999999999999795e-01
4.644666666666666943e-01
4.644888888888889511e-01
4.642444444444444596e-01
4.647111111111112414e-01
4.645444444444443710e-01
4.644222222222222363e-01
4.639777777777777668e-01
4.642333333333333867e-01
4.645666666666666278e-01
4.645888888888889401e-01
4.644888888888889511e-01
4.643333333333333757e-01
4.644888888888889511e-01
4.639555555555555655e-01
4.638999999999999790e-01
4.643777777777777782e-01
4.644000000000000905e-01
4.644555555555556214e-01
4.643555555555555214e-01
4.643555555555555214e-01
4.642666666666666608e-01
4.643555555555555214e-01
4.644444444444444930e-01
4.642999999999999905e-01
4.643444444444445596e-01
4.640444444444443706e-01
4.642555555555555880e-01
4.646333333333333426e-01
4.645111111111110969e-01
4.647000000000000575e-01
4.641555555555554879e-01
4.640000000000000235e-01
4.642777777777778447e-01
4.643666666666667053e-01
4.641888888888889841e-01
4.645333333333334092e-01
4.643333333333333757e-01
4.645111111111110969e-01
4.648666666666666503e-01
4.645333333333334092e-01
4.642555555555555880e-01
4.645777777777777562e-01
4.643222222222223028e-01
4.641555555555554879e-01
4.635999999999999566e-01
4.644555555555556214e-01
4.642888888888889176e-01
4.640777777777777002e-01
4.643999999999999795e-01
4.645222222222222253e-01
4.640777777777778113e-01
4.640000000000000235e-01
4.644666666666666943e-01
4.646222222222221587e-01
4.641444444444444151e-01
4.642444444444444041e-01
4.643222222222223028e-01
4.639888888888888396e-01
4.644777777777777672e-01
4.644333333333333091e-01
4.647444444444444045e-01
4.641888888888888731e-01
4.639888888888889507e-01
4.641555555555554879e-01
4.643111111111111744e-01
4.641777777777778002e-01
4.643333333333333757e-01
4.646111111111110858e-01
4.644111111111111634e-01
4.643666666666665943e-01
4.643666666666667053e-01
4.642999999999999905e-01
4.642777777777778447e-01
4.642555555555555880e-01
4.642000000000000570e-01
4.642111111111111299e-01
4.646111111111111969e-01
