3.856999999999999873e-01
4.257000000000000228e-01
4.657000000000000028e-01
5.057000000000001494e-01
5.456999999999999629e-01
5.856999999999999984e-01
6.257000000000000339e-01
6.656999999999999584e-01
7.056999999999998829e-01
7.457000000000000295e-01
7.856999999999999540e-01
8.276039999999998953e-01
8.690999999999999837e-01
9.091000000000000192e-01
9.491000000000000547e-01
9.890999999999999792e-01
1.029100000000000126e+00
1.069099999999999939e+00
1.109100000000000197e+00
1.149099999999999788e+00
1.189099999999999824e+00
1.229099999999999859e+00
1.270947999999999967e+00
1.312400000000000011e+00
1.352400000000000047e+00
1.392400000000000082e+00
1.432400000000000118e+00
1.472399999999999931e+00
1.512399999999999967e+00
1.552399999999999780e+00
1.592400000000000038e+00
1.632400000000000073e+00
1.672400000000000109e+00
1.712399999999999922e+00
1.754248000000000030e+00
1.795700000000000074e+00
1.835700000000000331e+00
1.875699999999999923e+00
1.915699999999999958e+00
1.955700000000000216e+00
1.995700000000000252e+00
2.035700000000000287e+00
2.075699999999999878e+00
2.115699999999999914e+00
2.155699999999999950e+00
2.195700000000000429e+00
2.237604000000000148e+00
2.279100000000000570e+00
2.319100000000000161e+00
2.359099999999999753e+00
2.399099999999999788e+00
2.439100000000000268e+00
2.479100000000000303e+00
2.519099999999999895e+00
2.559099999999999486e+00
2.599099999999999522e+00
2.639044000000000167e+00
2.680903999999999954e+00
2.722399999999999931e+00
2.762400000000000411e+00
2.802400000000000446e+00
2.842399999999999594e+00
2.882399999999999629e+00
2.922400000000000109e+00
2.962400000000000588e+00
3.002399999999999736e+00
3.042400000000000215e+00
3.082400000000000251e+00
3.122400000000000286e+00
3.164248000000000172e+00
3.205699999999999772e+00
3.245700000000000252e+00
3.285700000000000287e+00
3.325699999999999434e+00
3.365699999999999914e+00
3.405699999999999950e+00
3.445700000000000429e+00
3.485699999999999577e+00
3.525700000000000056e+00
3.565700000000000536e+00
3.607547999999999533e+00
3.649000000000000021e+00
3.689000000000000057e+00
3.729000000000000092e+00
3.769000000000000128e+00
3.808999999999999719e+00
3.848999999999999755e+00
3.889000000000000679e+00
3.928999999999999826e+00
3.968999999999999417e+00
4.009000000000000341e+00
4.049000000000000377e+00
4.090904000000000096e+00
4.132400000000000517e+00
4.172399999999999665e+00
4.212399999999999700e+00
4.252399999999998847e+00
4.292400000000000659e+00
4.332399999999999807e+00
4.372399999999999842e+00
4.412399999999999878e+00
4.452400000000000801e+00
4.492399999999999949e+00
4.532399999999999096e+00
4.574247999999999870e+00
4.615700000000000358e+00
4.655699999999999505e+00
4.695699999999999541e+00
4.735700000000000465e+00
4.775700000000000500e+00
4.815699999999999648e+00
4.855700000000000571e+00
4.895699999999999719e+00
4.935700000000000642e+00
4.975699999999999790e+00
5.017547999999999675e+00
5.059000000000000163e+00
5.099000000000000199e+00
5.138999999999999346e+00
5.178999999999999382e+00
5.219000000000000306e+00
5.259000000000000341e+00
5.298999999999999488e+00
5.339000000000000412e+00
5.379000000000000448e+00
5.419000000000000483e+00
5.458999999999999631e+00
5.500847999999999516e+00
5.542300000000000892e+00
5.582300000000000040e+00
5.622299999999999187e+00
5.662300000000000111e+00
5.702300000000000146e+00
5.742300000000000182e+00
5.782300000000000217e+00
5.822300000000000253e+00
5.862300000000000288e+00
5.902300000000000324e+00
5.942299999999999471e+00
5.984204000000000079e+00
6.025700000000000500e+00
6.065699999999999648e+00
6.105700000000000571e+00
6.145699999999999719e+00
6.185700000000000642e+00
6.225699999999999790e+00
6.265699999999998937e+00
6.305699999999999861e+00
6.345700000000000784e+00
6.385699999999999932e+00
6.427547999999999817e+00
6.469000000000000306e+00
6.509000000000000341e+00
6.549000000000000377e+00
6.589000000000000412e+00
6.629000000000000448e+00
6.669000000000000483e+00
6.708999999999999631e+00
6.749000000000000554e+00
6.788999999999999702e+00
6.828999999999999737e+00
6.869000000000000661e+00
6.910847999999999658e+00
6.952300000000000146e+00
6.992300000000000182e+00
7.032300000000000217e+00
7.072300000000000253e+00
7.112300000000000288e+00
7.152300000000000324e+00
7.192299999999999471e+00
7.232300000000001283e+00
7.272299999999999542e+00
7.312299999999999578e+00
7.354147999999999463e+00
7.395599999999999952e+00
7.435599999999999987e+00
7.475600000000000023e+00
7.515600000000000058e+00
7.555600000000000094e+00
7.595600000000000129e+00
7.635600000000000165e+00
7.675600000000001089e+00
7.715600000000001124e+00
7.755599999999999383e+00
7.795599999999999419e+00
7.837504000000000026e+00
7.879000000000000448e+00
7.919000000000000483e+00
7.958999999999999631e+00
7.999000000000001442e+00
8.038999999999999702e+00
8.079000000000000625e+00
8.118998000000001269e+00
8.158999999999998920e+00
8.198999999999999844e+00
8.239000000000000767e+00
8.278999999999999915e+00
8.320847999999999800e+00
8.362300000000001177e+00
8.402300000000000324e+00
8.442300000000001248e+00
8.482300000000000395e+00
8.522300000000001319e+00
8.562300000000000466e+00
8.602300000000001390e+00
8.642293000000000447e+00
8.682299999999999685e+00
8.722299999999998832e+00
8.764148000000000494e+00
8.805600000000000094e+00
8.845599999999999241e+00
8.885600000000000165e+00
8.925600000000001089e+00
8.965600000000000236e+00
9.005600000000001160e+00
9.045600000000000307e+00
9.085600000000001231e+00
9.125600000000000378e+00
9.165600000000001302e+00
9.205600000000000449e+00
9.247448000000000334e+00
9.288899999999999935e+00
9.328900000000000858e+00
9.368900000000000006e+00
9.408900000000000929e+00
9.448900000000000077e+00
9.488900000000001000e+00
9.528900000000000148e+00
9.568899999999999295e+00
9.608899999999998442e+00
9.648900000000001143e+00
9.690803999999999974e+00
9.732298000000000116e+00
9.772300000000001319e+00
9.812300000000000466e+00
9.852299999999999613e+00
9.892299999999998761e+00
9.932299999999999685e+00
9.972300000000002385e+00
1.001229999999999976e+01
1.005230000000000068e+01
1.009229999999999983e+01
1.013230000000000075e+01
1.017414799999999886e+01
1.021560000000000024e+01
1.025560000000000116e+01
1.029560000000000031e+01
1.033560000000000123e+01
1.037560000000000038e+01
1.041560000000000130e+01
1.045560000000000045e+01
1.049559999999999960e+01
1.053560000000000052e+01
1.057559999999999967e+01
1.061559499999999900e+01
1.065744800000000048e+01
1.069890000000000008e+01
1.073890000000000100e+01
1.077890000000000015e+01
1.081889999999999930e+01
1.085889999999999844e+01
1.089889999999999937e+01
1.093890000000000029e+01
1.097889800000000093e+01
1.101889999999999858e+01
1.105889299999999942e+01
1.110080022222222240e+01
1.114229999999999876e+01
1.118224400000000074e+01
1.122225599999999979e+01
1.126229999999999976e+01
1.130224399999999996e+01
1.134220000000000006e+01
1.138219999999999921e+01
1.142220000000000013e+01
1.146219999999999928e+01
1.150220000000000020e+01
1.154220000000000113e+01
1.158410400000000173e+01
1.162560000000000038e+01
1.166559999999999953e+01
1.170560000000000045e+01
1.174559999999999960e+01
1.178559999999999874e+01
1.182560000000000144e+01
1.186560000000000059e+01
1.190559999999999974e+01
1.194559999999999889e+01
1.198559999999999803e+01
1.202560000000000073e+01
1.206744799999999884e+01
1.210889999999999844e+01
1.214889799999999909e+01
1.218890000000000029e+01
1.222889999999999944e+01
1.226889999999999858e+01
1.230889800000000101e+01
1.234890000000000043e+01
1.238889999999999958e+01
1.242890000000000050e+01
1.246888899999999900e+01
1.251074799999999954e+01
1.255220000000000091e+01
1.259220000000000006e+01
1.263219999999999921e+01
1.267220000000000013e+01
1.271219999999999928e+01
1.275220000000000020e+01
1.279220000000000113e+01
1.283220000000000027e+01
1.287219999999999942e+01
1.291220000000000212e+01
1.295220000000000127e+01
1.299410400000000010e+01
1.303559999999999874e+01
1.307559999999999967e+01
1.311560000000000059e+01
1.315559999999999974e+01
1.319560000000000244e+01
1.323559999999999803e+01
1.327560000000000073e+01
1.331559999999999988e+01
1.335560000000000080e+01
1.339559999999999995e+01
1.343744799999999984e+01
1.347889999999999944e+01
1.351889999999999858e+01
1.355889999999999951e+01
1.359890000000000043e+01
1.363889999999999958e+01
1.367890000000000050e+01
1.371889999999999965e+01
1.375890000000000057e+01
1.379889999999999972e+01
1.383890000000000065e+01
1.387889999999999979e+01
1.392074799999999968e+01
1.396219999999999928e+01
1.400220000000000020e+01
1.404220199999999963e+01
1.408220000000000027e+01
1.412219999999999942e+01
1.416220000000000212e+01
1.420220000000000127e+01
1.424220000000000041e+01
1.428219999999999779e+01
1.432219799999999843e+01
1.436219799999999935e+01
1.440404799999999774e+01
1.444550000000000090e+01
1.448549999999999827e+01
1.452550000000000097e+01
1.456549999999999834e+01
1.460549799999999898e+01
1.464550000000000196e+01
1.468549999999999933e+01
1.472550000000000203e+01
1.476549999999999940e+01
1.480550000000000210e+01
1.484740399999999916e+01
1.488889999999999958e+01
1.492889999999999873e+01
1.496889999999999965e+01
1.500890000000000235e+01
1.504889999999999972e+01
1.508890000000000242e+01
1.512889999999999979e+01
1.516890000000000072e+01
1.520889999999999986e+01
1.524890000000000079e+01
1.528889999999999993e+01
1.533074799999999982e+01
1.537220000000000120e+01
1.541220000000000390e+01
1.545220000000000127e+01
1.549220000000000041e+01
1.553219999999999779e+01
1.557220000000000049e+01
1.561219999999999786e+01
1.565219799999999850e+01
1.569219999999999793e+01
1.573219999999999885e+01
1.577219999999999800e+01
1.581404800000000144e+01
1.585549999999999926e+01
1.589550000000000196e+01
1.593549999999999933e+01
1.597550000000000203e+01
1.601549999999999940e+01
1.605550000000000210e+01
1.609550000000000125e+01
1.613549999999999685e+01
1.617549999999999955e+01
1.621549800000000019e+01
1.625734799999999680e+01
1.629879999999999995e+01
1.633880000000000265e+01
1.637879500000000021e+01
1.641879999999999740e+01
1.645880000000000365e+01
1.649880000000000280e+01
1.653879999999999839e+01
1.657879999999999754e+01
1.661880000000000379e+01
1.665879999999999939e+01
1.669879999999999498e+01
1.674070400000000447e+01
1.678220000000000312e+01
1.682219999999999871e+01
1.686219999999999786e+01
1.690219799999999850e+01
1.694219999999999970e+01
1.698219999999999530e+01
1.702219999999999800e+01
1.706220000000000070e+01
1.710219999999999985e+01
1.714219999999999899e+01
1.718404800000000421e+01
1.722550000000000026e+01
1.726549999999999940e+01
1.730550000000000210e+01
1.734550000000000125e+01
1.738549999999999685e+01
1.742549999999999955e+01
1.746550000000000225e+01
1.750550000000000139e+01
1.754549999999999699e+01
1.758549999999999969e+01
1.762550000000000239e+01
1.766734800000000050e+01
1.770880000000000365e+01
1.774880000000000280e+01
1.778879999999999839e+01
1.782879799999999548e+01
1.786879800000000174e+01
1.790879999999999939e+01
1.794879999999999498e+01
1.798880000000000123e+01
1.802880000000000038e+01
1.806879999999999953e+01
1.810879999999999868e+01
1.815064800000000389e+01
1.819209999999999994e+01
1.823209999999999908e+01
1.827210000000000178e+01
1.831210000000000093e+01
1.835210000000000008e+01
1.839210200000000128e+01
1.843209799999999632e+01
1.847210199999999958e+01
1.851210000000000022e+01
1.855209999999999937e+01
1.859400399999999820e+01
1.863549999999999685e+01
1.867549999999999955e+01
1.871549999999999869e+01
1.875550000000000139e+01
1.879549799999999848e+01
1.883549999999999969e+01
1.887549800000000388e+01
1.891549999999999798e+01
1.895550000000000068e+01
1.899550000000000338e+01
1.903549999999999898e+01
1.907734799999999709e+01
1.911880000000000024e+01
1.915879999999999939e+01
1.919879999999999853e+01
1.923880000000000123e+01
1.927880000000000038e+01
1.931879999999999953e+01
1.935880000000000223e+01
1.939880000000000138e+01
1.943880000000000052e+01
1.947879999999999612e+01
1.952064799999999778e+01
1.956210000000000093e+01
1.960210000000000008e+01
1.964210000000000278e+01
1.968210000000000193e+01
1.972210000000000107e+01
1.976210000000000022e+01
1.980209800000000087e+01
1.984210000000000207e+01
1.988209600000000066e+01
1.992210000000000036e+01
1.996209999999999951e+01
2.000400399999999834e+01
2.004544399999999982e+01
2.008540000000000347e+01
2.012539999999999907e+01
2.016539999999999822e+01
2.020539999999999736e+01
2.024540000000000362e+01
2.028539999999999921e+01
2.032540000000000191e+01
2.036540000000000106e+01
2.040540000000000020e+01
2.044539999999999935e+01
2.048730399999999818e+01
2.052880000000000038e+01
2.056879999999999953e+01
2.060880000000000223e+01
2.064880000000000138e+01
2.068880000000000052e+01
2.072879999999999612e+01
2.076879999999999882e+01
2.080879999999999797e+01
2.084880000000000067e+01
2.088879999999999981e+01
2.093064800000000503e+01
2.097210000000000107e+01
2.101210000000000022e+01
2.105209999999999937e+01
2.109210000000000207e+01
2.113209999999999766e+01
2.117210000000000036e+01
2.121209999999999951e+01
2.125210000000000221e+01
2.129209999999999781e+01
2.133210000000000051e+01
2.137210000000000321e+01
2.141394800000000131e+01
2.145540000000000447e+01
2.149540000000000362e+01
2.153539600000000220e+01
2.157540000000000191e+01
2.161540000000000461e+01
2.165540000000000020e+01
2.169539999999999935e+01
2.173540000000000205e+01
2.177540000000000120e+01
2.181539999999999679e+01
2.185539999999999949e+01
2.189730400000000543e+01
2.193880000000000052e+01
2.197879999999999612e+01
2.201879999999999882e+01
2.205880000000000152e+01
2.209879999999999711e+01
2.213879999999999981e+01
2.217880000000000251e+01
2.221879800000000316e+01
2.225874399999999653e+01
2.229870000000000374e+01
2.234060399999999902e+01
2.238209999999999766e+01
2.242210000000000036e+01
2.246210000000000306e+01
2.250209999999999866e+01
2.254209999999999781e+01
2.258210000000000051e+01
2.262210000000000321e+01
2.266209999999999525e+01
2.270210000000000150e+01
2.274210000000000420e+01
2.278209999999999980e+01
2.282394799999999790e+01
2.286539800000000255e+01
2.290540000000000020e+01
2.294539999999999935e+01
2.298540000000000205e+01
2.302540000000000120e+01
2.306539999999999679e+01
2.310539999999999949e+01
2.314540000000000219e+01
2.318540000000000134e+01
2.322539999999999694e+01
2.326724800000000215e+01
2.330870000000000175e+01
2.334869999999999735e+01
2.338870000000000005e+01
2.342870000000000275e+01
2.346869999999999834e+01
2.350870000000000104e+01
2.354869800000000168e+01
2.358870000000000289e+01
2.362869999999999848e+01
2.366870000000000118e+01
2.370870000000000388e+01
2.375060399999999561e+01
2.379209999999999781e+01
2.383210000000000051e+01
2.387210000000000321e+01
2.391209999999999525e+01
2.395210000000000150e+01
2.399210000000000420e+01
2.403209999999999980e+01
2.407209999999999539e+01
2.411209999999999809e+01
2.415210000000000079e+01
2.419210400000000050e+01
2.423394800000000160e+01
2.427540000000000120e+01
2.431540199999999885e+01
2.435539999999999949e+01
2.439540000000000219e+01
2.443540000000000134e+01
2.447539999999999694e+01
2.451539999999999964e+01
2.455540000000000234e+01
2.459539800000000298e+01
2.463540000000000063e+01
2.467724800000000585e+01
2.471869999999999834e+01
2.475870000000000104e+01
2.479870000000000374e+01
2.483870000000000289e+01
2.487869999999999848e+01
2.491870000000000118e+01
2.495870000000000388e+01
2.499869800000000097e+01
2.503870400000000274e+01
2.507869800000000282e+01
2.511870000000000047e+01
2.516054799999999858e+01
2.520199999999999818e+01
2.524200000000000088e+01
2.528199999999999648e+01
2.532200000000000273e+01
2.536200000000000188e+01
2.540200000000000102e+01
2.544200000000000017e+01
2.548200000000000287e+01
2.552200000000000202e+01
2.556199999999999761e+01
2.560390400000000000e+01
2.564540000000000219e+01
2.568540000000000134e+01
2.572539999999999694e+01
2.576539999999999608e+01
2.580540000000000234e+01
2.584540000000000148e+01
2.588539999999999708e+01
2.592539999999999978e+01
2.596540000000000248e+01
2.600539999999999807e+01
2.604540000000000077e+01
2.608724800000000243e+01
2.612869999999999848e+01
2.616869999999999763e+01
2.620870000000000388e+01
2.624869999999999948e+01
2.628869999999999862e+01
2.632870000000000132e+01
2.636870000000000047e+01
2.640869999999999962e+01
2.644869999999999877e+01
2.648867199999999755e+01
2.652870000000000061e+01
2.657054799999999517e+01
2.661200000000000188e+01
2.665200000000000102e+01
2.669200000000000017e+01
2.673200000000000287e+01
2.677199500000000043e+01
2.681200000000000117e+01
2.685200000000000031e+01
2.689200000000000301e+01
2.693200000000000216e+01
2.697199999999999775e+01
2.701384800000000297e+01
2.705530000000000257e+01
2.709529999999999816e+01
2.713530200000000292e+01
2.717530000000000356e+01
2.721529999999999916e+01
2.725529999999999475e+01
2.729530000000000456e+01
2.733530000000000015e+01
2.737529999999999930e+01
2.741529999999999845e+01
2.745529800000000265e+01
2.749720399999999998e+01
2.753869999999999862e+01
2.757870000000000132e+01
2.761870000000000047e+01
2.765869999999999962e+01
2.769869999999999877e+01
2.773870000000000147e+01
2.777870000000000061e+01
2.781869999999999621e+01
2.785869999999999891e+01
2.789870000000000161e+01
2.793870000000000076e+01
2.798054799999999886e+01
2.802200000000000202e+01
2.806199800000000266e+01
2.810200000000000031e+01
2.814200000000000301e+01
2.818200000000000216e+01
2.822199999999999775e+01
2.826199999999999690e+01
2.830200000000000315e+01
2.834200000000000230e+01
2.838199999999999790e+01
2.842384800000000311e+01
2.846530200000000121e+01
2.850529999999999475e+01
2.854530000000000456e+01
2.858530000000000015e+01
2.862529999999999930e+01
2.866530000000000200e+01
2.870530000000000470e+01
2.874530000000000030e+01
2.878529999999999944e+01
2.882530000000000214e+01
2.886529999999999774e+01
2.890720399999999657e+01
2.894864400000000160e+01
2.898860000000000170e+01
2.902859300000000076e+01
2.906860000000000355e+01
2.910859999999999914e+01
2.914860000000000184e+01
2.918860000000000099e+01
2.922860000000000369e+01
2.926860399999999984e+01
2.930860899999999702e+01
2.935052100000000053e+01
2.939200000000000301e+01
2.943199999999999861e+01
2.947199999999999775e+01
2.951200000000000045e+01
2.955200000000000315e+01
2.959200000000000230e+01
2.963201099999999499e+01
2.967200499999999863e+01
2.971200000000000330e+01
2.975200699999999898e+01
2.979200200000000009e+01
2.983385033333333425e+01
2.987529999999999930e+01
2.991530000000000200e+01
2.995530000000000470e+01
2.999530000000000030e+01
3.003529999999999944e+01
3.007530000000000214e+01
3.011529999999999774e+01
3.015529999999999688e+01
3.019529999999999959e+01
3.023530000000000229e+01
3.027529999999999788e+01
3.031714799999999954e+01
3.035859999999999914e+01
3.039860000000000184e+01
3.043859600000000043e+01
3.047859799999999453e+01
3.051859999999999928e+01
3.055859999999999843e+01
3.059859999999999403e+01
3.063860000000000383e+01
3.067859999999999943e+01
3.071859999999999857e+01
3.076050400000000096e+01
3.080200000000000315e+01
3.084200699999999884e+01
3.088199999999999790e+01
3.092200000000000060e+01
3.096200000000000330e+01
3.100194399999999817e+01
3.104189999999999827e+01
3.108190000000000097e+01
3.112190000000000012e+01
3.116190000000000282e+01
3.120189999999999841e+01
3.124380399999999725e+01
3.128530200000000150e+01
3.132531300000000130e+01
3.136529800000000279e+01
3.140529999999999688e+01
3.144529999999999959e+01
3.148530000000000229e+01
3.152529999999999788e+01
3.156529999999999703e+01
3.160529999999999973e+01
3.164530000000000243e+01
3.168530000000000157e+01
3.172714799999999968e+01
3.176859999999999928e+01
3.180859999999999843e+01
3.184860699999999767e+01
3.188860000000000383e+01
3.192860200000000503e+01
3.196859999999999857e+01
3.200860000000000127e+01
3.204859799999999836e+01
3.208859999999999957e+01
3.212859999999999872e+01
3.217044799999999327e+01
3.221189999999999998e+01
3.225190000000000623e+01
3.229190000000000538e+01
3.233189999999999742e+01
3.237191800000000086e+01
3.241190699999999936e+01
3.245190199999999692e+01
3.249190000000000111e+01
3.253190000000000026e+01
3.257189800000000446e+01
3.261190000000000566e+01
3.265380400000000094e+01
3.269529800000000108e+01
3.273530000000000229e+01
3.277529999999999433e+01
3.281529800000000563e+01
3.285529799999999767e+01
3.289529999999999887e+01
3.293530000000000513e+01
3.297529999999999717e+01
3.301530699999999996e+01
3.305530000000000257e+01
3.309714800000000423e+01
3.313860000000000383e+01
3.317859999999999587e+01
3.321860000000000213e+01
3.325860000000000127e+01
3.329860699999999696e+01
3.333859999999999957e+01
3.337859999999999872e+01
3.341859999999999786e+01
3.345860000000000412e+01
3.349859999999999616e+01
3.353860000000000241e+01
3.358044800000000407e+01
3.362190000000000367e+01
3.366189999999999571e+01
3.370189999999999486e+01
3.374190000000000111e+01
3.378190000000000026e+01
3.382189999999999941e+01
3.386190000000000566e+01
3.390189999999999060e+01
3.394190000000000396e+01
3.398189800000000105e+01
3.402189999999999515e+01
3.406374800000000391e+01
3.410519999999999641e+01
3.414520400000000677e+01
3.418519999999999470e+01
3.422520000000000095e+01
3.426520000000000010e+01
3.430519999999999925e+01
3.434520000000000550e+01
3.438518400000000241e+01
3.442519999999999669e+01
3.446520000000000294e+01
3.450710399999999822e+01
3.454859999999999332e+01
3.458859999999999957e+01
3.462859999999999872e+01
3.466859800000000291e+01
3.470860000000000412e+01
3.474859999999999616e+01
3.478860000000000241e+01
3.482860000000000156e+01
3.486860000000000070e+01
3.490859600000000285e+01
3.494860000000000610e+01
3.499044800000000066e+01
3.503190000000000026e+01
3.507189999999999941e+01
3.511190000000000566e+01
3.515189999999999060e+01
3.519190000000000396e+01
3.523190200000000516e+01
3.527189999999999515e+01
3.531189799999999934e+01
3.535190000000000765e+01
3.539189600000000269e+01
3.543374800000000135e+01
3.547520000000000095e+01
3.551520000000000010e+01
3.555519599999999514e+01
3.559520000000000550e+01
3.563519799999999549e+01
3.567519999999999669e+01
3.571520000000000294e+01
3.575520000000000209e+01
3.579519999999999413e+01
3.583520000000000039e+01
3.587519999999999953e+01
3.591704799999999409e+01
3.595849999999999369e+01
3.599849100000000135e+01
3.603850000000000620e+01
3.607849999999999824e+01
3.611850000000000449e+01
3.615849999999999653e+01
3.619849999999999568e+01
3.623850000000000193e+01
3.627850000000000108e+01
3.631850000000000023e+01
3.635850000000000648e+01
3.640040400000000176e+01
3.644190000000000396e+01
3.648190000000000310e+01
3.652189999999999515e+01
3.656190000000000140e+01
3.660190900000000624e+01
3.664189999999999259e+01
3.668189999999999884e+01
3.672189999999999799e+01
3.676189999999999714e+01
3.680190000000000339e+01
3.684374799999999794e+01
3.688520000000000465e+01
3.692519999999998959e+01
3.696520000000000294e+01
3.700520400000000620e+01
3.704519999999999413e+01
3.708520699999999692e+01
3.712520199999999448e+01
3.716520199999999363e+01
3.720520000000000493e+01
3.724519999999998987e+01
3.728520000000000323e+01
3.732704800000000489e+01
3.736850000000000449e+01
3.740849999999999653e+01
3.744849999999999568e+01
3.748850000000000193e+01
3.752850199999999603e+01
3.756850000000000023e+01
3.760850000000000648e+01
3.764849999999999852e+01
3.768850000000000477e+01
3.772850000000000392e+01
3.776849999999999596e+01
3.781040399999999835e+01
3.785190000000000765e+01
3.789189999999999259e+01
3.793189999999999884e+01
3.797184400000000437e+01
3.801180000000000803e+01
3.805179999999999296e+01
3.809180000000000632e+01
3.813180000000000547e+01
3.817179999999999751e+01
3.821180000000000376e+01
3.825370399999999904e+01
3.829520199999999619e+01
3.833520200000000244e+01
3.837520199999999448e+01
3.841519999999999868e+01
3.845520000000000493e+01
3.849519999999998987e+01
3.853520199999999818e+01
3.857520200000000443e+01
3.861520199999998937e+01
3.865520699999999010e+01
3.869520700000000346e+01
3.873705299999999596e+01
3.877850199999999603e+01
3.881850000000000023e+01
3.885850200000000143e+01
3.889850200000000058e+01
3.893850000000000477e+01
3.897850200000000598e+01
3.901849999999999596e+01
3.905850000000000222e+01
3.909849999999999426e+01
3.913849999999999341e+01
3.918035033333333672e+01
3.922180000000000177e+01
3.926180000000000803e+01
3.930180200000000212e+01
3.934180200000000127e+01
3.938180200000000752e+01
3.942179999999999751e+01
3.946180000000000376e+01
3.950179999999999580e+01
3.954180199999999701e+01
3.958180000000000121e+01
3.962180400000000446e+01
3.966370633333333728e+01
3.970520000000000493e+01
3.974520199999999903e+01
3.978520199999999818e+01
3.982520000000000948e+01
3.986520199999998937e+01
3.990520000000000067e+01
3.994514399999999910e+01
3.998510000000000275e+01
4.002510000000000190e+01
4.006510000000000105e+01
4.010510000000000730e+01
4.014700400000000258e+01
4.018850000000000477e+01
4.022850000000000392e+01
4.026849999999999596e+01
4.030850200000000427e+01
4.034850200000000342e+01
4.038850199999999546e+01
4.042850200000000171e+01
4.046850199999999376e+01
4.050849999999999795e+01
4.054850199999999916e+01
4.059034799999999876e+01
4.063180000000000547e+01
4.067179999999999751e+01
4.071180000000000376e+01
4.075179999999999580e+01
4.079179999999999495e+01
4.083180000000000121e+01
4.087180000000000035e+01
4.091179999999999950e+01
4.095180200000000070e+01
4.099180199999999985e+01
4.103180000000000405e+01
4.107364800000000571e+01
4.111510000000000531e+01
4.115509999999999735e+01
4.119509999999999650e+01
4.123510000000000275e+01
4.127510199999999685e+01
4.131510000000000105e+01
4.135510200000000225e+01
4.139510200000000140e+01
4.143510000000000559e+01
4.147510400000000175e+01
4.151700400000000002e+01
4.155850399999999922e+01
4.159849999999999426e+01
4.163849999999999341e+01
4.167849999999999966e+01
4.171849999999999881e+01
4.175850199999999290e+01
4.179850400000000121e+01
4.183850199999999830e+01
4.187850000000000250e+01
4.191850200000000370e+01
4.195844400000000007e+01
4.200030399999999986e+01
4.204179999999999495e+01
4.208180000000000121e+01
4.212180000000000035e+01
4.216179999999999950e+01
4.220180000000000575e+01
4.224180199999999985e+01
4.228180199999999900e+01
4.232180000000000319e+01
4.236180199999999729e+01
4.240180000000000149e+01
4.244179999999999353e+01
4.248364800000000230e+01
4.252510000000000190e+01
4.256510000000000105e+01
4.260510000000000730e+01
4.264509999999999224e+01
4.268510000000000559e+01
4.272510200000000680e+01
4.276509999999998968e+01
4.280510200000000509e+01
4.284509999999999508e+01
4.288509999999999422e+01
4.292694800000000299e+01
4.296840000000000259e+01
4.300840000000000174e+01
4.304840000000000089e+01
4.308840200000000209e+01
4.312840000000000629e+01
4.316839999999999122e+01
4.320840200000000664e+01
4.324840400000000074e+01
4.328839999999999577e+01
4.332840200000000408e+01
4.336840000000000117e+01
4.341030400000001066e+01
4.345179999999999865e+01
4.349180399999999480e+01
4.353180000000000405e+01
4.357180199999999815e+01
4.361180199999999729e+01
4.365180200000000355e+01
4.369180200000000269e+01
4.373179999999999268e+01
4.377180200000000099e+01
4.381179999999999808e+01
4.385180399999999423e+01
4.389365033333334054e+01
4.393510000000000559e+01
4.397510200000000680e+01
4.401510199999999173e+01
4.405510200000000509e+01
4.409510400000000629e+01
4.413509999999999422e+01
4.417510000000000048e+01
4.421509999999999962e+01
4.425509999999999877e+01
4.429509999999999792e+01
4.433694799999999958e+01
4.437840200000000124e+01
4.441839999999999122e+01
4.445840000000000458e+01
4.449840400000000074e+01
4.453840199999999072e+01
4.457840000000000202e+01
4.461840000000000117e+01
4.465840000000000032e+01
4.469840000000000657e+01
4.473839999999999151e+01
4.477840000000000487e+01
4.482025033333334108e+01
4.486170000000000613e+01
4.490169999999999817e+01
4.494170199999999227e+01
4.498170200000000563e+01
4.502169999999999561e+01
4.506170199999999681e+01
4.510170000000000101e+01
4.514170000000000016e+01
4.518170000000000641e+01
4.522170399999999546e+01
4.526360400000000084e+01
4.530510000000000304e+01
4.534510200000000424e+01
4.538510399999999123e+01
4.542510200000000253e+01
4.546509999999999962e+01
4.550509999999999877e+01
4.554509999999999792e+01
4.558510399999999407e+01
4.562510000000000332e+01
