2.139332926383463729e-03
2.106786749613065446e-03
2.129796128398309119e-03
2.175027729405754062e-03
2.253592663746417646e-03
2.054379820309426563e-03
2.110722532427944387e-03
2.189287466768663482e-03
2.356741289998298683e-03
2.501972891005732613e-03
2.602760047568708490e-03
2.517272701781037014e-03
2.397067935669128236e-03
2.431188425565555811e-03
2.654197804350666434e-03
2.499429405358077894e-03
2.489105450809936393e-03
2.767670385150688972e-03
2.679568652824815267e-03
2.680355809387746646e-03
2.836698521506253456e-03
2.848596789180313227e-03
2.796365883004303665e-03
2.587236042722762530e-03
3.021356532619035029e-03
2.922143689182032933e-03
2.745153067967243121e-03
3.112606891196856296e-03
2.868949603315407160e-03
3.169736759878305499e-03
3.526079471996845793e-03
3.237977739670938604e-03
3.327653785122786090e-03
3.506218719463605193e-03
3.420654479954154947e-03
3.633746861894826541e-03
3.290089574013332907e-03
3.257543397243045646e-03
3.569441664917072377e-03
3.648006599257791471e-03
3.715460422487437686e-03
3.594025356828234319e-03
3.594812513391165698e-03
3.840044114398644126e-03
3.685275715406000074e-03
4.019396205302283587e-03
3.945019970625740502e-03
3.924815204513931732e-03
3.781157916632416072e-03
4.137500628751011877e-03
4.104954451980558083e-03
4.083519386321343703e-03
4.039862098439817029e-03
4.362871477225027661e-03
4.330325300454684889e-03
4.297779123684342117e-03
4.287378275414477358e-03
4.412965855457029463e-03
4.481649978234136800e-03
4.382437134797079192e-03
4.272113180248948705e-03
4.450678114589656786e-03
4.284798604486050877e-03
4.418919094382300905e-03
4.664150695389723822e-03
4.887160074174945468e-03
4.787947230737832349e-03
4.777623276189746360e-03
4.633965988308286210e-03
5.115068415465551244e-03
4.850383019628423664e-03
4.928947953969198270e-03
4.885290666087727107e-03
5.063855600428490700e-03
5.031309423658092417e-03
5.043207691332207698e-03
5.199550403450658997e-03
5.322559782235947168e-03
5.067791383243314129e-03
5.579689650917374344e-03
5.427458744741320285e-03
5.229440015570852029e-03
5.696893838800509702e-03
5.419903217585730903e-03
5.542912596370963563e-03
5.765921975156074186e-03
5.611153576163541157e-03
5.823051843837578900e-03
5.957172333733884440e-03
5.846848379185753952e-03
5.958746646859858220e-03
6.059533803422834097e-03
5.985157568746235501e-03
6.109397247078818260e-03
5.876851070308497516e-03
5.999860449093619152e-03
5.745092050101097136e-03
6.212545873330699298e-03
6.457777474338177726e-03
6.436342408678907834e-03
6.248240676352934120e-03
6.404583388471496441e-03
6.216481656145578238e-03
6.572824368264118533e-03
6.409482350976880571e-03
6.411463621806501312e-03
6.490028556147220407e-03
6.857482379376889092e-03
6.647158424828714107e-03
6.592390025836170064e-03
6.748732737954621363e-03
6.582853227851015454e-03
6.905862606636170575e-03
6.728871985421325252e-03
7.107436919762122329e-03
6.977428235808214030e-03
7.212742839971142406e-03
7.180196663200799634e-03
7.069872708652669147e-03
7.137326531882315361e-03
7.182558132889704794e-03
7.227789733897149738e-03
7.095243557126817979e-03
7.296030713689727332e-03
7.552373425808278640e-03
7.397605026815690099e-03
7.331725516711962154e-03
7.468383499424802174e-03
7.825920325809920808e-03
7.582263037928471672e-03
7.760827972269179753e-03
7.583837351054389941e-03
7.740180063172896752e-03
7.752078330847012033e-03
7.919532154076591723e-03
8.042541532861824383e-03
7.909995356091437113e-03
7.944115845987753666e-03
7.800458558106293516e-03
8.126082323429706378e-03
8.161433112873428541e-03
8.228886936103074756e-03
8.185229648221603593e-03
8.086016804784601497e-03
8.309026183569712121e-03
8.309813340132754522e-03
8.266156052251227848e-03
8.500276542147466863e-03
8.523285920932766047e-03
8.735184188606748279e-03
8.660731060208481935e-03
8.762712331038036151e-03
8.552388376489972188e-03
8.642064421941819674e-03
8.465073800727029862e-03
8.643638735067793455e-03
8.511092558297461697e-03
9.011879714860338009e-03
8.968222426978866846e-03
9.013454027986311790e-03
9.203130073438148262e-03
9.070583896667760992e-03
9.129464101602813297e-03
9.087000927987975984e-03
9.543343640106449755e-03
9.299686352225056130e-03
9.367140175454646833e-03
9.390149554239834995e-03
9.568714488580598587e-03
9.280612756254691398e-03
9.414733246150996937e-03
9.504409291602844423e-03
9.694085337054680895e-03
9.697409986434146756e-03
9.377169035041543754e-03
9.555733969382307347e-03
9.123187792611953117e-03
8.368419393619264124e-03
7.202539883515601815e-03
6.325549262300778075e-03
4.593003085530455998e-03
2.893790242093463583e-03
7.612440653230745369e-04
-1.082413222558364918e-03
-3.337181621550999733e-03
-5.422668967338672985e-03
-7.787318177894964055e-03
-9.964308799109811154e-03
-1.141907719810236754e-02
-1.255162337487275570e-02
-1.312861399608755697e-02
-1.310560461730231330e-02
-1.270481859152944315e-02
-1.170403030417643819e-02
-1.045879870316895888e-02
-8.713567102161590139e-03
-6.790557723376389188e-03
-4.831677518441324093e-03
-2.685251803167310047e-03
2.664646450678542777e-05
2.182989176625238503e-03
4.950442999854920423e-03
7.706785711973418440e-03
1.048535064631428426e-02
1.333058224732158736e-02
1.550914152771226684e-02
1.699882322711421256e-02
1.706627705034380327e-02
1.611404614416783732e-02
1.443824963721951349e-02
1.252792568267141471e-02
9.973157283678868446e-03
7.696166662464087871e-03
4.885842707915866168e-03
2.397740975590034740e-03
5.408368770853932972e-05
-2.500684711284062445e-03
-4.899897554721088788e-03
-6.676888175935924430e-03
-8.764989908261799911e-03
-9.906109703326781979e-03
-1.061523954360832356e-02
-1.102556349815642101e-02
-1.096922078603795869e-02
-1.010176696280834507e-02
-8.878757584023122540e-03
-7.444637094126849153e-03
-5.566072159786050744e-03
-3.609729447667575641e-03
-1.531164513326799259e-03
1.114067087680581380e-03
3.273024186337403219e-03
5.363929400546640913e-03
8.131384354566284500e-03
1.023217151112920664e-02
1.268851422324779321e-02
1.517819026869965393e-02
1.705675520304039683e-02
1.804643124849225622e-02
1.841388507172192490e-02
1.725911667272933547e-02
1.553768160707008628e-02
1.337180209696636757e-02
1.070846007967912739e-02
8.632663572731014145e-03
5.389006284849506834e-03
2.834237885856905059e-03
-5.386384646899333717e-05
-2.719743356572712489e-03
-5.463400644454163846e-03
-7.995946821224508838e-03
-1.005071522021722119e-02
-1.171659473032088394e-02
-1.232691868486901488e-02
-1.280391382924384036e-02
-1.228947354559317695e-02
-1.252082560809697487e-02
-1.147559400708952904e-02
-1.036369573941547939e-02
-8.896241916185820831e-03
-7.106565870733938528e-03
-4.339112047504312120e-03
-2.027213779830283613e-03
4.846833570538167102e-04
2.807693866629046298e-03
4.908475369241938058e-03
6.634101773075384845e-03
7.991677800181340441e-03
9.592388063022649902e-03
1.029321592802651120e-02
1.089403926987025928e-02
1.099474953271156741e-02
1.101772272621592830e-02
1.094073210500107196e-02
1.034151926156406942e-02
9.686750862571535947e-03
8.776426908023327034e-03
8.110547397919665169e-03
7.580615607687579693e-03
6.549299730464586133e-03
5.150086887027449656e-03
4.550874043590447116e-03
3.684994533486807278e-03
3.185781690049793724e-03
2.142124402168321673e-03
1.498467114286916591e-03
1.454809826405334405e-03
1.400041427412679340e-03
1.300828583975677244e-03
1.857171296094306534e-03
2.671607056584868189e-03
3.318032771858936414e-03
4.352152130965125654e-03
5.097384862762621704e-03
6.287060908214459065e-03
7.376736953666307439e-03
8.433078534994864484e-03
9.378311266792171974e-03
1.034576509002188560e-02
1.064655224658489496e-02
1.063621924571661603e-02
9.917330719193984123e-03
8.697089767801369220e-03
7.331210257697617916e-03
4.954219636482848355e-03
2.255006793045855051e-03
-1.144206050391172180e-03
-4.376752227161551101e-03
-8.275965070598634288e-03
-1.148628902514675643e-02
-1.415216853525053109e-02
-1.520693693424302051e-02
-1.543948311101345228e-02
-1.549163712346776633e-02
-1.565628633402407766e-02
-1.554438806635002890e-02
-1.475471202089809197e-02
-1.329836930877964507e-02
-1.173091548554994201e-02
-1.007457277343143387e-02
-7.651563394646287986e-03
-5.206331793638829808e-03
-2.105544637075851266e-03
9.396869639315408307e-04
3.809678279977746218e-03
6.633881773029481899e-03
9.323557818481376103e-03
1.181323386393323682e-02
1.404735435382953312e-02
1.478147484372582809e-02
1.444892866695551836e-02
1.370527137907401327e-02
1.263939186897028444e-02
1.169573458108880137e-02
1.020763284876297083e-02
9.052864449770270383e-03
7.478411321372002707e-03
5.802614814423845413e-03
4.025624193209065282e-03
1.970859186586515488e-03
1.049762841127677149e-04
-2.216458781546526424e-03
-4.515671624983508270e-03
-6.325995579531673574e-03
-8.491875089635447793e-03
-1.060219904418352455e-02
-1.194585746285503625e-02
-1.343395919518092230e-02
-1.376396674834481915e-02
-1.363976325529295264e-02
-1.272786498761893648e-02
-1.193818894216702731e-02
-1.091517956338183826e-02
-9.569949093164442644e-03
-8.202494139144811403e-03
-6.412818093692929100e-03
-4.134253159352230256e-03
-1.655688225011497927e-03
9.562100426626640726e-04
3.904056030208269412e-03
6.239406819652015823e-03
8.973527309548312569e-03
1.190764779944464280e-02
1.468621273378528658e-02
1.670922211257053203e-02
1.764334260246680497e-02
1.739968531458541134e-02
1.672269469337056558e-02
1.503459296104459053e-02
1.343538011760758710e-02
1.175838949639285147e-02
9.783936367994516825e-03
7.908139861046270536e-03
6.108927017609289134e-03
3.431936396394497102e-03
1.299390219624052545e-03
-9.553781793684712476e-04
-3.532368800583274293e-03
-5.642692755131462068e-03
-8.019684507136248808e-03
-1.007445177533883296e-02
-1.172922017433139508e-02
-1.242843301776844211e-02
-1.294733059061120573e-02
-1.262312709755941675e-02
-1.162233994099637346e-02
-1.041044167332233483e-02
-8.698543405648240245e-03
-7.186645137974123632e-03
-5.019191314744542165e-03
-2.829515269292648405e-03
-5.731725571741508318e-04
1.305392377166592066e-03
3.895067291828424594e-03
6.087281960886814502e-03
8.422596565049678130e-03
1.057893927716824223e-02
1.331305524390452577e-02
1.554718025696089079e-02
1.712574519130161121e-02
1.779319901453119135e-02
1.711620839331645660e-02
1.563921777210158792e-02
1.289556048422013657e-02
9.685236529672014427e-03
5.441579241790617250e-03
1.367203007114015101e-03
-3.319668425664556999e-03
-7.674436824657127065e-03
-1.165142744587194246e-02
-1.450619697565452837e-02
-1.591651979941263728e-02
-1.584906597618296331e-02
-1.462605659739785180e-02
-1.311415832972379070e-02
-1.085781561760526537e-02
-8.245917349931186635e-03
-5.220370478329516839e-03
-2.229500318611021825e-03
7.823979490630961209e-04
4.205407327848298404e-03
7.717305595522416795e-03
1.065142608541869151e-02
1.301887990864830646e-02
1.410855595410021035e-02
1.354267644399648196e-02
1.161013026722612640e-02
8.633139646011367407e-03
4.567260135907635910e-03
-8.497077026847765779e-05
-4.971878388327743981e-03
-9.882202342875956447e-03
-1.444808185297963288e-02
-1.786951804942887856e-02
-1.927984200397694914e-02
-1.881238704995738531e-02
-1.591159989339435699e-02
-1.173303495905364535e-02
-6.365581135824083248e-03
-7.870162014832482456e-04
4.747104288413128703e-03
9.783762271125873156e-03
1.299685465306649190e-02
1.380875292074063010e-02
1.232065118841468854e-02
9.343660567199874034e-03
4.933336612651773034e-03
5.674604949181261127e-04
-4.498423538345619477e-03
-8.486520747511466789e-03
-1.200795920554081908e-02
-1.412939427120007974e-02
-1.441488161698772918e-02
-1.303508638309958112e-02
-1.014541033764773670e-02
-6.511289847751344784e-03
-2.077169357855124243e-03
2.345838890140006239e-03
6.846627177493014305e-03
1.038074653659926128e-02
1.240375704617452390e-02
1.258232198051523199e-02
1.137199802596716713e-02
8.328340738085637796e-03
4.187220943020653063e-03
-2.107977861497412064e-04
-4.621121740697842206e-03
-8.809223473023791717e-03
-1.261954742757187553e-02
-1.484098249323120844e-02
-1.528463978111271881e-02
-1.363940818010520029e-02
-1.041639880132008700e-02
-6.015611644757057341e-03
-1.314824488194088481e-03
3.921833494518689456e-03
8.634925876459420557e-03
1.210237969968902538e-02
1.372538907847420386e-02
1.350395401281495600e-02
1.172696339160017587e-02
7.972194992607595232e-03
3.328536573936113907e-03
-2.137341805377668269e-03
-7.981002485629190568e-03
-1.393576749225167166e-02
-1.880164700235534281e-02
-2.125380101480969786e-02
-2.074074934130995529e-02
-1.885110948113885576e-02
-1.620587788013144737e-02
-1.259397961245739550e-02
-8.426525789227728991e-03
-3.903516410442564588e-03
2.861596350092754371e-04
4.086946791572232396e-03
6.898845059246316858e-03
8.755187771364858484e-03
8.622641594594471215e-03
7.026043137695670016e-03
4.350282816028339106e-03
1.073292194813446621e-03
-2.492587315290117900e-03
-5.991800158727189629e-03
-9.313235224386512412e-03
-1.272355917893461252e-02
-1.582277202237158953e-02
-1.822198486580861587e-02
-1.921008659813461250e-02
-1.985374388601610085e-02
-1.900597479219209851e-02
-1.763732685469587835e-02
-1.542542858702183883e-02
-1.278019698601440268e-02
-1.029052094056256972e-02
-7.856400450666184421e-03
-5.255613294103289590e-03
-3.032603915318121679e-03
-1.498483425421748283e-03
-3.199184910810393134e-04
2.475353321486628566e-04
5.261002664893599245e-04
-5.946397302003525454e-05
-9.352604799682251446e-04
-2.301139990071976449e-03
-4.011467336990148791e-03
-6.088454565834899856e-03
-7.887667409271936769e-03
-9.975769141597840006e-03
-1.205275976281267036e-02
-1.384086149513863440e-02
-1.482896322746446449e-02
-1.555039829312374056e-02
-1.502738891433855195e-02
-1.396843181568177550e-02
-1.252196991512699586e-02
-1.047673831411952139e-02
-8.342617824223214074e-03
-6.264052889882493202e-03
-4.329932399986163860e-03
-2.640256354534242789e-03
-1.561691420193522806e-03
-1.646094997620473066e-05
4.509171103217468612e-04
6.627791927150683549e-04
2.173629137180999038e-05
-8.095795858511500853e-04
-2.597681318177058607e-03
-4.230227494947502720e-03
-6.296107005051093664e-03
-8.495319848488197545e-03
-1.068342158081411752e-02
-1.293818997980669683e-02
-1.443740282324379454e-02
-1.524772677779187569e-02
-1.503582851011781019e-02
-1.397948579799926372e-02
-1.243171670417531072e-02
-9.763069897469084379e-03
-7.028948276782798210e-03
-3.972605564664194455e-03
-5.940406303234779806e-04
2.728968748461735316e-03
6.007533682802435049e-03
9.130543061587559350e-03
1.042021910703949672e-02
1.049878404138027133e-02
7.866237864609881836e-03
4.536229180656048410e-03
2.270993403745147354e-04
-4.716557947506971882e-03
-1.000465967983293902e-02
-1.541498363438106867e-02
-1.983641870004027030e-02
-2.283563154347734159e-02
-2.325706773992664012e-02
-2.252294611924027246e-02
-2.019993674045511556e-02
-1.661026069500320945e-02
-1.232058464955140820e-02
-7.672738662005768040e-03
-2.970721205895365813e-03
1.941177061778764923e-03
5.897519773897186290e-03
8.009418041571292335e-03
7.810205198134356763e-03
5.088770132475051167e-03
1.189557289038023491e-03
-3.187433332176775602e-03
-7.764423953391663691e-03
-1.261919235238417869e-02
-1.711839954187110990e-02
-2.089285832421952649e-02
-2.301309927561215329e-02
-2.396786428223465770e-02
-2.316708051804178270e-02
-2.103296002814547538e-02
-1.785439509380470913e-02
-1.382027460390844453e-02
-9.641709669567649632e-03
-5.029811401893624634e-03
-4.956920427873212631e-04
4.005096244565742314e-03
7.530643116167301532e-03
8.821513275885872751e-03
7.366744876893260852e-03
4.489754255678435335e-03
5.794303011303347795e-04
-3.719782542306704354e-03
-7.985662052410386069e-03
-1.276265267362522438e-02
-1.649519998118567643e-02
-1.991662826210469084e-02
-2.194918122361527724e-02
-2.291505960292888888e-02
-2.231173495354943359e-02
-2.065419812716423609e-02
-1.767563319282355883e-02
-1.454151270292722287e-02
-1.066294776858645044e-02
-6.817716167579090936e-03
-2.850262344349430155e-03
1.083858145546900964e-03
4.529089746554304519e-03
7.152099125339483887e-03
8.163997393013544546e-03
7.756287825003649328e-03
5.536083058891860809e-03
2.492425771010275959e-03
-6.067870724266732907e-04
-4.117111026974817900e-03
-7.894101648189655318e-03
-1.179331449162665524e-02
-1.532586066839708439e-02
-1.856951795627848067e-02
-2.100206413304889219e-02
-2.197905475426362165e-02
-2.164493426436736589e-02
-2.039716517054346312e-02
-1.792851723304722533e-02
-1.477217452092874361e-02
-1.178249847547682694e-02
-8.192822430025004099e-03
-5.280924162350875140e-03
-2.480137005787919069e-03
2.428723729973047973e-04
2.365881751782483722e-03
3.777780019456528082e-03
4.622988125160099049e-03
4.557132110360295751e-03
3.827123426406425777e-03
2.606882475013783118e-03
9.965585204656235430e-04
-1.002654322971419099e-03
-3.168533833075110051e-03
-5.478862310783372269e-03
-7.700292853282525440e-03
-9.710616807830640962e-03
-1.169871854015652746e-02
-1.334237582803798894e-02
-1.445269978258614807e-02
-1.482715291098446464e-02
-1.435850497348822863e-02
-1.312438448359190546e-02
-1.232359393465887187e-02
-1.032281017046599025e-02
-8.210911902791884209e-03
-6.376791412895627120e-03
-3.853782034110381227e-03
-1.675217099769671369e-03
4.366811679044346750e-04
2.470801657800697493e-03
3.982698794684796928e-03
5.841657024131585718e-03
6.877007813575253259e-03
6.822239414582681460e-03
6.678582126701249067e-03
5.357147061041983571e-03
4.291267550938226982e-03
2.380943596390100447e-03
-1.516025803802167893e-04
-2.661926534928416022e-03
-5.383361600587610596e-03
-8.915907777358011987e-03
-1.217067617635056442e-02
-1.556735152697105717e-02
-1.858759247836377915e-02
-2.056458423036858219e-02
-2.199712927634889237e-02
-2.242967545311932986e-02
-2.213999940766744889e-02
-2.152810113999328867e-02
-2.068286953898595959e-02
-1.878208238242295991e-02
-1.742573967030439097e-02
-1.516939695818589340e-02
-1.272162786436198401e-02
-1.016408764560683409e-02
-7.241081659191656028e-03
-4.440294502628699957e-03
-1.095062901621257634e-03
1.772390921608357761e-03
5.050955855949168516e-03
7.429520790289884102e-03
8.519196835741760232e-03
8.408872881193601989e-03
6.731882259978838601e-03
4.788224972097299137e-03
2.336070959642888578e-03
-4.286551446350539418e-04
-3.750126395575120730e-03
-7.304900448517864797e-03
-1.051521874911584553e-02
-1.453665381477503571e-02
-1.780253332487877205e-02
-2.107952394609363678e-02
-2.368984790064174173e-02
-2.503349953457309485e-02
-2.604381670438105090e-02
-2.660707089697628147e-02
-2.679396569941536188e-02
-2.672651187618574342e-02
-2.601461360851159421e-02
-2.473604867417086850e-02
-2.321303929538570676e-02
-2.151225100803266788e-02
-1.928922692897719338e-02
-1.734400324349993916e-02
-1.516544622468937731e-02
-1.264242779958396623e-02
-1.025275740808220815e-02
-8.204988314258310211e-03
-5.269677102465453178e-03
-2.780001057013620214e-03
1.207860995493525991e-04
2.221573256112358008e-03
3.511249301564184355e-03
3.823147569238238841e-03
3.279490281356822745e-03
2.569166326808702827e-03
2.181064594482723384e-03
1.481851751045704102e-03
7.159722409420254952e-04
3.040800143258581834e-05
-8.120551721822466540e-04
-2.344601348952646269e-03
-3.577150918093102705e-03
-4.765250388838904172e-03
-6.842239879263717350e-03
-8.885897167145218045e-03
-1.095177667724886450e-02
-1.311765618735255545e-02
-1.540575791967849217e-02
-1.729385965200438968e-02
-1.933490255334766039e-02
-2.115510731945952072e-02
-2.258764444990962739e-02
-2.373131078411139239e-02
-2.458607918310393159e-02
-2.438529202654096673e-02
-2.391791509703306007e-02
-2.276160857019529637e-02
-2.160526585807681643e-02
-1.996003425706938117e-02
-1.784813598939527512e-02
-1.524734883283235254e-02
-1.336616951195337966e-02
-1.053081533013958127e-02
-7.752235695528492121e-03
-5.251467762395961580e-03
-2.717346141709653384e-03
-1.721145407021784646e-04
1.906450393638570162e-03
4.118348661312665193e-03
4.874691373431161434e-03
5.153256307771886258e-03
3.876265686557078816e-03
1.999275065342337454e-03
-2.529558408337906350e-04
-2.762085681115356017e-03
-5.416854080107946778e-03
-8.171613432780333586e-03
-1.091527976698195013e-02
-1.365893366249334995e-02
-1.614703878718937169e-02
-1.872402940840414698e-02
-2.110102116040901699e-02
-2.280023287305599222e-02
-2.374389016093753080e-02
-2.428500995600246792e-02
-2.387191757406181836e-02
-2.306001930638768016e-02
-2.142589881649140104e-02
-1.961400054881731747e-02
-1.706874407042929809e-02
-1.482352830048228043e-02
-1.192274679786942126e-02
-8.966407478120941299e-03
-5.765620321557973771e-03
-2.398167629118375110e-03
7.359539915679502720e-04
4.028244423557980625e-03
6.008038526656156453e-03
6.653271258453580250e-03
5.342947303905443146e-03
3.421511107456171041e-03
5.445204862413732805e-04
-2.388024559738938235e-03
-6.209459625398205951e-03
-1.010867246883523363e-02
-1.357454293261872724e-02
-1.742932037793154532e-02
-2.073710683966314972e-02
-2.322401445772251383e-02
-2.432322730115948906e-02
-2.414466236681872546e-02
-2.293276409914468683e-02
-2.070974567403932598e-02
-1.752007867490762427e-02
-1.395262485167797495e-02
-9.862948806226096155e-03
-5.562161649663138752e-03
-1.450263381989058686e-03
1.894968219018328126e-03
4.320515090620064003e-03
4.944718583671819934e-03
3.645505740234755709e-03
1.068515119020008175e-03
-2.119586613305968203e-03
-5.741021678965174679e-03
-1.020690118906886212e-02
-1.386166958806145377e-02
-1.810532687594293422e-02
-2.148231749715773242e-02
-2.358153147138480898e-02
-2.424740985069850918e-02
-2.287741853465230513e-02
-2.041988170826719573e-02
-1.669686667553188508e-02
-1.260719628403014769e-02
-7.539742460800497037e-03
-2.450066415348617355e-03
3.006276296769888612e-03
7.884841231110634174e-03
9.963392595971037879e-03
9.819748877569894896e-03
8.676091589688406103e-03
6.023937577234073082e-03
2.425955033344417977e-03
-1.995480032314783658e-03
-6.872470653529555440e-03
-1.188279573886777407e-02
-1.678200745151475770e-02
-2.068122029495184089e-02
-2.332487758283327550e-02
-2.361297931515921045e-02
-2.261219215859627818e-02
-2.143363061662553748e-02
-1.923284006769251930e-02
-1.687395986275747051e-02
-1.406086748081675220e-02
-1.116008032425383489e-02
-7.681515389913073921e-03
-4.480728233350106393e-03
-1.179941076787122123e-03
1.865293916590377021e-03
4.843855458561030503e-03
6.689085928778398804e-03
6.523207549464810073e-03
5.890657980324315313e-03
4.938430466518373141e-03
3.929300626236753580e-03
2.785643338355348053e-03
1.919760435881545657e-03
9.761065403701696397e-04
4.324481216986808541e-04
-4.556524798372818541e-04
-7.437542121631612879e-04
-1.287411500044577384e-03
-1.653291010148383311e-03
-1.619170520252066758e-03
-1.507272252577962490e-03
-1.292836492087362510e-03
-1.135299665702221850e-03
-7.011859605461079337e-04
-3.226142414652077850e-04
-7.738264045781262368e-05
-9.928817228138653306e-06
2.019694504459546014e-04
7.138677181199870603e-04
6.813215413496720441e-04
8.487753645793072454e-04
8.606736322533947714e-04
1.061460788816359635e-03
1.520417887473091145e-03
1.611324232472371998e-03
1.567666944590956346e-03
1.968454101153871427e-03
2.135907924383534384e-03
2.292263075192313426e-03
2.270815570842799058e-03
2.504936060739065828e-03
2.416834328413164368e-03
2.573177040531643422e-03
2.685075308205747691e-03
2.788399957585258049e-03
2.934825672859270318e-03
3.235612829422224168e-03
3.414177763762960005e-03
3.326081685387199949e-03
3.482418743555565355e-03
3.649881613105365741e-03
3.695107560162724791e-03
3.695894716725628415e-03
3.952234036474100431e-03
4.041910081925975673e-03
3.842697238488929079e-03
4.257132998979507033e-03
4.192447603142440693e-03
4.271012537483215299e-03
4.194021916268386718e-03
4.428142406164709000e-03
4.473377399542205479e-03
4.351938941512867309e-03
4.641614986964692768e-03
4.620179921305422877e-03
4.776522633423985198e-03
4.843976456653631413e-03
4.711430279883271899e-03
5.070387378540097689e-03
4.794627056872613480e-03
5.117636435657851868e-03
5.118423592220783247e-03
5.074689410617644336e-03
5.175440381899792941e-03
5.165116427351651440e-03
5.265903583914599562e-03
5.200024073810899372e-03
5.434144563707249409e-03
5.412709498048007273e-03
5.560555485593643432e-03
5.695909667407433874e-03
5.474474601748158253e-03
5.397483980533301917e-03
5.464934411392868840e-03
5.521277123511358909e-03
5.655397613407692203e-03
5.767299273451820252e-03
5.690308652237102693e-03
5.768873586577849544e-03
5.825221952646481016e-03
6.092675775876132960e-03
5.973775941453290939e-03
6.175753819912810361e-03
5.654315361883432978e-03
6.043994799705409982e-03
6.044781956268341361e-03
6.234454609350154053e-03
6.257467380505449261e-03
6.324917811365016185e-03
6.381260523483561764e-03
6.448714346713207979e-03
6.493945947720625167e-03
6.475051767247885781e-03
6.599251867929617488e-03
6.633372357825961796e-03
6.545274017870084116e-03
6.512727841099741344e-03
6.602403886551616585e-03
6.580965428522295158e-03
6.826197029529690319e-03
6.593650852759314063e-03
6.883330290581302080e-03
6.828558499218623234e-03
7.029351309731729502e-03
7.132750591252845496e-03
7.190320210548717395e-03
6.935555203926163648e-03
7.203009027155843347e-03
7.159348346904237381e-03
7.371250006948465439e-03
7.272033771141300784e-03
7.372744033982581158e-03
7.317939449709182087e-03
7.429837717383314111e-03
7.897291540612916272e-03
7.409189808286975598e-03
7.557035795832611758e-03
7.659053251942965490e-03
7.582062630728192421e-03
7.660627565068911515e-03
7.772529225113122830e-03
7.773316381676054210e-03
7.829659093794599789e-03
7.763779583690899599e-03
7.986788962476093490e-03
7.876461615557883711e-03
7.899474386713151164e-03
8.013906754833655111e-03
8.115888025663209326e-03
8.183341848892883297e-03
8.206351227678043703e-03
8.184916162018857078e-03
8.196814429692916848e-03
8.264268252922535307e-03
8.409499853929913726e-03
8.454731454937358670e-03
8.444410892759296461e-03
8.411864715988925933e-03
8.812648480181817234e-03
8.482639796227986473e-03
8.873509955946462524e-03
8.629852668064930121e-03
8.752862046850135025e-03
8.853649203413083146e-03
8.843328641235104204e-03
8.910779072094643372e-03
8.967125176583240487e-03
8.956801222035071230e-03
9.157584986227984558e-03
9.091711130074370262e-03
8.983995908114356110e-03
9.152685684841510572e-03
9.164578298565512204e-03
9.254254344017331935e-03
9.388374833913665229e-03
9.378050879365523729e-03
9.423285872743020208e-03
9.468519735330499509e-03
9.647082408091200989e-03
9.581199505617393752e-03
9.315323387883767126e-03
9.704919147243862287e-03
9.397173393953073273e-03
9.599190850063471503e-03
9.755533562182006069e-03
9.656320718745003973e-03
9.857107875308024347e-03
9.691228365204279660e-03
1.020313002524847468e-02
1.021502829292253445e-02
1.016025650155988336e-02
9.883269272715156095e-03
9.995164148019070050e-03
1.024039574902652072e-02
9.977053731739349285e-03
1.022347944701337830e-02
1.049093327024297473e-02
1.024727598236155335e-02
1.042584091670228919e-02
1.045996140659860574e-02
1.063852973330942087e-02
1.046153571972452401e-02
1.052899293532419400e-02
1.056311003285048677e-02
1.077500830052455227e-02
1.073388850545956008e-02
1.060253644295580666e-02
1.096999026618544759e-02
1.088188853385954613e-02
1.104934574945926062e-02
1.099457395809658178e-02
1.110647222577071380e-02
1.101837388581480837e-02
1.110805219284674572e-02
1.113105591768179248e-02
1.103184646661484192e-02
1.118818578636329719e-02
1.142492066279784946e-02
1.136027145224152712e-02
1.139439759608798508e-02
1.140629020981193120e-02
1.142930298096719866e-02
1.160786791530799000e-02
1.141976618298198853e-02
1.155388667287837734e-02
1.164355932596014553e-02
1.151101654155980980e-02
1.172291141686390703e-02
1.181259311626578490e-02
1.203813772628747891e-02
1.187344893808026103e-02
1.195201726479111493e-02
1.196391553246523021e-02
1.203136935569484867e-02
1.200993655161561313e-02
1.222182916533959274e-02
1.213372743301369128e-02
1.205673681179886270e-02
1.202419063502851992e-02
1.210275556936926677e-02
1.212830244097093391e-02
1.221917599305949453e-02
1.238662642391905044e-02
1.246519135825982505e-02
1.254376194655074106e-02
1.262232461931139804e-02
1.244533060572650118e-02
1.239056220673390163e-02
1.259134936329689425e-02
1.260324763097095402e-02
1.275959034308951634e-02
1.276037749965247547e-02
1.265259443029093100e-02
1.289901675319488072e-02
1.281091502086897926e-02
1.291170556980197892e-02
1.322360383747608892e-02
1.304660982389119206e-02
1.315851148393534786e-02
1.304818413701708257e-02
1.320452684913567265e-02
1.320531400569860403e-02
1.318388459398950330e-02
1.327616937202943936e-02
1.341152016147315051e-02
1.337897737707291479e-02
1.353532235077148371e-02
1.343610724575430848e-02
1.370355767661396440e-02
1.344878927762138687e-02
1.357179865640656402e-02
1.376148035580854190e-02
1.350670630286576746e-02
