3.557271913734576856e+02
-4.721334187258488524e-02
1.307051735637549403e-03
-4.545494410010504680e+02
3.738908264983911067e+02
-8.249535976376602093e+02
-7.888323200148848002e+01
-3.073652532277228033e+02
-3.143379769891120645e+02
1.332594428651927956e+02
-7.209165695982111544e+00
-3.641226984325800231e+01
-6.882963155029905522e+01
1.603950851808206401e+00
-5.005923284139377927e+01
1.099350488758452968e+02
-3.866671091697116758e+00
7.183442403872540183e+00
-5.525049100720546136e+01
3.855293622660083486e+01
1.443005126241844778e+02
-2.257749618396281832e+01
-6.965448801690023117e+01
4.497044738580865442e+01
3.394594702808183939e+01
-9.975675626980702759e+00
1.744663580328202812e+01
4.650338228458888068e+01
1.113238907683281553e+02
-1.050270287308761681e+02
-5.886945056981412350e+00
-9.735009503767940942e+00
-1.421399005915822755e+01
-4.519780322898958502e+01
-2.882539094147045944e+01
7.462980168663003155e+01
-3.933929807146425706e+00
-8.866179394958186322e+01
-1.582129294191885371e+01
5.082141342346575641e+01
2.209086661034665866e+01
2.955590483881637098e+01
-5.130449261248543991e+01
2.579367957721767723e+01
-6.626166704975096522e+00
-1.661870486632519572e+01
9.759193825793396115e+01
2.900074021324114426e+01
-4.613777134769396326e+00
-9.340252851111068821e+01
-6.646423051480327082e+00
1.612247316483081505e+01
3.726905669311712899e+01
-1.452415837947706656e+01
-2.193907501429572804e+01
-5.302244620354216664e+01
-3.914737058849271278e+01
-2.568140698625608564e+01
2.226843102775784189e+01
7.525232384239242833e+01
-1.082558922831697146e+02
-2.974004367842342944e+01
-1.286684722437846595e+01
4.976710130865264148e+01
2.557936404095852723e+01
4.953689385776427656e+01
-1.097436215513365632e+01
-1.526885402608542286e+01
-3.300759639893123421e+01
6.011377907430195222e+01
9.330782137716538216e+01
-8.363605453572070303e+00
-1.995988506899006154e+01
-4.061397748573254063e+01
6.754365391780073935e+01
-4.073129653432609842e+01
-4.400842413496859251e+01
5.509113741613294479e+01
1.237513081192228270e+01
-3.108082980639425230e+01
-2.700481500824347947e+01
1.962064201306001010e+01
5.624690176556318733e+01
-5.182510810864761908e+01
-3.632095106466048406e+01
5.861721667411838865e+01
-4.639568510982573457e+01
-2.110911247461136853e+01
-1.139261523622297290e+01
1.005079907685648379e+02
4.740574698439319690e+01
-3.452401441900765633e+01
-1.367662591505289527e+01
-2.832462770535112639e+00
4.966599193736541906e+01
3.203195084822111482e+01
4.378022569260610908e+01
-1.055726922130336476e+01
-2.598645426915172507e+01
-9.669951635555266023e+01
9.052736426407901149e+01
1.872197542080290589e+01
-2.283667249288247447e+01
-4.935681843761263821e+01
-4.587598124496795293e+01
-2.527705733058346027e+01
-1.069105269783153389e+01
3.607015076868984949e+01
8.769371509476652449e+00
-2.043645774820788930e+01
-9.307576849685572995e+01
-2.922702465495869095e+00
2.741580274970749542e+01
9.746309905115236916e+01
-3.239798550943104516e+01
-3.830717106947268968e-01
2.374702882530138481e+01
-4.216667794266841440e+01
3.733247010151111311e+01
2.873212896422631246e+01
4.995396578535606835e+01
-2.672914581748730356e+01
-8.436124224834047425e+01
3.639763746840556369e+00
7.567583699395737540e+01
-3.009281097005858285e+01
-3.849677156732832373e+01
-2.013449635762145462e+01
-4.444115295016220379e+00
-2.217234612258296877e+01
-1.006238283574027150e+02
1.114649169055335989e+02
2.894210624459445924e+01
1.488005045570865015e+01
-1.667689262710278442e+01
3.816828323634609887e+01
4.231227454668077570e+01
-7.001113878094307097e+01
-2.031256472020856663e+01
1.431900901193703532e+02
1.336375671181847302e+01
-4.484932835874969470e+01
9.775546977940585691e+00
1.888714361322578483e+01
1.112797651307887321e+02
-4.606457836721411780e+01
1.270780762567594557e+01
-7.284157762593582675e+01
-1.829033664588486019e+01
1.025657462899323136e+01
1.315963024451116326e+02
-2.234307591615486501e+02
-2.093072842231158290e+02
-1.848613341330544131e+02
-5.198228280916990798e+02
2.031580661747732108e+02
-3.566740053748343371e+02
4.661861583084056520e+02
-9.643754543502953425e+01
2.844540027360674799e+02
2.462063850710386532e+02
8.463183487172042874e+01
5.573975371876633744e+02
-2.047142588098043063e+02
2.013467136880827866e+02
-8.454258338829394148e+00
-4.496377536090818694e+01
-2.017672732513249656e+01
1.827759582135294636e+01
-1.718788590942874350e+01
3.530984309505214469e+00
-8.773982963593528694e+00
-3.478535869091150801e+01
-2.234239210377231544e+01
-2.837364927660894209e-01
4.747077169163131316e+01
-2.183020864055180255e+01
-2.389595027435098729e+01
8.577483913946888805e+00
1.013979485958928173e+01
-1.597711182818540721e+01
6.056156750665892652e+00
8.151358052831894074e-01
3.644628840965076932e+01
-2.188144540321817999e+01
3.838184242599964602e+00
3.591820152685621537e+01
-2.404752230255203127e+00
4.468921868297409894e+00
-8.746617019452116892e+00
1.766131820582387846e+01
-3.715382245685283635e+00
-2.454683722205706076e+01
-1.313773946510061741e+00
3.074332943344131053e+01
5.343989456498414725e+00
-1.706836339108106060e+01
-1.979821348342121112e+01
-6.714621284266149459e+00
-4.527107571393676366e+00
-8.717496534252543228e+00
3.193255450444291554e+01
4.484563960732465548e-01
-2.443521964397622259e+00
-1.014721289714162822e+01
2.314722301972079954e+00
3.068771273734095217e+01
1.245104144628839649e+01
-8.078810430895011052e+00
-6.056452176338002147e+00
5.814795034803558416e+00
-9.325272854923323251e+00
1.949564938376381917e+01
9.066590997679121244e+00
9.354183284024694345e+00
-3.930431883592934383e+01
-1.964665804600017296e+01
-4.855588344508863230e+00
1.164533344659645309e+01
6.134634290864624084e+00
-1.835575967299692834e+01
-6.430480467587642579e+00
-1.614319740314692808e+01
-1.062291329680665442e+01
5.654422544144395602e+00
2.835593844917890749e+01
-2.401515208148311231e+01
-6.744477748396527694e+00
1.793914428863035093e+00
2.542169044368274911e+01
1.114259659657299295e+01
-1.212628642239078403e+01
1.465179106335213355e+01
1.955123836823277728e+00
-1.789313045331437380e+01
-7.488591407990920601e+00
1.152409731501725254e+01
1.898669878035366310e+01
-9.249370604903235815e+00
-1.017522778646682902e+01
1.987036084784876167e+01
-1.694657916610173842e+01
-1.657433117587667937e+01
-4.703422634170392413e+00
7.919367676109580145e+00
1.132925162662261620e+01
-3.553719221682169405e+01
-4.031671092109336385e+00
1.216900230585523879e+01
1.626412895808094916e+01
-1.666127026343450446e+00
1.240315959126026790e+01
-1.258573563098604886e+01
-7.919873176233383383e+00
2.646267985094032493e+00
3.488539056429360841e+01
2.775737659869548324e+01
-6.624328380619839862e+00
-5.521599712684129635e+00
-1.236211318908180168e+01
1.944618695742932601e+01
-2.001510612186134797e+00
9.357000624927005461e+00
7.532014946443232883e-01
-1.131502218657059977e+01
-3.037301964377224195e+01
1.145726057306929313e+01
8.651307859587765492e+00
6.917060568325319458e-01
-1.615615136597554624e+01
-3.176572003191688154e+01
6.765804620556536086e+00
-1.650380766360560969e+00
1.448075016039892127e+01
1.075282657176338219e+01
1.615855257102052533e+01
-1.195813472358262430e+01
-2.648572246565187527e+01
1.226279120561754254e+01
2.549954115809547162e+01
-3.855734565231964339e+00
-1.096908565083824705e+01
1.012563390843718381e+01
7.199643939174845686e-01
8.215712858613313685e+00
-3.156465701954446956e+01
1.243821652283324575e+01
4.297395185579954813e+00
-3.672603191706576808e+01
-7.420167993256096217e+00
-3.607892929470374987e+00
1.322397990070225937e+01
-1.435802587503591354e+01
-6.059690444234252737e+00
2.423391875901049275e+01
-3.406744886035125042e+00
-4.647970218793636121e+01
3.107965834399632143e+00
1.212398665951375598e+01
3.621303959997023014e+01
-1.380119109368738073e+01
7.457798065776775509e+00
1.330117533620322057e+01
-3.434804522389690029e-01
2.436309025081932944e+01
4.327071648542461446e+01
-9.241595087376717643e+00
-5.335259618424889538e+01
6.138658725950472217e+01
-1.168228182602668426e+02
7.754881082117773872e+01
-1.014325920811163968e+02
-3.670516251097463822e+01
-4.741939762073351261e+01
-1.105722497965095954e+02
4.703461544531665339e+01
-7.706512807925828668e+01
1.353940604786857591e+02
-5.628808766204263492e+01
5.012635432203138208e+01
5.254529757636215948e+01
