2.807777777777777928e-01
2.806999999999999496e-01
2.806777777777778038e-01
2.806777777777778038e-01
2.807111111111110779e-01
2.804666666666666419e-01
2.804777777777777703e-01
2.805111111111110445e-01
2.806333333333332902e-01
2.807333333333333347e-01
2.807888888888888657e-01
2.806555555555555470e-01
2.804888888888888432e-01
2.804777777777778258e-01
2.806555555555555470e-01
2.804555555555555135e-01
2.803999999999999826e-01
2.806333333333332902e-01
2.805000000000000271e-01
2.804555555555555135e-01
2.805666666666666309e-01
2.805333333333333012e-01
2.804333333333333123e-01
2.801777777777778033e-01
2.805666666666666309e-01
2.804222222222222394e-01
2.802000000000000046e-01
2.805222222222222284e-01
2.802333333333333343e-01
2.804888888888888432e-01
2.807999999999999385e-01
2.804666666666666419e-01
2.805111111111111000e-01
2.806444444444444741e-01
2.805111111111111000e-01
2.806777777777777483e-01
2.802888888888888652e-01
2.802111111111111330e-01
2.804777777777777703e-01
2.805111111111110445e-01
2.805333333333333012e-01
2.803666666666666529e-01
2.803222222222221949e-01
2.805222222222222284e-01
2.803222222222221949e-01
2.806111111111110890e-01
2.804888888888888987e-01
2.804222222222222394e-01
2.802333333333333343e-01
2.805444444444444851e-01
2.804666666666666419e-01
2.803999999999999826e-01
2.803111111111110665e-01
2.805888888888888322e-01
2.805111111111111000e-01
2.804333333333333678e-01
2.803777777777777813e-01
2.804555555555555135e-01
2.804777777777777703e-01
2.803333333333333233e-01
2.801777777777777478e-01
2.803111111111110665e-01
2.801000000000000156e-01
2.801888888888888762e-01
2.803888888888888542e-01
2.805666666666666864e-01
2.804222222222221839e-01
2.803666666666666529e-01
2.801777777777778033e-01
2.806111111111110890e-01
2.802999999999999936e-01
2.803333333333333233e-01
2.802444444444444627e-01
2.803777777777777813e-01
2.802999999999999936e-01
2.802666666666666639e-01
2.803777777777777258e-01
2.804555555555555690e-01
2.801555555555555466e-01
2.806222222222222173e-01
2.804222222222221839e-01
2.801777777777777478e-01
2.805999999999999606e-01
2.802777777777777923e-01
2.803555555555555800e-01
2.805333333333333012e-01
2.803333333333333233e-01
2.804999999999999716e-01
2.805888888888888322e-01
2.804333333333333123e-01
2.805000000000000271e-01
2.805555555555555580e-01
2.804333333333333123e-01
2.805111111111111000e-01
2.802333333333333343e-01
2.803111111111110665e-01
2.800111111111110995e-01
2.804333333333333123e-01
2.806333333333333457e-01
2.805666666666666864e-01
2.803333333333333233e-01
2.804444444444444406e-01
2.802111111111111330e-01
2.805222222222222284e-01
2.803111111111110665e-01
2.802666666666666639e-01
2.802999999999999936e-01
2.806222222222222173e-01
2.803666666666666529e-01
2.802666666666666639e-01
2.803777777777777258e-01
2.801666666666666750e-01
2.804444444444444406e-01
2.802222222222222059e-01
2.805555555555555580e-01
2.803777777777777258e-01
2.805666666666666309e-01
2.804888888888888987e-01
2.803333333333333233e-01
2.803555555555555800e-01
2.803555555555555245e-01
2.803555555555555800e-01
2.801777777777778033e-01
2.803333333333333233e-01
2.805444444444444851e-01
2.803444444444444517e-01
2.802333333333333343e-01
2.803222222222221949e-01
2.806333333333333457e-01
2.803444444444444517e-01
2.804777777777777703e-01
2.802555555555555356e-01
2.803666666666666529e-01
2.803333333333333233e-01
2.804555555555555135e-01
2.805333333333333012e-01
2.803555555555555245e-01
2.803444444444444517e-01
2.801555555555555466e-01
2.804333333333333123e-01
2.804222222222222394e-01
2.804444444444444406e-01
2.803555555555555800e-01
2.802111111111111330e-01
2.803888888888888542e-01
2.803444444444444517e-01
2.802555555555555356e-01
2.804444444444443851e-01
2.804222222222222394e-01
2.805888888888888322e-01
2.804666666666666419e-01
2.805222222222221728e-01
2.802666666666666639e-01
2.803111111111111220e-01
2.800888888888888872e-01
2.802222222222222614e-01
2.800444444444444847e-01
2.804999999999999716e-01
2.804111111111111110e-01
2.804111111111111110e-01
2.805555555555555580e-01
2.803777777777777258e-01
2.803888888888888542e-01
2.802999999999999936e-01
2.807111111111110779e-01
2.804222222222222394e-01
2.804444444444444406e-01
2.804222222222221839e-01
2.805555555555555580e-01
2.802222222222222059e-01
2.803111111111111220e-01
2.803555555555555800e-01
2.804999999999999716e-01
2.804555555555555135e-01
2.800888888888888872e-01
2.802222222222222614e-01
2.797444444444444622e-01
2.789444444444443838e-01
2.777333333333332765e-01
2.768111111111110634e-01
2.750333333333332964e-01
2.732888888888889145e-01
2.711111111111110805e-01
2.692222222222222516e-01
2.669222222222222274e-01
2.647888888888889070e-01
2.623777777777777653e-01
2.601555555555555288e-01
2.586555555555555275e-01
2.574777777777777499e-01
2.568555555555555037e-01
2.568333333333333579e-01
2.571888888888888558e-01
2.581444444444443986e-01
2.593444444444444885e-01
2.610444444444444123e-01
2.629222222222222238e-01
2.648333333333333095e-01
2.669333333333333558e-01
2.696000000000000063e-01
2.717111111111110699e-01
2.744333333333333069e-01
2.771444444444444155e-01
2.798777777777778364e-01
2.826777777777777501e-01
2.848111111111111260e-01
2.862555555555555409e-01
2.862777777777777422e-01
2.852777777777777968e-01
2.835555555555555052e-01
2.815999999999999615e-01
2.790000000000000258e-01
2.766777777777778002e-01
2.738222222222221891e-01
2.712888888888889127e-01
2.689000000000000279e-01
2.662999999999999812e-01
2.638555555555555654e-01
2.620333333333333403e-01
2.599000000000000199e-01
2.587111111111111139e-01
2.579555555555555491e-01
2.575000000000000622e-01
2.575111111111110795e-01
2.583333333333333037e-01
2.595111111111110813e-01
2.608999999999999653e-01
2.627333333333333187e-01
2.646444444444444044e-01
2.666777777777777914e-01
2.692777777777777271e-01
2.713888888888889017e-01
2.734333333333333615e-01
2.761555555555555430e-01
2.782111111111110757e-01
2.806222222222222173e-01
2.830666666666666886e-01
2.848999999999999866e-01
2.858444444444444565e-01
2.861666666666666803e-01
2.849666666666667014e-01
2.832000000000000628e-01
2.809888888888888991e-01
2.782777777777777350e-01
2.761555555555555985e-01
2.728666666666667018e-01
2.702666666666666551e-01
2.673333333333333672e-01
2.646222222222222031e-01
2.618333333333333623e-01
2.592555555555555724e-01
2.571555555555554706e-01
2.554444444444444184e-01
2.547888888888888426e-01
2.542666666666666964e-01
2.547333333333333671e-01
2.544555555555555459e-01
2.554555555555555468e-01
2.565222222222222070e-01
2.579444444444444207e-01
2.596888888888889135e-01
2.624111111111110950e-01
2.646777777777777341e-01
2.671444444444444621e-01
2.694222222222222296e-01
2.714777777777778178e-01
2.731555555555555959e-01
2.744666666666666366e-01
2.760222222222222799e-01
2.766777777777778002e-01
2.772333333333333316e-01
2.772888888888889181e-01
2.772666666666666613e-01
2.771444444444444155e-01
2.764999999999999680e-01
2.758000000000000451e-01
2.748444444444444468e-01
2.741333333333333400e-01
2.735555555555556073e-01
2.724777777777778187e-01
2.710333333333332373e-01
2.703888888888888453e-01
2.694777777777777605e-01
2.689333333333333576e-01
2.678444444444444406e-01
2.671555555555556460e-01
2.670666666666666744e-01
2.669666666666665744e-01
2.668222222222221829e-01
2.673333333333333672e-01
2.681000000000000050e-01
2.687000000000000499e-01
2.696888888888888669e-01
2.703888888888889008e-01
2.715333333333333488e-01
2.725777777777777522e-01
2.735888888888889370e-01
2.744888888888888379e-01
2.754111111111111065e-01
2.756666666666667265e-01
2.756111111111111955e-01
2.748444444444444468e-01
2.735777777777778086e-01
2.721666666666666679e-01
2.697444444444444533e-01
2.670000000000000706e-01
2.635555555555555984e-01
2.602777777777778301e-01
2.563333333333333020e-01
2.530777777777777904e-01
2.503666666666666263e-01
2.492666666666666919e-01
2.489888888888888707e-01
2.488888888888889095e-01
2.486777777777777476e-01
2.487444444444444069e-01
2.494888888888888989e-01
2.508999999999999564e-01
2.524222222222222145e-01
2.540333333333333332e-01
2.564111111111110897e-01
2.588111111111111029e-01
2.618666666666666920e-01
2.648666666666666392e-01
2.676888888888889206e-01
2.704666666666666330e-01
2.731111111111111378e-01
2.755555555555555536e-01
2.777444444444444605e-01
2.784333333333333105e-01
2.780555555555556113e-01
2.772666666666666613e-01
2.761555555555555430e-01
2.751666666666666705e-01
2.736333333333333950e-01
2.724333333333333051e-01
2.708111111111110580e-01
2.690888888888889330e-01
2.672666666666667079e-01
2.651666666666666616e-01
2.632555555555555760e-01
2.608888888888888924e-01
2.585444444444444656e-01
2.566888888888889109e-01
2.544777777777777472e-01
2.523222222222222255e-01
2.509333333333333416e-01
2.494000000000000106e-01
2.490222222222221726e-01
2.491000000000000159e-01
2.499666666666666426e-01
2.507111111111111068e-01
2.516888888888889064e-01
2.529888888888889298e-01
2.543111111111110989e-01
2.560555555555555363e-01
2.582888888888888457e-01
2.607222222222221886e-01
2.632888888888889056e-01
2.661888888888888638e-01
2.684777777777778152e-01
2.711666666666666670e-01
2.740555555555556078e-01
2.767888888888888066e-01
2.787666666666666626e-01
2.796555555555555461e-01
2.793666666666667076e-01
2.786444444444444724e-01
2.769111111111110524e-01
2.752666666666666595e-01
2.735444444444444789e-01
2.715222222222222204e-01
2.695999999999999508e-01
2.677555555555555800e-01
2.650333333333333430e-01
2.628555555555555090e-01
2.605555555555555403e-01
2.579333333333333478e-01
2.557777777777777706e-01
2.533555555555555561e-01
2.512555555555555653e-01
2.495555555555555582e-01
2.488111111111111218e-01
2.482444444444444343e-01
2.485222222222221999e-01
2.494777777777777983e-01
2.506444444444444475e-01
2.523111111111110971e-01
2.537777777777778243e-01
2.558999999999999608e-01
2.580444444444444652e-01
2.602555555555555733e-01
2.620888888888888713e-01
2.646333333333333315e-01
2.667777777777777803e-01
2.690666666666666207e-01
2.711777777777777398e-01
2.738666666666667027e-01
2.760555555555555540e-01
2.775888888888888850e-01
2.782111111111110757e-01
2.774888888888888960e-01
2.759666666666666379e-01
2.731777777777777416e-01
2.699222222222222300e-01
2.656333333333333879e-01
2.615111111111111386e-01
2.567777777777777715e-01
2.523777777777777565e-01
2.483555555555555516e-01
2.454555555555555935e-01
2.440000000000000224e-01
2.440222222222222515e-01
2.451999999999999735e-01
2.466666666666666452e-01
2.488777777777777256e-01
2.514444444444444149e-01
2.544222222222221608e-01
2.573666666666666325e-01
2.603333333333333055e-01
2.637111111111111184e-01
2.671777777777777918e-01
2.700666666666666771e-01
2.723888888888888471e-01
2.734333333333333615e-01
2.728222222222222437e-01
2.708444444444444432e-01
2.678222222222222948e-01
2.637111111111111184e-01
2.590111111111110809e-01
2.540777777777777913e-01
2.491222222222221894e-01
2.445111111111110680e-01
2.410444444444444501e-01
2.395888888888889345e-01
2.400111111111110918e-01
2.428666666666666751e-01
2.469999999999999973e-01
2.523222222222221700e-01
2.578555555555555601e-01
2.633444444444445476e-01
2.683333333333333126e-01
2.714999999999999636e-01
2.722666666666666568e-01
2.707333333333333258e-01
2.677111111111110664e-01
2.632555555555555760e-01
2.588444444444444326e-01
2.537333333333333663e-01
2.497000000000000053e-01
2.461333333333333151e-01
2.439666666666666650e-01
2.436333333333333684e-01
2.449666666666666659e-01
2.478111111111111209e-01
2.514000000000000679e-01
2.557888888888888990e-01
2.601666666666666572e-01
2.646222222222222031e-01
2.681111111111110779e-01
2.700888888888888784e-01
2.702222222222221970e-01
2.689666666666666872e-01
2.658777777777777684e-01
2.616888888888888598e-01
2.572444444444444422e-01
2.527888888888888963e-01
2.485555555555555574e-01
2.447000000000000286e-01
2.424333333333333063e-01
2.419444444444444065e-01
2.435444444444444800e-01
2.467222222222222039e-01
2.510777777777777886e-01
2.557333333333333680e-01
2.609222222222222221e-01
2.655888888888889299e-01
2.690111111111110898e-01
2.705888888888888788e-01
2.703222222222221860e-01
2.685000000000000164e-01
2.646999999999999909e-01
2.600111111111111373e-01
2.544999999999999485e-01
2.486111111111110883e-01
2.426111111111111107e-01
2.376999999999999946e-01
2.351999999999999924e-01
2.356666666666666632e-01
2.375111111111111450e-01
2.401111111111111085e-01
2.436777777777777709e-01
2.477999999999999925e-01
2.522777777777777675e-01
2.564222222222221625e-01
2.601777777777777301e-01
2.629444444444444251e-01
2.647555555555555218e-01
2.645777777777777451e-01
2.629333333333332967e-01
2.602111111111111152e-01
2.568888888888888333e-01
2.532777777777778239e-01
2.497333333333333627e-01
2.463666666666666505e-01
2.429111111111111054e-01
2.397666666666666835e-01
2.373222222222222677e-01
2.362888888888888816e-01
2.355999999999999484e-01
2.364000000000000268e-01
2.377222222222222237e-01
2.398888888888888737e-01
2.424888888888888649e-01
2.449333333333333085e-01
2.473222222222222488e-01
2.498777777777777542e-01
2.520555555555555327e-01
2.535444444444444612e-01
2.546777777777777807e-01
2.552000000000000379e-01
2.554333333333333456e-01
2.548000000000000265e-01
2.538777777777778133e-01
2.524666666666666170e-01
2.507111111111111068e-01
2.485888888888888593e-01
2.467444444444444329e-01
2.446111111111110847e-01
2.424888888888888649e-01
2.406555555555555115e-01
2.396222222222222364e-01
2.388555555555555709e-01
2.393333333333333146e-01
2.403444444444444439e-01
2.417444444444444285e-01
2.437444444444444580e-01
2.458333333333333759e-01
2.478666666666667073e-01
2.497555555555555917e-01
2.514000000000000679e-01
2.524333333333333984e-01
2.539333333333333442e-01
2.543555555555555570e-01
2.545222222222222608e-01
2.538333333333333552e-01
2.529555555555556001e-01
2.511222222222222467e-01
2.494444444444444131e-01
2.473333333333333772e-01
2.450888888888888839e-01
2.428555555555555190e-01
2.405555555555555503e-01
2.390111111111110631e-01
2.381555555555555370e-01
2.383222222222222131e-01
2.393333333333333146e-01
2.408333333333333437e-01
2.434555555555555639e-01
2.461444444444444435e-01
2.491555555555556023e-01
2.524888888888889293e-01
2.557666666666666977e-01
2.590000000000000080e-01
2.620777777777777429e-01
2.633222222222222353e-01
2.633555555555556205e-01
2.606777777777777860e-01
2.573000000000000287e-01
2.529444444444444717e-01
2.479555555555555957e-01
2.426222222222221836e-01
2.371666666666666645e-01
2.327000000000000179e-01
2.296555555555555572e-01
2.291888888888888864e-01
2.298777777777777920e-01
2.321555555555555594e-01
2.357000000000000206e-01
2.399444444444444324e-01
2.445444444444444254e-01
2.491999999999999771e-01
2.540666666666667184e-01
2.579777777777777503e-01
2.600444444444444114e-01
2.598000000000000309e-01
2.570333333333333359e-01
2.530888888888889188e-01
2.486666666666666747e-01
2.440444444444443972e-01
2.391444444444444373e-01
2.345999999999999752e-01
2.307777777777777761e-01
2.286111111111111260e-01
2.276111111111111251e-01
2.283666666666666623e-01
2.304555555555555246e-01
2.335888888888889015e-01
2.375777777777777766e-01
2.417111111111111266e-01
2.462777777777777621e-01
2.507666666666666377e-01
2.552222222222222947e-01
2.586999999999999300e-01
2.599444444444444779e-01
2.584444444444444211e-01
2.555222222222222062e-01
2.515666666666666607e-01
2.472222222222222321e-01
2.429111111111111609e-01
2.380888888888888777e-01
2.343111111111110534e-01
2.308444444444444354e-01
2.287666666666666182e-01
2.277555555555555444e-01
2.283111111111110758e-01
2.299222222222222500e-01
2.328555555555555379e-01
2.359444444444444289e-01
2.397777777777778119e-01
2.435777777777777819e-01
2.474999999999999978e-01
2.513888888888888840e-01
2.547888888888888981e-01
2.573666666666666880e-01
2.583333333333333037e-01
2.578777777777777613e-01
2.556111111111111778e-01
2.525222222222221480e-01
2.493777777777778093e-01
2.458222222222222475e-01
2.419999999999999929e-01
2.380555555555555758e-01
2.344777777777777295e-01
2.311888888888889160e-01
2.287111111111110873e-01
2.276888888888889406e-01
2.279777777777777792e-01
2.291777777777777581e-01
2.316000000000000003e-01
2.347111111111110648e-01
2.376555555555555643e-01
2.411999999999999700e-01
2.440666666666666818e-01
2.468222222222222206e-01
2.495000000000000273e-01
2.515777777777777890e-01
2.529444444444444162e-01
2.537444444444444391e-01
2.536333333333333773e-01
2.528555555555555556e-01
2.515888888888889174e-01
2.499333333333333407e-01
2.478888888888888808e-01
2.456777777777777727e-01
2.433222222222221898e-01
2.410555555555555229e-01
2.389999999999999902e-01
2.369666666666666865e-01
2.352777777777778079e-01
2.341222222222222316e-01
2.336999999999999911e-01
2.341222222222222316e-01
2.353111111111111098e-01
2.360666666666666746e-01
2.380222222222222184e-01
2.400888888888889072e-01
2.418777777777777471e-01
2.443555555555555758e-01
2.464888888888888685e-01
2.485555555555555574e-01
2.505444444444444030e-01
2.520111111111111302e-01
2.538222222222222269e-01
2.548111111111110993e-01
2.547111111111111104e-01
2.545222222222222608e-01
2.531555555555555781e-01
2.520444444444444043e-01
2.500888888888888606e-01
2.475111111111111262e-01
2.449555555555555098e-01
2.421888888888888980e-01
2.386111111111111072e-01
2.353111111111111098e-01
2.318666666666666931e-01
2.287999999999999756e-01
2.267777777777777726e-01
2.253000000000000280e-01
2.248222222222221733e-01
2.250666666666666371e-01
2.256333333333333802e-01
2.264333333333332920e-01
2.282888888888888745e-01
2.296000000000000263e-01
2.318111111111111067e-01
2.342111111111110922e-01
2.367222222222221673e-01
2.396000000000000074e-01
2.423555555555555463e-01
2.456555555555555714e-01
2.484777777777777696e-01
2.517111111111111632e-01
2.540444444444444616e-01
2.550888888888889205e-01
2.549333333333333451e-01
2.532111111111111645e-01
2.512222222222222356e-01
2.487222222222221779e-01
2.459111111111111081e-01
2.425444444444444514e-01
2.389444444444444038e-01
2.356888888888888922e-01
2.316222222222222848e-01
2.283111111111111313e-01
2.249888888888888494e-01
2.223333333333333273e-01
2.209444444444444433e-01
2.198888888888889115e-01
2.192777777777777937e-01
2.190444444444444305e-01
2.190666666666666318e-01
2.197333333333333638e-01
2.209666666666666723e-01
2.224444444444444169e-01
2.241000000000000214e-01
2.262777777777777444e-01
2.281777777777777572e-01
2.303111111111111053e-01
2.327888888888888785e-01
2.351333333333333331e-01
2.371333333333333071e-01
2.400222222222222479e-01
2.424666666666666637e-01
2.453222222222222193e-01
2.473777777777778075e-01
2.486222222222222167e-01
2.488888888888888540e-01
2.483000000000000207e-01
2.475444444444444836e-01
2.471111111111110870e-01
2.463666666666666505e-01
2.455555555555555547e-01
2.448222222222221911e-01
2.439333333333333631e-01
2.423555555555555463e-01
2.410777777777777520e-01
2.398444444444444712e-01
2.377222222222222237e-01
2.356333333333333058e-01
2.335222222222222421e-01
2.313111111111111340e-01
2.289777777777777801e-01
2.270444444444444654e-01
2.249555555555555475e-01
2.230888888888888921e-01
2.216111111111111476e-01
2.204222222222221861e-01
2.195222222222222297e-01
2.196777777777777774e-01
2.200999999999999901e-01
2.212111111111111361e-01
2.223222222222221989e-01
2.239222222222222169e-01
2.259888888888889058e-01
2.285444444444444112e-01
2.303777777777777647e-01
2.331666666666666610e-01
2.358999999999999986e-01
2.383555555555555427e-01
2.408444444444444166e-01
2.433444444444444743e-01
2.453777777777778057e-01
2.475444444444444836e-01
2.482555555555555626e-01
2.484888888888888703e-01
2.471666666666666456e-01
2.452444444444444871e-01
2.429444444444444628e-01
2.403888888888888742e-01
2.376888888888888662e-01
2.348888888888888693e-01
2.321000000000000285e-01
2.293111111111111322e-01
2.267777777777777726e-01
2.241555555555555801e-01
2.217333333333333378e-01
2.199888888888889005e-01
2.189999999999999725e-01
2.184111111111110837e-01
2.187777777777777377e-01
2.195444444444444587e-01
2.211333333333333206e-01
2.228999999999999870e-01
2.254000000000000448e-01
2.275999999999999968e-01
2.304555555555555524e-01
2.333666666666666945e-01
2.365222222222222448e-01
2.398444444444444712e-01
2.429333333333333345e-01
2.461777777777777454e-01
2.481111111111111156e-01
2.487111111111111050e-01
2.473555555555555507e-01
2.453888888888888786e-01
2.424666666666666637e-01
2.394888888888889178e-01
2.356222222222222329e-01
2.316777777777777880e-01
2.281666666666666843e-01
2.242666666666666420e-01
2.209111111111111136e-01
2.183777777777777540e-01
2.172333333333333616e-01
2.173666666666667080e-01
2.185333333333333294e-01
2.207111111111110802e-01
2.238555555555555576e-01
2.273777777777777898e-01
2.314222222222222514e-01
2.356777777777777916e-01
2.397444444444444545e-01
2.430444444444444241e-01
2.454222222222222360e-01
2.459999999999999964e-01
2.446555555555555150e-01
2.420333333333333503e-01
2.387999999999999567e-01
2.351333333333333331e-01
2.306222222222222284e-01
2.269222222222222196e-01
2.226333333333333220e-01
2.192111111111111343e-01
2.170666666666666578e-01
2.163555555555555232e-01
2.176777777777777756e-01
2.200888888888888895e-01
2.237666666666666693e-01
2.278111111111111031e-01
2.328333333333333366e-01
2.378777777777777991e-01
2.432888888888888879e-01
2.481222222222222162e-01
2.501555555555555199e-01
2.499666666666666426e-01
2.487777777777777644e-01
2.460777777777777842e-01
2.424333333333333063e-01
2.379666666666666874e-01
2.330444444444444985e-01
2.279888888888888798e-01
2.230444444444444618e-01
2.190999999999999615e-01
2.164111111111111097e-01
2.160777777777777575e-01
2.170333333333333004e-01
2.181666666666666754e-01
2.203222222222222249e-01
2.226333333333333220e-01
2.254000000000000448e-01
2.282555555555555449e-01
2.316888888888888887e-01
2.348444444444444390e-01
2.381000000000000061e-01
2.411000000000000087e-01
2.440333333333333243e-01
2.458333333333333204e-01
2.456222222222222695e-01
2.449444444444444369e-01
2.439444444444444915e-01
2.428888888888888764e-01
2.417000000000000537e-01
2.407888888888888856e-01
2.398000000000000409e-01
2.392111111111111521e-01
2.382777777777777550e-01
2.379444444444444584e-01
2.373555555555556251e-01
2.369444444444444298e-01
2.369333333333333014e-01
2.369999999999999885e-01
2.371666666666666645e-01
2.372777777777778097e-01
2.376666666666666372e-01
2.379999999999999893e-01
2.381999999999999673e-01
2.382222222222222241e-01
2.383888888888889002e-01
2.388555555555555154e-01
2.387777777777777832e-01
2.389000000000000012e-01
2.388666666666666716e-01
2.390222222222222470e-01
2.394333333333333313e-01
2.394777777777777894e-01
2.393888888888889566e-01
2.397444444444444545e-01
2.398666666666667002e-01
2.399777777777777898e-01
2.399111111111111305e-01
2.400999999999999801e-01
2.399666666666666615e-01
2.400777777777777511e-01
2.401444444444444104e-01
2.401999999999999968e-01
2.403000000000000136e-01
2.405555555555555503e-01
2.406888888888888689e-01
2.405555555555555503e-01
2.406666666666666676e-01
2.407888888888888301e-01
2.407888888888888856e-01
2.407444444444443998e-01
2.409555555555555062e-01
2.409999999999999643e-01
2.407555555555555282e-01
2.411222222222221823e-01
2.410111111111110926e-01
2.410444444444444501e-01
2.409222222222222043e-01
2.411111111111111094e-01
2.411111111111111094e-01
2.409444444444444333e-01
2.411888888888888416e-01
2.411222222222221823e-01
2.412333333333333274e-01
2.412555555555555564e-01
2.410777777777777520e-01
2.413888888888889306e-01
2.410666666666666513e-01
2.413444444444444725e-01
2.412999999999999867e-01
2.412111111111111261e-01
2.412666666666666848e-01
2.412111111111111261e-01
2.412666666666666848e-01
2.411555555555555397e-01
2.413444444444444725e-01
2.412777777777778132e-01
2.413777777777778022e-01
2.414666666666667183e-01
2.412000000000000255e-01
2.410777777777777520e-01
2.410999999999999810e-01
2.411111111111110539e-01
2.411999999999999700e-01
2.412666666666666293e-01
2.411444444444444668e-01
2.411777777777778242e-01
2.411888888888888971e-01
2.414111111111111319e-01
2.412444444444444280e-01
2.414000000000000035e-01
2.408333333333332882e-01
2.411777777777777687e-01
2.411333333333332829e-01
2.412777777777777855e-01
2.412555555555555564e-01
2.412777777777777855e-01
2.412888888888889138e-01
2.413111111111111429e-01
2.413111111111111429e-01
2.412444444444444280e-01
2.413222222222222157e-01
2.413111111111111429e-01
2.411777777777777687e-01
2.411000000000000087e-01
2.411444444444444668e-01
2.410777777777778075e-01
2.412777777777777855e-01
2.409999999999999920e-01
2.412444444444444835e-01
2.411444444444444668e-01
2.413000000000000422e-01
2.413555555555555732e-01
2.413666666666667016e-01
2.410666666666666513e-01
2.412888888888889138e-01
2.411999999999999700e-01
2.413666666666667016e-01
2.412222222222221990e-01
2.412777777777777855e-01
2.411777777777777687e-01
2.412444444444444835e-01
2.416666666666666963e-01
2.411333333333333107e-01
2.412333333333333274e-01
2.412888888888888583e-01
2.411666666666666681e-01
2.411999999999999700e-01
2.412666666666666848e-01
2.412222222222221990e-01
2.412333333333333274e-01
2.411222222222222378e-01
2.412999999999999867e-01
2.411444444444444668e-01
2.411222222222222378e-01
2.411888888888888971e-01
2.412444444444444280e-01
2.412666666666666848e-01
2.412444444444444280e-01
2.411777777777778242e-01
2.411444444444444668e-01
2.411666666666666681e-01
2.412666666666666293e-01
2.412666666666666848e-01
2.412111111111111261e-01
2.411333333333333107e-01
2.414888888888888918e-01
2.411111111111111094e-01
2.414555555555555899e-01
2.411666666666666403e-01
2.412444444444444280e-01
2.412999999999999590e-01
2.412444444444444835e-01
2.412666666666666848e-01
2.412777777777777855e-01
2.412222222222221990e-01
2.413777777777778022e-01
2.412666666666666293e-01
2.411111111111111094e-01
2.412333333333332996e-01
2.412000000000000255e-01
2.412444444444444280e-01
2.413333333333333441e-01
2.412777777777777855e-01
2.412777777777777855e-01
2.412777777777778132e-01
2.414111111111111319e-01
2.412999999999999867e-01
2.409888888888888636e-01
2.413333333333333441e-01
2.409777777777777352e-01
2.411333333333333107e-01
2.412444444444444280e-01
2.411000000000000087e-01
2.412555555555556119e-01
2.410444444444444501e-01
2.415111111111111486e-01
2.414777777777777912e-01
2.413777777777778022e-01
2.410555555555555785e-01
2.411222222222221823e-01
2.413222222222222157e-01
2.410111111111110926e-01
2.412111111111111261e-01
2.414333333333333054e-01
2.411444444444444668e-01
2.412777777777777855e-01
2.412666666666666848e-01
2.414000000000000035e-01
2.411777777777777687e-01
2.411999999999999700e-01
2.411888888888888971e-01
2.413555555555555732e-01
2.412666666666666293e-01
2.410888888888888804e-01
2.414111111111111041e-01
2.412777777777777855e-01
2.414000000000000035e-01
2.412999999999999867e-01
2.413666666666667016e-01
2.412333333333333274e-01
2.412777777777777855e-01
2.412555555555555564e-01
2.411111111111111094e-01
2.412222222222221990e-01
2.414111111111111041e-01
2.412999999999999867e-01
2.412888888888889138e-01
2.412555555555555564e-01
2.412333333333333274e-01
2.413666666666667016e-01
2.411333333333333107e-01
2.412222222222222545e-01
2.412666666666666848e-01
2.410888888888888804e-01
2.412555555555556119e-01
2.412999999999999867e-01
2.414777777777777912e-01
2.412666666666666293e-01
2.412999999999999867e-01
2.412666666666666848e-01
2.412888888888889138e-01
2.412222222222221990e-01
2.413888888888888751e-01
2.412555555555555564e-01
2.411333333333333107e-01
2.410555555555555785e-01
2.410888888888888804e-01
2.410666666666666513e-01
2.411111111111111094e-01
2.412333333333333274e-01
2.412666666666666848e-01
2.413000000000000422e-01
2.413333333333333441e-01
2.411111111111111094e-01
2.410111111111110926e-01
2.411666666666666681e-01
2.411333333333333107e-01
2.412444444444444835e-01
2.412000000000000255e-01
2.410444444444444501e-01
2.412444444444444835e-01
2.411111111111111649e-01
2.411666666666666681e-01
2.414333333333333609e-01
2.412111111111111261e-01
2.412777777777777855e-01
2.411222222222221823e-01
2.412333333333333829e-01
2.411888888888888971e-01
2.411222222222222378e-01
2.411666666666666681e-01
2.412555555555555564e-01
2.411777777777778242e-01
2.412888888888889138e-01
2.411444444444444113e-01
2.413666666666667016e-01
2.410666666666667068e-01
2.411444444444444668e-01
2.412888888888889138e-01
2.409888888888888636e-01
