3.905000000000000693e-01
4.305000000000000493e-01
4.705000000000000848e-01
5.104999999999999538e-01
5.504999999999999893e-01
5.905000000000000249e-01
6.305000000000000604e-01
6.705000000000000959e-01
7.105000000000001315e-01
7.505000000000000560e-01
7.905000000000000915e-01
8.328119999999999967e-01
8.739000000000000101e-01
9.138999999999999346e-01
9.539000000000000812e-01
9.939000000000000057e-01
1.033900000000000041e+00
1.073900000000000077e+00
1.113899999999999890e+00
1.153900000000000148e+00
1.193899999999999961e+00
1.233900000000000219e+00
1.276143999999999945e+00
1.317200000000000149e+00
1.357199999999999962e+00
1.397199999999999998e+00
1.437200000000000033e+00
1.477199999999999847e+00
1.517200000000000104e+00
1.557199999999999918e+00
1.597199999999999953e+00
1.637200000000000211e+00
1.677200000000000024e+00
1.717200000000000060e+00
1.759444000000000008e+00
1.800499999999999989e+00
1.840499999999999803e+00
1.880500000000000282e+00
1.920500000000000096e+00
1.960500000000000131e+00
2.000500000000000167e+00
2.040499999999999758e+00
2.080499999999999794e+00
2.120500000000000274e+00
2.160500000000000309e+00
2.200499999999999901e+00
2.242812000000000250e+00
2.283900000000000485e+00
2.323900000000000077e+00
2.363899999999999668e+00
2.403899999999999704e+00
2.443900000000000627e+00
2.483900000000000219e+00
2.523899999999999810e+00
2.563899999999999846e+00
2.603899999999999881e+00
2.643832000000000182e+00
2.686112000000000055e+00
2.727200000000000291e+00
2.767200000000000326e+00
2.807199999999999918e+00
2.847199999999999509e+00
2.887199999999999545e+00
2.927200000000000468e+00
2.967200000000000060e+00
3.007199999999999651e+00
3.047199999999999687e+00
3.087200000000000610e+00
3.127200000000000202e+00
3.169444000000000372e+00
3.210500000000000131e+00
3.250500000000000167e+00
3.290499999999999758e+00
3.330500000000000238e+00
3.370500000000000274e+00
3.410500000000000309e+00
3.450499999999999901e+00
3.490499999999999936e+00
3.530499999999999527e+00
3.570500000000000451e+00
3.612744000000000177e+00
3.653799999999999937e+00
3.693799999999999972e+00
3.733800000000000008e+00
3.773799999999999599e+00
3.813800000000000523e+00
3.853800000000000558e+00
3.893799999999999706e+00
3.933800000000000185e+00
3.973800000000000221e+00
4.013799999999999812e+00
4.053799999999998960e+00
4.096111999999999753e+00
4.137199999999999989e+00
4.177200000000000024e+00
4.217200000000000060e+00
4.257200000000000095e+00
4.297200000000000131e+00
4.337199999999999278e+00
4.377199999999999314e+00
4.417200000000000237e+00
4.457200000000000273e+00
4.497200000000000308e+00
4.537200000000000344e+00
4.579443999999998738e+00
4.620499999999999829e+00
4.660499999999999865e+00
4.700499999999999901e+00
4.740500000000000824e+00
4.780499999999999972e+00
4.820499999999999119e+00
4.860500000000000043e+00
4.900500000000000078e+00
4.940500000000000114e+00
4.980500000000000149e+00
5.022743999999999431e+00
5.063800000000000523e+00
5.103799999999999670e+00
5.143800000000000594e+00
5.183799999999999741e+00
5.223800000000000665e+00
5.263799999999999812e+00
5.303799999999998960e+00
5.343799999999999883e+00
5.383800000000000807e+00
5.423799999999999955e+00
5.463799999999999990e+00
5.506044000000000160e+00
5.547100000000000364e+00
5.587099999999999511e+00
5.627100000000000435e+00
5.667100000000000470e+00
5.707100000000000506e+00
5.747099999999999653e+00
5.787100000000000577e+00
5.827099999999999724e+00
5.867100000000000648e+00
5.907099999999999795e+00
5.947100000000000719e+00
5.989411999999999736e+00
6.030499999999999972e+00
6.070499999999999119e+00
6.110500000000000043e+00
6.150500000000000078e+00
6.190500000000000114e+00
6.230500000000000149e+00
6.270500000000000185e+00
6.310500000000000220e+00
6.350500000000000256e+00
6.390499999999999403e+00
6.432743999999999573e+00
6.473800000000000665e+00
6.513799999999999812e+00
6.553799999999998960e+00
6.593799999999999883e+00
6.633799999999999919e+00
6.673799999999999955e+00
6.713799999999999990e+00
6.753800000000000026e+00
6.793800000000000061e+00
6.833800000000000097e+00
6.873800000000000132e+00
6.916043999999999414e+00
6.957100000000000506e+00
6.997099999999999653e+00
7.037100000000000577e+00
7.077099999999999724e+00
7.117099999999999760e+00
7.157099999999999795e+00
7.197099999999999831e+00
7.237099999999999866e+00
7.277100000000000790e+00
7.317099999999999937e+00
7.359343999999999220e+00
7.400400000000000311e+00
7.440400000000000347e+00
7.480399999999999494e+00
7.520400000000001306e+00
7.560399999999999565e+00
7.600399999999999601e+00
7.640399999999999636e+00
7.680399999999999672e+00
7.720399999999999707e+00
7.760400000000000631e+00
7.800399999999999778e+00
7.842711999999999684e+00
7.883799999999999919e+00
7.923799999999999955e+00
7.963799999999999990e+00
8.003800000000000026e+00
8.043800000000000949e+00
8.083800000000000097e+00
8.123798999999999992e+00
8.163800000000000168e+00
8.203800000000001091e+00
8.243800000000000239e+00
8.283800000000001162e+00
8.326044000000001333e+00
8.367100000000000648e+00
8.407100000000001572e+00
8.447099999999998943e+00
8.487099999999999866e+00
8.527099999999999014e+00
8.567099999999999937e+00
8.607100000000000861e+00
8.647095000000000198e+00
8.687100000000000932e+00
8.727100000000000080e+00
8.769344000000000250e+00
8.810400000000001342e+00
8.850400000000000489e+00
8.890400000000001413e+00
8.930399999999998784e+00
8.970399999999999707e+00
9.010400000000000631e+00
9.050399999999999778e+00
9.090400000000000702e+00
9.130399999999999849e+00
9.170400000000000773e+00
9.210399999999999920e+00
9.252644000000000091e+00
9.293700000000001182e+00
9.333700000000000330e+00
9.373699999999999477e+00
9.413699999999998624e+00
9.453700000000001324e+00
9.493700000000002248e+00
9.533699999999999619e+00
9.573700000000000543e+00
9.613699999999999690e+00
9.653700000000000614e+00
9.696012000000001407e+00
9.737099000000000615e+00
9.777100000000002566e+00
9.817099999999999937e+00
9.857100000000000861e+00
9.897100000000000009e+00
9.937100000000000932e+00
9.977100000000000080e+00
1.001710000000000100e+01
1.005710000000000015e+01
1.009710000000000107e+01
1.013710000000000200e+01
1.017934399999999862e+01
1.022039999999999971e+01
1.026040000000000063e+01
1.030039999999999978e+01
1.034040000000000070e+01
1.038039999999999985e+01
1.042040000000000077e+01
1.046039999999999992e+01
1.050039999999999907e+01
1.054039999999999822e+01
1.058040000000000092e+01
1.062039600000000128e+01
1.066264400000000023e+01
1.070369999999999955e+01
1.074369999999999870e+01
1.078369999999999962e+01
1.082369999999999877e+01
1.086369999999999969e+01
1.090370000000000061e+01
1.094369999999999976e+01
1.098369899999999966e+01
1.102369999999999983e+01
1.106369500000000095e+01
1.110600933333333273e+01
1.114710000000000001e+01
1.118703200000000031e+01
1.122706799999999916e+01
1.126710000000000100e+01
1.130703199999999953e+01
1.134700000000000131e+01
1.138700000000000045e+01
1.142699999999999960e+01
1.146699999999999875e+01
1.150699999999999790e+01
1.154700000000000060e+01
1.158931199999999961e+01
1.163039999999999985e+01
1.167040000000000077e+01
1.171039999999999992e+01
1.175039999999999907e+01
1.179039999999999822e+01
1.183039999999999914e+01
1.187040000000000006e+01
1.191040000000000099e+01
1.195040000000000013e+01
1.199040000000000106e+01
1.203040000000000020e+01
1.207264399999999860e+01
1.211369999999999969e+01
1.215369899999999959e+01
1.219369999999999976e+01
1.223370000000000068e+01
1.227369999999999983e+01
1.231369899999999973e+01
1.235369999999999990e+01
1.239370000000000083e+01
1.243369999999999997e+01
1.247369199999999978e+01
1.251594399999999929e+01
1.255699999999999861e+01
1.259700000000000131e+01
1.263700000000000045e+01
1.267699999999999960e+01
1.271699999999999875e+01
1.275699999999999790e+01
1.279700000000000060e+01
1.283699999999999974e+01
1.287700000000000067e+01
1.291699999999999982e+01
1.295700000000000074e+01
1.299931199999999976e+01
1.304039999999999822e+01
1.308040000000000092e+01
1.312040000000000006e+01
1.316040000000000099e+01
1.320040000000000013e+01
1.324039999999999928e+01
1.328040000000000020e+01
1.332039999999999935e+01
1.336040000000000028e+01
1.340039999999999942e+01
1.344264399999999959e+01
1.348370000000000068e+01
1.352369999999999983e+01
1.356370000000000076e+01
1.360369999999999990e+01
1.364370000000000083e+01
1.368369999999999997e+01
1.372370000000000090e+01
1.376370000000000005e+01
1.380369999999999919e+01
1.384370000000000189e+01
1.388370000000000104e+01
1.392594400000000121e+01
1.396700000000000230e+01
1.400699999999999790e+01
1.404700300000000013e+01
1.408699999999999974e+01
1.412700000000000067e+01
1.416699999999999982e+01
1.420700000000000074e+01
1.424699999999999811e+01
1.428699999999999903e+01
1.432699900000000071e+01
1.436699900000000163e+01
1.440924400000000105e+01
1.445030000000000214e+01
1.449029999999999951e+01
1.453029999999999866e+01
1.457029999999999959e+01
1.461029900000000126e+01
1.465029999999999966e+01
1.469030000000000058e+01
1.473029999999999973e+01
1.477030000000000065e+01
1.481030000000000335e+01
1.485261200000000059e+01
1.489370000000000260e+01
1.493369999999999997e+01
1.497370000000000090e+01
1.501370000000000005e+01
1.505370000000000097e+01
1.509370000000000012e+01
1.513370000000000104e+01
1.517370000000000019e+01
1.521369999999999756e+01
1.525370000000000026e+01
1.529370000000000118e+01
1.533594399999999958e+01
1.537700000000000067e+01
1.541699999999999804e+01
1.545700000000000252e+01
1.549699999999999811e+01
1.553699999999999903e+01
1.557699999999999818e+01
1.561699999999999910e+01
1.565699900000000078e+01
1.569699999999999918e+01
1.573700000000000188e+01
1.577699999999999925e+01
1.581924400000000119e+01
1.586030000000000229e+01
1.590029999999999966e+01
1.594030000000000058e+01
1.598029999999999973e+01
1.602030000000000243e+01
1.606030000000000157e+01
1.610029999999999717e+01
1.614029999999999987e+01
1.618030000000000257e+01
1.622029900000000069e+01
1.626254400000000189e+01
1.630360000000000298e+01
1.634359999999999857e+01
1.638359600000000071e+01
1.642360000000000397e+01
1.646359999999999957e+01
1.650359999999999516e+01
1.654360000000000142e+01
1.658360000000000056e+01
1.662359999999999971e+01
1.666359999999999886e+01
1.670360000000000511e+01
1.674591200000000057e+01
1.678699999999999548e+01
1.682699999999999818e+01
1.686700000000000088e+01
1.690699899999999900e+01
1.694699999999999918e+01
1.698700000000000188e+01
1.702700000000000102e+01
1.706699999999999662e+01
1.710700000000000287e+01
1.714700000000000202e+01
1.718924399999999864e+01
1.723029999999999973e+01
1.727030000000000243e+01
1.731030000000000157e+01
1.735029999999999717e+01
1.739029999999999987e+01
1.743030000000000257e+01
1.747029999999999816e+01
1.751029999999999731e+01
1.755030000000000356e+01
1.759029999999999916e+01
1.763029999999999475e+01
1.767254400000000203e+01
1.771359999999999957e+01
1.775359999999999516e+01
1.779360000000000142e+01
1.783359900000000309e+01
1.787359900000000223e+01
1.791359999999999886e+01
1.795360000000000511e+01
1.799360000000000070e+01
1.803359999999999630e+01
1.807359999999999900e+01
1.811360000000000170e+01
1.815584400000000187e+01
1.819690000000000296e+01
1.823690000000000211e+01
1.827690000000000126e+01
1.831690000000000040e+01
1.835689999999999600e+01
1.839690299999999823e+01
1.843689900000000037e+01
1.847690300000000363e+01
1.851689999999999969e+01
1.855689999999999884e+01
1.859921200000000141e+01
1.864029999999999987e+01
1.868030000000000257e+01
1.872029999999999816e+01
1.876030000000000086e+01
1.880029899999999898e+01
1.884029999999999916e+01
1.888029899999999728e+01
1.892029999999999745e+01
1.896030000000000015e+01
1.900029999999999930e+01
1.904030000000000200e+01
1.908254399999999862e+01
1.912359999999999971e+01
1.916359999999999886e+01
1.920360000000000156e+01
1.924360000000000070e+01
1.928359999999999630e+01
1.932359999999999900e+01
1.936359999999999815e+01
1.940360000000000085e+01
1.944359999999999999e+01
1.948359999999999914e+01
1.952584399999999931e+01
1.956690000000000040e+01
1.960689999999999600e+01
1.964690000000000225e+01
1.968689999999999785e+01
1.972690000000000055e+01
1.976689999999999969e+01
1.980689900000000137e+01
1.984689999999999799e+01
1.988689700000000116e+01
1.992690000000000339e+01
1.996689999999999898e+01
2.000921200000000510e+01
2.005023200000000116e+01
2.009019999999999939e+01
2.013020000000000209e+01
2.017020000000000124e+01
2.021020000000000039e+01
2.025019999999999953e+01
2.029020000000000223e+01
2.033020000000000138e+01
2.037020000000000053e+01
2.041019999999999968e+01
2.045019999999999882e+01
2.049251199999999784e+01
2.053359999999999630e+01
2.057359999999999900e+01
2.061359999999999815e+01
2.065360000000000085e+01
2.069359999999999999e+01
2.073359999999999914e+01
2.077360000000000184e+01
2.081359999999999744e+01
2.085360000000000014e+01
2.089360000000000284e+01
2.093584399999999945e+01
2.097690000000000055e+01
2.101689999999999969e+01
2.105689999999999884e+01
2.109689999999999799e+01
2.113690000000000069e+01
2.117690000000000339e+01
2.121689999999999898e+01
2.125690000000000168e+01
2.129690000000000083e+01
2.133689999999999998e+01
2.137689999999999557e+01
2.141914400000000285e+01
2.146020000000000039e+01
2.150019999999999953e+01
2.154019699999999560e+01
2.158020000000000138e+01
2.162019999999999698e+01
2.166019999999999968e+01
2.170020000000000238e+01
2.174020000000000152e+01
2.178019999999999712e+01
2.182019999999999982e+01
2.186020000000000252e+01
2.190251200000000154e+01
2.194359999999999999e+01
2.198360000000000269e+01
2.202360000000000184e+01
2.206359999999999744e+01
2.210360000000000014e+01
2.214360000000000284e+01
2.218359999999999843e+01
2.222359899999999655e+01
2.226353199999999788e+01
2.230349999999999966e+01
2.234581200000000223e+01
2.238690000000000069e+01
2.242690000000000339e+01
2.246689999999999543e+01
2.250690000000000168e+01
2.254690000000000438e+01
2.258689999999999998e+01
2.262689999999999557e+01
2.266689999999999827e+01
2.270690000000000097e+01
2.274689999999999657e+01
2.278690000000000282e+01
2.282914399999999944e+01
2.287019899999999950e+01
2.291019999999999968e+01
2.295020000000000238e+01
2.299020000000000152e+01
2.303019999999999712e+01
2.307019999999999982e+01
2.311020000000000252e+01
2.315019999999999811e+01
2.319019999999999726e+01
2.323019999999999996e+01
2.327244400000000013e+01
2.331350000000000122e+01
2.335350000000000392e+01
2.339350000000000307e+01
2.343349999999999866e+01
2.347350000000000136e+01
2.351350000000000406e+01
2.355349900000000218e+01
2.359349999999999881e+01
2.363350000000000151e+01
2.367350000000000065e+01
2.371349999999999625e+01
2.375581200000000592e+01
2.379690000000000438e+01
2.383689999999999998e+01
2.387689999999999557e+01
2.391689999999999827e+01
2.395690000000000097e+01
2.399689999999999657e+01
2.403690000000000282e+01
2.407690000000000197e+01
2.411690000000000111e+01
2.415690000000000026e+01
2.419690500000000100e+01
2.423914399999999603e+01
2.428019999999999712e+01
2.432020300000000290e+01
2.436020000000000252e+01
2.440019999999999811e+01
2.444019999999999726e+01
2.448019999999999996e+01
2.452020000000000266e+01
2.456019999999999825e+01
2.460019899999999993e+01
2.464020000000000366e+01
2.468244400000000027e+01
2.472350000000000136e+01
2.476350000000000406e+01
2.480349999999999966e+01
2.484349999999999881e+01
2.488350000000000151e+01
2.492350000000000065e+01
2.496349999999999625e+01
2.500349900000000147e+01
2.504350499999999613e+01
2.508349900000000332e+01
2.512349999999999639e+01
2.516574400000000367e+01
2.520680000000000121e+01
2.524680000000000035e+01
2.528680000000000305e+01
2.532680000000000220e+01
2.536679999999999779e+01
2.540680000000000049e+01
2.544680000000000319e+01
2.548680000000000234e+01
2.552679999999999794e+01
2.556680000000000064e+01
2.560911199999999965e+01
2.565020000000000167e+01
2.569019999999999726e+01
2.573019999999999996e+01
2.577020000000000266e+01
2.581019999999999825e+01
2.585020000000000095e+01
2.589020000000000366e+01
2.593019999999999925e+01
2.597019999999999484e+01
2.601020000000000465e+01
2.605020000000000024e+01
2.609244400000000041e+01
2.613350000000000151e+01
2.617350000000000065e+01
2.621349999999999980e+01
2.625349999999999895e+01
2.629350000000000165e+01
2.633350000000000080e+01
2.637349999999999639e+01
2.641349999999999909e+01
2.645350000000000179e+01
2.649347922222221996e+01
2.653350000000000009e+01
2.657574400000000026e+01
2.661680000000000135e+01
2.665679999999999694e+01
2.669680000000000319e+01
2.673680000000000234e+01
2.677679600000000093e+01
2.681679999999999708e+01
2.685680000000000334e+01
2.689679999999999893e+01
2.693679999999999808e+01
2.697680000000000078e+01
2.701904400000000095e+01
2.706009999999999494e+01
2.710010000000000474e+01
2.714010299999999987e+01
2.718009999999999948e+01
2.722009999999999863e+01
2.726010000000000133e+01
2.730010000000000048e+01
2.734009999999999962e+01
2.738010000000000232e+01
2.742010000000000147e+01
2.746009899999999959e+01
2.750241200000000319e+01
2.754350000000000165e+01
2.758350000000000080e+01
2.762349999999999639e+01
2.766349999999999909e+01
2.770350000000000179e+01
2.774350000000000094e+01
2.778350000000000009e+01
2.782350000000000279e+01
2.786350000000000193e+01
2.790349999999999753e+01
2.794350000000000023e+01
2.798574399999999684e+01
2.802679999999999794e+01
2.806679899999999961e+01
2.810680000000000334e+01
2.814679999999999893e+01
2.818679999999999808e+01
2.822680000000000078e+01
2.826680000000000348e+01
2.830679999999999907e+01
2.834680000000000177e+01
2.838680000000000447e+01
2.842904399999999754e+01
2.847010300000000171e+01
2.851009999999999778e+01
2.855010000000000048e+01
2.859009999999999962e+01
2.863010000000000232e+01
2.867009999999999792e+01
2.871009999999999707e+01
2.875009999999999977e+01
2.879010000000000247e+01
2.883009999999999806e+01
2.887009999999999721e+01
2.891241199999999978e+01
2.895343200000000294e+01
2.899340000000000117e+01
2.903339500000000228e+01
2.907339999999999947e+01
2.911339999999999861e+01
2.915339999999999421e+01
2.919340000000000401e+01
2.923339999999999961e+01
2.927340500000000034e+01
2.931341099999999855e+01
2.935573266666666825e+01
2.939679999999999893e+01
2.943679999999999808e+01
2.947680000000000078e+01
2.951680000000000348e+01
2.955680000000000263e+01
2.959680100000000280e+01
2.963681399999999755e+01
2.967680700000000371e+01
2.971679999999999566e+01
2.975680799999999593e+01
2.979680300000000415e+01
2.983904700000000076e+01
2.988010000000000232e+01
2.992009999999999792e+01
2.996009999999999707e+01
3.000009999999999977e+01
3.004010000000000247e+01
3.008009999999999806e+01
3.012009999999999721e+01
3.016009999999999991e+01
3.020010000000000261e+01
3.024010000000000176e+01
3.028009999999999735e+01
3.032234400000000107e+01
3.036339999999999861e+01
3.040339999999999421e+01
3.044339699999999738e+01
3.048339900000000213e+01
3.052339999999999876e+01
3.056340000000000146e+01
3.060340000000000416e+01
3.064339999999999975e+01
3.068339999999999890e+01
3.072340000000000160e+01
3.076571200000000061e+01
3.080680000000000263e+01
3.084680800000000289e+01
3.088680000000000092e+01
3.092680000000000007e+01
3.096679999999999566e+01
3.100673199999999952e+01
3.104670000000000130e+01
3.108670000000000044e+01
3.112670000000000314e+01
3.116669999999999874e+01
3.120670000000000499e+01
3.124901200000000046e+01
3.129010300000000200e+01
3.133011600000000030e+01
3.137009899999999973e+01
3.141009999999999991e+01
3.145010000000000261e+01
3.149010000000000176e+01
3.153009999999999735e+01
3.157010000000000005e+01
3.161010000000000275e+01
3.165010000000000190e+01
3.169010000000000460e+01
3.173234399999999766e+01
3.177339999999999876e+01
3.181340000000000146e+01
3.185340800000000172e+01
3.189339999999999975e+01
3.193340299999999843e+01
3.197340000000000160e+01
3.201340000000000430e+01
3.205339899999999886e+01
3.209340000000000259e+01
3.213340000000000174e+01
3.217564400000000546e+01
3.221669999999999590e+01
3.225669999999999504e+01
3.229670000000000130e+01
3.233670000000000044e+01
3.237672200000000089e+01
3.241670799999999986e+01
3.245670299999999742e+01
3.249670000000000414e+01
3.253670000000000329e+01
3.257669899999999785e+01
3.261670000000000158e+01
3.265901199999999704e+01
3.270009899999999448e+01
3.274010000000000531e+01
3.278009999999999735e+01
3.282009899999999902e+01
3.286009900000000528e+01
3.290010000000000190e+01
3.294010000000000105e+01
3.298010000000000019e+01
3.302010800000000046e+01
3.306010000000000559e+01
3.310234400000000221e+01
3.314339999999999975e+01
3.318339999999999890e+01
3.322339999999999804e+01
3.326340000000000430e+01
3.330340800000000456e+01
3.334340000000000259e+01
3.338340000000000174e+01
3.342340000000000089e+01
3.346340000000000714e+01
3.350340000000000629e+01
3.354339999999999833e+01
3.358564400000000205e+01
3.362669999999999959e+01
3.366670000000000584e+01
3.370669999999999078e+01
3.374670000000000414e+01
3.378670000000000329e+01
3.382669999999999533e+01
3.386670000000000158e+01
3.390670000000000073e+01
3.394669999999999277e+01
3.398669900000000155e+01
3.402669999999999817e+01
3.406894400000000189e+01
3.410999999999999943e+01
3.415000499999999306e+01
3.419000000000000483e+01
3.422999999999999687e+01
3.427000000000000313e+01
3.431000000000000227e+01
3.434999999999999432e+01
3.438998799999999534e+01
3.442999999999999972e+01
3.446999999999999886e+01
3.451231200000000143e+01
3.455339999999999634e+01
3.459340000000000259e+01
3.463340000000000174e+01
3.467339899999999631e+01
3.471340000000000714e+01
3.475340000000000629e+01
3.479339999999999833e+01
3.483340000000000458e+01
3.487339999999999662e+01
3.491339700000000335e+01
3.495340000000000202e+01
3.499564399999999864e+01
3.503670000000000329e+01
3.507669999999999533e+01
3.511670000000000158e+01
3.515670000000000073e+01
3.519669999999999277e+01
3.523670300000000566e+01
3.527669999999999817e+01
3.531669899999999984e+01
3.535670000000000357e+01
3.539669699999999608e+01
3.543894400000000644e+01
3.547999999999999687e+01
3.552000000000000313e+01
3.555999700000000274e+01
3.559999999999999432e+01
3.563999900000000309e+01
3.567999999999999972e+01
3.571999999999999886e+01
3.576000000000000512e+01
3.579999999999999005e+01
3.584000000000000341e+01
3.588000000000000256e+01
3.592224400000000628e+01
3.596329999999999671e+01
3.600329400000000390e+01
3.604330000000000211e+01
3.608330000000000126e+01
3.612330000000000041e+01
3.616329999999999956e+01
3.620329999999999870e+01
3.624330000000000496e+01
3.628330000000000410e+01
3.632329999999999615e+01
3.636330000000000240e+01
3.640561199999999786e+01
3.644669999999999277e+01
3.648669999999999902e+01
3.652669999999999817e+01
3.656669999999999732e+01
3.660671099999999001e+01
3.664669999999999561e+01
3.668670000000000186e+01
3.672670000000000101e+01
3.676670000000000016e+01
3.680670000000000641e+01
3.684894399999999592e+01
3.689000000000000057e+01
3.692999999999999972e+01
3.696999999999999886e+01
3.701000500000000670e+01
3.704999999999999005e+01
3.709000799999999742e+01
3.713000300000000209e+01
3.717000300000000124e+01
3.721000000000000085e+01
3.725000000000000711e+01
3.728999999999999915e+01
3.733224399999999576e+01
3.737330000000000041e+01
3.741329999999999956e+01
3.745329999999999870e+01
3.749330000000000496e+01
3.753330300000000364e+01
3.757329999999999615e+01
3.761330000000000240e+01
3.765329999999999444e+01
3.769329999999999359e+01
3.773329999999999984e+01
3.777329999999999899e+01
3.781561200000000156e+01
3.785670000000000357e+01
3.789669999999999561e+01
3.793670000000000186e+01
3.797663200000000927e+01
3.801660000000000394e+01
3.805659999999999599e+01
3.809659999999999513e+01
3.813660000000000139e+01
3.817660000000000053e+01
3.821659999999999968e+01
3.825891200000000225e+01
3.830000299999999669e+01
3.834000299999999584e+01
3.838000300000000209e+01
3.841999999999999460e+01
3.846000000000000085e+01
3.850000000000000711e+01
3.854000299999999157e+01
3.858000300000000493e+01
3.862000300000000408e+01
3.866000799999999771e+01
3.870000799999999685e+01
3.874224999999999852e+01
3.878330300000000364e+01
3.882329999999999615e+01
3.886330300000000193e+01
3.890330300000000108e+01
3.894329999999999359e+01
3.898330300000000648e+01
3.902329999999999899e+01
3.906329999999999814e+01
3.910330000000000439e+01
3.914330000000000354e+01
3.918554699999999968e+01
3.922659999999999769e+01
3.926660000000000394e+01
3.930660300000000262e+01
3.934660299999999467e+01
3.938660300000000092e+01
3.942660000000000053e+01
3.946659999999999968e+01
3.950660000000000593e+01
3.954660299999999751e+01
3.958660000000000423e+01
3.962660500000000496e+01
3.966891499999999837e+01
3.971000000000000085e+01
3.975000300000000664e+01
3.979000299999999157e+01
3.983000000000000540e+01
3.987000300000000408e+01
3.990999999999999659e+01
3.994993200000000400e+01
3.998990000000000578e+01
4.002990000000000492e+01
4.006989999999999696e+01
4.010990000000000322e+01
4.015221199999999868e+01
4.019329999999999359e+01
4.023329999999999984e+01
4.027329999999999899e+01
4.031330299999999056e+01
4.035330300000000392e+01
4.039330299999999596e+01
4.043330299999999511e+01
4.047330300000000136e+01
4.051329999999999387e+01
4.055330299999999966e+01
4.059554399999999674e+01
4.063660000000000139e+01
4.067660000000000053e+01
4.071659999999999968e+01
4.075660000000000593e+01
4.079659999999999798e+01
4.083660000000000423e+01
4.087660000000000338e+01
4.091659999999999542e+01
4.095660300000000120e+01
4.099660300000000035e+01
4.103659999999999286e+01
4.107884399999999658e+01
4.111990000000000123e+01
4.115990000000000748e+01
4.119989999999999242e+01
4.123990000000000578e+01
4.127990300000000445e+01
4.131989999999999696e+01
4.135990300000000275e+01
4.139990300000000900e+01
4.143989999999999441e+01
4.147990500000000225e+01
4.152221199999999612e+01
4.156330499999999972e+01
4.160330000000000439e+01
4.164330000000000354e+01
4.168330000000000268e+01
4.172330000000000894e+01
4.176330300000000051e+01
4.180330499999999461e+01
4.184330300000000591e+01
4.188329999999999842e+01
4.192330300000000420e+01
4.196323199999999787e+01
4.200551200000000307e+01
4.204659999999999798e+01
4.208660000000000423e+01
4.212660000000000338e+01
4.216659999999999542e+01
4.220660000000000167e+01
4.224660300000000035e+01
4.228660299999999950e+01
4.232659999999999911e+01
4.236660300000000490e+01
4.240659999999999741e+01
4.244660000000000366e+01
4.248884400000000028e+01
4.252990000000000492e+01
4.256989999999999696e+01
4.260990000000000322e+01
4.264989999999999526e+01
4.268989999999999441e+01
4.272990300000000730e+01
4.276989999999999981e+01
4.280990299999999138e+01
4.284989999999999810e+01
4.288989999999999725e+01
4.293214400000000808e+01
4.297319999999999141e+01
4.301320000000000476e+01
4.305319999999999681e+01
4.309320299999999548e+01
4.313320000000000221e+01
4.317320000000000135e+01
4.321320299999999293e+01
4.325320500000000123e+01
4.329319999999999169e+01
4.333320299999999747e+01
4.337320000000000420e+01
4.341551200000000676e+01
4.345660000000000167e+01
4.349660500000000241e+01
4.353659999999999286e+01
4.357660300000000575e+01
4.361660300000000490e+01
4.365660299999998983e+01
4.369660300000000319e+01
4.373660000000000281e+01
4.377660299999999438e+01
4.381660000000000821e+01
4.385660499999999473e+01
4.389884700000000350e+01
4.393989999999999441e+01
4.397990300000000730e+01
4.401990300000000644e+01
4.405990299999999138e+01
4.409990500000000679e+01
4.413989999999999725e+01
4.417990000000000350e+01
4.421990000000000265e+01
4.425989999999999469e+01
4.429990000000000094e+01
4.434214399999999046e+01
4.438320300000000174e+01
4.442320000000000135e+01
4.446320000000000050e+01
4.450320500000000123e+01
4.454320299999999833e+01
4.458320000000000505e+01
4.462320000000000420e+01
4.466319999999999624e+01
4.470320000000000249e+01
4.474319999999999453e+01
4.478319999999999368e+01
4.482544700000000404e+01
4.486650000000000205e+01
4.490650000000000119e+01
4.494650299999999987e+01
4.498650299999999902e+01
4.502650000000000574e+01
4.506650299999999731e+01
4.510650000000000404e+01
4.514649999999999608e+01
4.518649999999999523e+01
4.522650500000000306e+01
4.526881199999999694e+01
4.530989999999999895e+01
4.534990300000000474e+01
4.538990500000000594e+01
4.542990299999999593e+01
4.546990000000000265e+01
4.550989999999999469e+01
4.554990000000000094e+01
4.558990500000000168e+01
4.562989999999999213e+01
