-1.534666666666666679e-01
-1.539444444444444393e-01
-1.538444444444444226e-01
-1.537777777777777910e-01
-1.536333333333333440e-01
-1.535777777777777853e-01
-1.535888888888888859e-01
-1.534888888888888969e-01
-1.534222222222222376e-01
-1.534666666666666679e-01
-1.535555555555555562e-01
-1.533666666666666512e-01
-1.539666666666666683e-01
-1.535444444444444556e-01
-1.537111111111111039e-01
-1.536888888888888749e-01
-1.536000000000000143e-01
-1.536222222222222156e-01
-1.536111111111111149e-01
-1.535555555555555562e-01
-1.532444444444444609e-01
-1.535111111111111259e-01
-1.533111111111111202e-01
-1.538555555555555232e-01
-1.532888888888888912e-01
-1.536555555555555452e-01
-1.534666666666666957e-01
-1.537333333333333329e-01
-1.535555555555555562e-01
-1.535555555555555562e-01
-1.534888888888888969e-01
-1.535444444444444279e-01
-1.535000000000000253e-01
-1.535111111111111259e-01
-1.533777777777777795e-01
-1.533333333333333492e-01
-1.536888888888888749e-01
-1.537222222222222046e-01
-1.537888888888888639e-01
-1.535555555555555562e-01
-1.536555555555555452e-01
-1.536111111111111149e-01
-1.535888888888888859e-01
-1.533666666666666789e-01
-1.534444444444444389e-01
-1.534111111111111092e-01
-1.533888888888889079e-01
-1.539999999999999980e-01
-1.536555555555555452e-01
-1.537444444444444336e-01
-1.534666666666666957e-01
-1.535888888888888859e-01
-1.535777777777777853e-01
-1.537000000000000033e-01
-1.534000000000000086e-01
-1.535777777777777575e-01
-1.532444444444444331e-01
-1.533444444444444499e-01
-1.533666666666666789e-01
-1.534333333333333382e-01
-1.537222222222222323e-01
-1.537333333333333329e-01
-1.536444444444444446e-01
-1.535666666666666846e-01
-1.536111111111111149e-01
-1.535444444444444556e-01
-1.535888888888888859e-01
-1.532888888888888912e-01
-1.532888888888889189e-01
-1.532888888888889189e-01
-1.536555555555555452e-01
-1.536888888888888749e-01
-1.537000000000000033e-01
-1.537444444444444336e-01
-1.536222222222222156e-01
-1.536777777777777743e-01
-1.536555555555555452e-01
-1.536888888888888749e-01
-1.534777777777777685e-01
-1.532888888888888912e-01
-1.531666666666666732e-01
-1.539222222222222103e-01
-1.532000000000000028e-01
-1.536555555555555452e-01
-1.536888888888888749e-01
-1.537444444444444336e-01
-1.536111111111111149e-01
-1.535333333333333550e-01
-1.537222222222222046e-01
-1.533444444444444499e-01
-1.535666666666666846e-01
-1.533555555555555783e-01
-1.534000000000000086e-01
-1.532555555555555893e-01
-1.538333333333333219e-01
-1.535777777777777853e-01
-1.536555555555555452e-01
-1.535888888888888859e-01
-1.535666666666666846e-01
-1.535777777777777853e-01
-1.536333333333333440e-01
-1.534222222222222376e-01
-1.534333333333333382e-01
-1.534777777777777685e-01
-1.533222222222222209e-01
-1.537666666666666904e-01
-1.535333333333333550e-01
-1.538666666666666516e-01
-1.535888888888888859e-01
-1.536333333333333440e-01
-1.535000000000000253e-01
-1.535111111111110982e-01
-1.534333333333333382e-01
-1.535000000000000253e-01
-1.535111111111111259e-01
-1.534333333333333382e-01
-1.534333333333333382e-01
-1.532333333333333325e-01
-1.537555555555555620e-01
-1.537000000000000033e-01
-1.537777777777777632e-01
-1.535666666666666846e-01
-1.536111111111111149e-01
-1.534666666666666957e-01
-1.534888888888888969e-01
-1.533555555555555783e-01
-1.533777777777777518e-01
-1.533111111111111202e-01
-1.532999999999999918e-01
-1.538888888888888529e-01
-1.531666666666666732e-01
-1.536333333333333440e-01
-1.534444444444444389e-01
-1.535444444444444556e-01
-1.534000000000000086e-01
-1.535444444444444556e-01
-1.532777777777777628e-01
-1.533666666666666789e-01
-1.533444444444444221e-01
-1.534111111111111370e-01
-1.532888888888889189e-01
-1.532222222222222319e-01
-1.537999999999999923e-01
-1.535222222222222266e-01
-1.536000000000000143e-01
-1.535111111111110982e-01
-1.535111111111111259e-01
-1.533888888888889079e-01
-1.534222222222222376e-01
-1.533111111111110925e-01
-1.533888888888889079e-01
-1.533444444444444499e-01
-1.535444444444444556e-01
-1.537666666666666626e-01
-1.537111111111111039e-01
-1.535333333333333272e-01
-1.536333333333333440e-01
-1.536777777777777743e-01
-1.533000000000000196e-01
-1.534000000000000086e-01
-1.533777777777777795e-01
-1.534888888888888969e-01
-1.532111111111111035e-01
-1.538222222222221935e-01
-1.531666666666666732e-01
-1.537444444444444336e-01
-1.536777777777777743e-01
-1.535444444444444556e-01
-1.536888888888888749e-01
-1.535777777777777575e-01
-1.535222222222222266e-01
-1.534333333333333382e-01
-1.533888888888889079e-01
-1.532999999999999918e-01
-1.536555555555555452e-01
-1.528666666666666785e-01
-1.532777777777777628e-01
-1.529555555555555668e-01
-1.526444444444444437e-01
-1.521444444444444433e-01
-1.515888888888888841e-01
-1.508777777777777773e-01
-1.500777777777777822e-01
-1.491666666666666696e-01
-1.481444444444444397e-01
-1.469444444444444609e-01
-1.457888888888888568e-01
-1.454777777777777892e-01
-1.446999999999999675e-01
-1.440777777777777768e-01
-1.436555555555555364e-01
-1.435444444444444467e-01
-1.436666666666666647e-01
-1.445222222222222186e-01
-1.450222222222222190e-01
-1.455000000000000182e-01
-1.462111111111110973e-01
-1.468444444444444441e-01
-1.481999999999999984e-01
-1.485555555555555518e-01
-1.497111111111111004e-01
-1.505111111111111233e-01
-1.516111111111111132e-01
-1.522777777777777619e-01
-1.533222222222222486e-01
-1.544444444444444675e-01
-1.550888888888888872e-01
-1.549111111111111105e-01
-1.541222222222222160e-01
-1.530000000000000249e-01
-1.520111111111110969e-01
-1.513666666666666494e-01
-1.501555555555555421e-01
-1.492666666666666586e-01
-1.481111111111111101e-01
-1.471888888888888691e-01
-1.461222222222222089e-01
-1.454111111111111299e-01
-1.445444444444444476e-01
-1.436666666666666647e-01
-1.436000000000000054e-01
-1.434555555555555584e-01
-1.438222222222222402e-01
-1.436666666666666925e-01
-1.439333333333333576e-01
-1.441999999999999948e-01
-1.447888888888888836e-01
-1.451222222222222358e-01
-1.457333333333333258e-01
-1.463666666666666449e-01
-1.472555555555555840e-01
-1.480000000000000204e-01
-1.492888888888889154e-01
-1.497555555555555307e-01
-1.510777777777777553e-01
-1.519999999999999962e-01
-1.528555555555555501e-01
-1.539666666666666683e-01
-1.545999999999999874e-01
-1.547555555555555629e-01
-1.540666666666666851e-01
-1.534111111111111370e-01
-1.524666666666666670e-01
-1.521000000000000130e-01
-1.505111111111111233e-01
-1.499888888888888661e-01
-1.487666666666666582e-01
-1.477999999999999869e-01
-1.466666666666666397e-01
-1.456888888888888678e-01
-1.447777777777777830e-01
-1.439888888888888885e-01
-1.430888888888889043e-01
-1.424444444444444569e-01
-1.423111111111111104e-01
-1.419111111111111267e-01
-1.425777777777777755e-01
-1.422888888888888814e-01
-1.427222222222222503e-01
-1.431000000000000050e-01
-1.441777777777777658e-01
-1.447444444444444533e-01
-1.458888888888888735e-01
-1.468555555555555725e-01
-1.477444444444444283e-01
-1.489777777777777645e-01
-1.498777777777777764e-01
-1.511777777777777998e-01
-1.513888888888889062e-01
-1.523999999999999799e-01
-1.525777777777777844e-01
-1.527999999999999914e-01
-1.527555555555555611e-01
-1.525444444444444547e-01
-1.521222222222222142e-01
-1.519555555555555382e-01
-1.514222222222222358e-01
-1.509222222222222354e-01
-1.505999999999999839e-01
-1.499999999999999944e-01
-1.499999999999999944e-01
-1.496111111111111114e-01
-1.492333333333333290e-01
-1.486333333333333395e-01
-1.481444444444444397e-01
-1.475666666666666793e-01
-1.474111111111111039e-01
-1.471222222222222098e-01
-1.471111111111111092e-01
-1.471888888888889246e-01
-1.474222222222222323e-01
-1.481444444444444397e-01
-1.480888888888888810e-01
-1.488555555555555743e-01
-1.491111111111111109e-01
-1.494222222222222340e-01
-1.496444444444444410e-01
-1.501000000000000112e-01
-1.501000000000000112e-01
-1.505333333333333246e-01
-1.502555555555555311e-01
-1.499777777777777654e-01
-1.499888888888888661e-01
-1.488666666666666472e-01
-1.486222222222222389e-01
-1.474888888888888916e-01
-1.463555555555555443e-01
-1.450111111111111184e-01
-1.436000000000000054e-01
-1.421111111111111047e-01
-1.409111111111110981e-01
-1.397888888888888792e-01
-1.390111111111111131e-01
-1.386888888888888893e-01
-1.385333333333333139e-01
-1.385111111111111126e-01
-1.391111111111111298e-01
-1.395444444444444154e-01
-1.396555555555555606e-01
-1.407444444444444498e-01
-1.406555555555555614e-01
-1.419444444444444287e-01
-1.426222222222222058e-01
-1.439000000000000279e-01
-1.449000000000000010e-01
-1.465999999999999803e-01
-1.478111111111110876e-01
-1.494111111111111057e-01
-1.504888888888888943e-01
-1.510666666666666824e-01
-1.510333333333333250e-01
-1.504000000000000059e-01
-1.498888888888888493e-01
-1.492888888888888876e-01
-1.486444444444444679e-01
-1.480333333333333501e-01
-1.481000000000000094e-01
-1.475000000000000200e-01
-1.470000000000000195e-01
-1.462777777777777843e-01
-1.458333333333333426e-01
-1.446999999999999953e-01
-1.436333333333333351e-01
-1.424888888888888872e-01
-1.415888888888888753e-01
-1.405777777777777737e-01
-1.392555555555555491e-01
-1.392555555555555769e-01
-1.377777777777777768e-01
-1.378666666666666929e-01
-1.380000000000000115e-01
-1.389444444444444537e-01
-1.397777777777777786e-01
-1.402666666666666506e-01
-1.407999999999999807e-01
-1.415222222222222159e-01
-1.416888888888888642e-01
-1.422222222222222221e-01
-1.430111111111111166e-01
-1.438333333333333408e-01
-1.451888888888888951e-01
-1.461888888888888682e-01
-1.472555555555555562e-01
-1.484666666666666357e-01
-1.498666666666666758e-01
-1.502555555555555311e-01
-1.502444444444444305e-01
-1.494000000000000328e-01
-1.486444444444444679e-01
-1.476888888888888696e-01
-1.469111111111111312e-01
-1.466333333333333377e-01
-1.459888888888888903e-01
-1.454222222222222305e-01
-1.447777777777777830e-01
-1.442777777777777548e-01
-1.436555555555555641e-01
-1.430222222222222450e-01
-1.421111111111111047e-01
-1.413222222222222380e-01
-1.399444444444444546e-01
-1.387444444444444203e-01
-1.382999999999999785e-01
-1.377666666666666762e-01
-1.367999999999999772e-01
-1.371444444444444299e-01
-1.378111111111111065e-01
-1.387555555555555487e-01
-1.399444444444444546e-01
-1.409333333333333271e-01
-1.420222222222222164e-01
-1.426777777777777922e-01
-1.444777777777777883e-01
-1.447777777777777830e-01
-1.460888888888888792e-01
-1.468555555555555725e-01
-1.476999999999999980e-01
-1.487222222222222279e-01
-1.496555555555555417e-01
-1.507555555555555593e-01
-1.510333333333333528e-01
-1.507000000000000006e-01
-1.495666666666666811e-01
-1.482333333333333281e-01
-1.468333333333333157e-01
-1.460111111111111193e-01
-1.442555555555555535e-01
-1.425222222222222168e-01
-1.406444444444444608e-01
-1.387444444444444480e-01
-1.372888888888889047e-01
-1.361444444444444291e-01
-1.357111111111111157e-01
-1.361111111111111271e-01
-1.358222222222222331e-01
-1.354777777777777803e-01
-1.364999999999999825e-01
-1.372000000000000164e-01
-1.382777777777777772e-01
-1.392000000000000182e-01
-1.403222222222222093e-01
-1.413777777777777689e-01
-1.427666666666666528e-01
-1.440666666666666762e-01
-1.447888888888888836e-01
-1.445111111111111457e-01
-1.433111111111111391e-01
-1.420222222222222164e-01
-1.404333333333333267e-01
-1.392222222222222472e-01
-1.371111111111111003e-01
-1.353000000000000036e-01
-1.332888888888889012e-01
-1.321777777777777829e-01
-1.317444444444444418e-01
-1.325777777777777944e-01
-1.348333333333333606e-01
-1.364333333333333231e-01
-1.372777777777777763e-01
-1.391888888888888898e-01
-1.414111111111110985e-01
-1.430333333333333456e-01
-1.447777777777777830e-01
-1.455111111111111188e-01
-1.452999999999999847e-01
-1.445222222222222186e-01
-1.436888888888888660e-01
-1.420777777777777751e-01
-1.403999999999999970e-01
-1.386555555555555597e-01
-1.368666666666666643e-01
-1.361888888888888871e-01
-1.357222222222222163e-01
-1.361555555555555297e-01
-1.375222222222222124e-01
-1.386888888888888616e-01
-1.398555555555555385e-01
-1.411000000000000032e-01
-1.423777777777777698e-01
-1.439666666666666872e-01
-1.449222222222222578e-01
-1.460888888888888792e-01
-1.458222222222222142e-01
-1.454666666666666885e-01
-1.444333333333333025e-01
-1.430666666666666753e-01
-1.414111111111110985e-01
-1.393888888888888955e-01
-1.374222222222222234e-01
-1.355333333333333390e-01
-1.349222222222222212e-01
-1.357111111111111157e-01
-1.379888888888888832e-01
-1.390000000000000124e-01
-1.415000000000000147e-01
-1.432000000000000217e-01
-1.447999999999999843e-01
-1.462222222222221979e-01
-1.469111111111111312e-01
-1.464000000000000024e-01
-1.450555555555555765e-01
-1.434333333333333294e-01
-1.411000000000000032e-01
-1.392888888888889065e-01
-1.367888888888888765e-01
-1.342111111111111144e-01
-1.317777777777777715e-01
-1.304888888888888765e-01
-1.301111111111110941e-01
-1.308666666666666589e-01
-1.327222222222222414e-01
-1.335666666666666669e-01
-1.356222222222221996e-01
-1.377444444444444471e-01
-1.395222222222222141e-01
-1.411000000000000032e-01
-1.433111111111111391e-01
-1.438333333333333408e-01
-1.439555555555555311e-01
-1.429666666666666586e-01
-1.415000000000000147e-01
-1.399555555555555553e-01
-1.384444444444444533e-01
-1.366555555555555301e-01
-1.350111111111111095e-01
-1.334000000000000186e-01
-1.320000000000000062e-01
-1.312666666666666704e-01
-1.301444444444444515e-01
-1.303222222222222004e-01
-1.304222222222222449e-01
-1.310888888888888937e-01
-1.317555555555555424e-01
-1.332111111111110857e-01
-1.340111111111111086e-01
-1.353444444444444339e-01
-1.360444444444444401e-01
-1.369000000000000217e-01
-1.376111111111111007e-01
-1.384333333333333249e-01
-1.384222222222222243e-01
-1.385555555555555429e-01
-1.387555555555555487e-01
-1.383555555555555372e-01
-1.379666666666666819e-01
-1.374555555555555530e-01
-1.368333333333333623e-01
-1.358555555555555350e-01
-1.350000000000000089e-01
-1.338666666666666893e-01
-1.332444444444444431e-01
-1.326888888888889118e-01
-1.325111111111111351e-01
-1.327666666666666717e-01
-1.333555555555555605e-01
-1.339888888888888796e-01
-1.345777777777777684e-01
-1.350555555555555676e-01
-1.359111111111111214e-01
-1.365888888888888708e-01
-1.366444444444444573e-01
-1.382666666666666488e-01
-1.383555555555555372e-01
-1.385222222222222410e-01
-1.387222222222222190e-01
-1.383777777777777940e-01
-1.380555555555555425e-01
-1.375333333333333408e-01
-1.369999999999999829e-01
-1.361999999999999877e-01
-1.352444444444444449e-01
-1.339777777777777790e-01
-1.331888888888889122e-01
-1.322333333333333139e-01
-1.318555555555555592e-01
-1.317666666666666708e-01
-1.324999999999999789e-01
-1.333000000000000018e-01
-1.344111111111111201e-01
-1.354666666666666519e-01
-1.367444444444444462e-01
-1.379666666666666819e-01
-1.394666666666666832e-01
-1.406111111111111034e-01
-1.407333333333333492e-01
-1.418999999999999984e-01
-1.417111111111111210e-01
-1.408333333333333104e-01
-1.394888888888888845e-01
-1.377888888888888774e-01
-1.358555555555555350e-01
-1.335888888888888681e-01
-1.312000000000000111e-01
-1.289222222222222436e-01
-1.273000000000000242e-01
-1.263888888888889117e-01
-1.270444444444444321e-01
-1.279333333333333433e-01
-1.294222222222222163e-01
-1.312333333333333407e-01
-1.332888888888889012e-01
-1.351555555555555566e-01
-1.372666666666666757e-01
-1.390333333333333421e-01
-1.400888888888888739e-01
-1.397666666666666779e-01
-1.382222222222222185e-01
-1.370333333333333403e-01
-1.356777777777777860e-01
-1.342555555555555447e-01
-1.324444444444444757e-01
-1.307111111111111112e-01
-1.288333333333333552e-01
-1.271222222222222475e-01
-1.260555555555555596e-01
-1.257666666666666655e-01
-1.263777777777777833e-01
-1.280555555555555336e-01
-1.293111111111110989e-01
-1.317777777777777715e-01
-1.338888888888888629e-01
-1.356444444444444564e-01
-1.374111111111111228e-01
-1.389555555555555544e-01
-1.400444444444444436e-01
-1.390555555555555711e-01
-1.372111111111110893e-01
-1.357222222222222163e-01
-1.342666666666666453e-01
-1.317888888888888999e-01
-1.304888888888888765e-01
-1.287888888888888972e-01
-1.274666666666666726e-01
-1.262555555555555376e-01
-1.257333333333333358e-01
-1.258444444444444255e-01
-1.264444444444444426e-01
-1.273666666666666836e-01
-1.287111111111111095e-01
-1.308333333333333293e-01
-1.321555555555555539e-01
-1.343666666666666620e-01
-1.357111111111111157e-01
-1.383999999999999952e-01
-1.389444444444444537e-01
-1.395555555555555438e-01
-1.391777777777777614e-01
-1.382555555555555482e-01
-1.370222222222222397e-01
-1.356888888888888589e-01
-1.344555555555555781e-01
-1.329444444444444484e-01
-1.318666666666666598e-01
-1.305222222222222339e-01
-1.294000000000000150e-01
-1.281333333333333213e-01
-1.277000000000000079e-01
-1.275777777777777899e-01
-1.282444444444444387e-01
-1.291444444444444506e-01
-1.300111111111111051e-01
-1.310777777777777653e-01
-1.322333333333333139e-01
-1.336888888888888849e-01
-1.345888888888888968e-01
-1.356333333333333280e-01
-1.363333333333333064e-01
-1.371111111111111003e-01
-1.375444444444444414e-01
-1.380111111111111122e-01
-1.379555555555555535e-01
-1.379333333333333522e-01
-1.376444444444444304e-01
-1.372555555555555751e-01
-1.372000000000000164e-01
-1.365333333333333399e-01
-1.355999999999999983e-01
-1.345999999999999697e-01
-1.335222222222222088e-01
-1.326666666666666550e-01
-1.321555555555555261e-01
-1.316111111111110954e-01
-1.318555555555555592e-01
-1.320444444444444365e-01
-1.329777777777777503e-01
-1.330555555555555935e-01
-1.342111111111111144e-01
-1.348444444444444612e-01
-1.356444444444444286e-01
-1.363999999999999935e-01
-1.371333333333333293e-01
-1.378000000000000058e-01
-1.383888888888888946e-01
-1.387444444444444480e-01
-1.390555555555555711e-01
-1.393888888888888955e-01
-1.385555555555555429e-01
-1.386222222222222022e-01
-1.376000000000000001e-01
-1.367444444444444462e-01
-1.355777777777777693e-01
-1.343444444444444330e-01
-1.329222222222222471e-01
-1.315111111111111064e-01
-1.299888888888888760e-01
-1.282666666666666677e-01
-1.270111111111111024e-01
-1.256222222222222185e-01
-1.252777777777777934e-01
-1.249444444444444552e-01
-1.250666666666666871e-01
-1.253222222222222237e-01
-1.259333333333333138e-01
-1.264444444444444426e-01
-1.271777777777777785e-01
-1.278111111111111253e-01
-1.286666666666666514e-01
-1.296000000000000207e-01
-1.303444444444444572e-01
-1.316555555555555534e-01
-1.330222222222222361e-01
-1.341111111111110976e-01
-1.348333333333333328e-01
-1.364222222222221947e-01
-1.370555555555555693e-01
-1.366333333333333011e-01
-1.351444444444444282e-01
-1.327111111111111130e-01
-1.311777777777777820e-01
-1.298333333333333284e-01
-1.287999999999999978e-01
-1.274000000000000132e-01
-1.260111111111111293e-01
-1.247555555555555640e-01
-1.237555555555555492e-01
-1.227222222222222325e-01
-1.218222222222222068e-01
-1.210111111111111248e-01
-1.203000000000000042e-01
-1.198777777777778053e-01
-1.193666666666666487e-01
-1.194000000000000061e-01
-1.201222222222222413e-01
-1.208222222222222197e-01
-1.214888888888888824e-01
-1.224777777777777549e-01
-1.235222222222222138e-01
-1.245777777777777734e-01
-1.255111111111111288e-01
-1.265333333333333032e-01
-1.272222222222222365e-01
-1.286777777777777798e-01
-1.294333333333333447e-01
-1.305444444444444352e-01
-1.315999999999999948e-01
-1.327777777777777724e-01
-1.334666666666666779e-01
-1.335444444444444378e-01
-1.333000000000000296e-01
-1.323888888888888615e-01
-1.321222222222221965e-01
-1.314666666666666761e-01
-1.307222222222222396e-01
-1.308444444444444577e-01
-1.303666666666666585e-01
-1.300222222222222335e-01
-1.295444444444444343e-01
-1.291444444444444506e-01
-1.286333333333332940e-01
-1.282444444444444387e-01
-1.275888888888888628e-01
-1.267222222222222638e-01
-1.258444444444444255e-01
-1.248999999999999833e-01
-1.236888888888888899e-01
-1.230666666666666853e-01
-1.219777777777777961e-01
-1.212222222222222173e-01
-1.206444444444444569e-01
-1.206444444444444569e-01
-1.210333333333333261e-01
-1.216111111111111143e-01
-1.222666666666666485e-01
-1.232999999999999929e-01
-1.240777777777777868e-01
-1.250000000000000000e-01
-1.262999999999999678e-01
-1.270555555555555882e-01
-1.280111111111111033e-01
-1.287888888888888972e-01
-1.297555555555555407e-01
-1.306222222222222229e-01
-1.317333333333333412e-01
-1.327222222222222414e-01
-1.332666666666666722e-01
-1.329777777777777781e-01
-1.322333333333333139e-01
-1.311666666666666814e-01
-1.303666666666666307e-01
-1.293888888888888866e-01
-1.282222222222222097e-01
-1.270666666666666889e-01
-1.259777777777777996e-01
-1.248999999999999833e-01
-1.237444444444444347e-01
-1.230222222222222134e-01
-1.220111111111110980e-01
-1.211555555555555580e-01
-1.205777777777777698e-01
-1.205222222222221973e-01
-1.206777777777777866e-01
-1.209999999999999964e-01
-1.215555555555555695e-01
-1.223333333333333356e-01
-1.230888888888889005e-01
-1.237666666666666498e-01
-1.248444444444444384e-01
-1.259000000000000119e-01
-1.275333333333333319e-01
-1.283111111111110980e-01
-1.302666666666666417e-01
-1.317111111111111121e-01
-1.327222222222222414e-01
-1.324444444444444480e-01
-1.318888888888888888e-01
-1.309666666666666757e-01
-1.292888888888888976e-01
-1.278777777777777847e-01
-1.264444444444444426e-01
-1.253888888888888831e-01
-1.236444444444444457e-01
-1.226888888888889029e-01
-1.215555555555555695e-01
-1.206222222222222418e-01
-1.199333333333333501e-01
-1.198555555555555485e-01
-1.202888888888888896e-01
-1.209666666666666668e-01
-1.219222222222222096e-01
-1.230444444444444424e-01
-1.242222222222222061e-01
-1.255888888888888610e-01
-1.276444444444444493e-01
-1.292666666666666686e-01
-1.305000000000000049e-01
-1.316888888888888831e-01
-1.307333333333333403e-01
-1.301444444444444515e-01
-1.296222222222222220e-01
-1.286888888888888804e-01
-1.273111111111111249e-01
-1.260111111111111015e-01
-1.245111111111111141e-01
-1.232555555555555488e-01
-1.216888888888888881e-01
-1.209444444444444516e-01
-1.206222222222222140e-01
-1.211888888888888877e-01
-1.222111111111111176e-01
-1.238555555555555521e-01
-1.254333333333333411e-01
-1.277222222222222092e-01
-1.299333333333333451e-01
-1.327777777777777724e-01
-1.345222222222222375e-01
-1.345111111111111091e-01
-1.340000000000000080e-01
-1.329888888888889065e-01
-1.318000000000000282e-01
-1.303555555555555301e-01
-1.286777777777777798e-01
-1.269444444444444431e-01
-1.252111111111111064e-01
-1.234888888888888842e-01
-1.226555555555555455e-01
-1.219666666666666816e-01
-1.215777777777777846e-01
-1.218333333333333351e-01
-1.221333333333333299e-01
-1.227444444444444477e-01
-1.236222222222222306e-01
-1.246333333333333460e-01
-1.255444444444444585e-01
-1.269111111111111134e-01
-1.279444444444444440e-01
-1.297444444444444400e-01
-1.304777777777777759e-01
-1.318111111111111011e-01
-1.317000000000000115e-01
-1.311444444444444246e-01
-1.305222222222222339e-01
-1.298888888888888871e-01
-1.291333333333333222e-01
-1.283222222222222264e-01
-1.275666666666666893e-01
-1.267333333333333367e-01
-1.266111111111111187e-01
-1.257555555555555371e-01
-1.255888888888888888e-01
-1.252777777777777657e-01
-1.250666666666666871e-01
-1.247666666666666646e-01
-1.248666666666666536e-01
-1.249111111111110978e-01
-1.249666666666666703e-01
-1.253111111111110954e-01
-1.254888888888888721e-01
-1.262333333333333085e-01
-1.260222222222222299e-01
-1.267444444444444374e-01
-1.270333333333333314e-01
-1.273666666666666836e-01
-1.277888888888888685e-01
-1.280999999999999917e-01
-1.283333333333333548e-01
-1.286555555555555785e-01
-1.288555555555555565e-01
-1.291777777777777803e-01
-1.293555555555555570e-01
-1.296111111111111214e-01
-1.301222222222222225e-01
-1.300555555555555354e-01
-1.301777777777777811e-01
-1.301777777777777811e-01
-1.302555555555555411e-01
-1.300111111111111051e-01
-1.300333333333333341e-01
-1.298333333333333284e-01
-1.297666666666666690e-01
-1.296555555555555517e-01
-1.295999999999999930e-01
-1.299555555555555464e-01
-1.298000000000000265e-01
-1.297555555555555407e-01
-1.295666666666666633e-01
-1.296888888888888813e-01
-1.294222222222222163e-01
-1.296000000000000207e-01
-1.294000000000000150e-01
-1.295777777777777640e-01
-1.294111111111111156e-01
-1.297555555555555407e-01
-1.296888888888888813e-01
-1.297666666666666690e-01
-1.297222222222222110e-01
-1.296888888888888813e-01
-1.297777777777777697e-01
-1.296666666666666801e-01
-1.295999999999999930e-01
-1.295333333333333337e-01
-1.294777777777777750e-01
-1.293777777777777860e-01
-1.298888888888888871e-01
-1.296888888888888813e-01
-1.297444444444444400e-01
-1.296444444444444510e-01
-1.296555555555555239e-01
-1.297333333333333394e-01
-1.297111111111111104e-01
-1.296111111111111214e-01
-1.296444444444444233e-01
-1.297666666666666690e-01
-1.295888888888888923e-01
-1.300444444444444347e-01
-1.299111111111111161e-01
-1.299111111111111161e-01
-1.300333333333333341e-01
-1.300222222222222057e-01
-1.297999999999999987e-01
-1.299777777777777754e-01
-1.298888888888888871e-01
-1.297555555555555407e-01
-1.297555555555555407e-01
-1.299000000000000155e-01
-1.301666666666666528e-01
-1.300777777777777644e-01
-1.300333333333333341e-01
-1.298555555555555574e-01
-1.298333333333333561e-01
-1.297111111111111104e-01
-1.297666666666666690e-01
-1.295999999999999930e-01
-1.297333333333333394e-01
-1.295888888888888923e-01
-1.295999999999999930e-01
-1.295000000000000040e-01
-1.299555555555555464e-01
-1.298888888888888871e-01
-1.299222222222222167e-01
-1.299444444444444458e-01
-1.298666666666666858e-01
-1.298666666666666858e-01
-1.297777777777777697e-01
-1.297444444444444400e-01
-1.297555555555555407e-01
-1.297666666666666690e-01
-1.295666666666666911e-01
-1.300111111111111051e-01
-1.299888888888888760e-01
-1.299888888888888760e-01
-1.299444444444444458e-01
-1.298666666666666858e-01
-1.299555555555555464e-01
-1.298111111111110993e-01
-1.298222222222222277e-01
-1.297000000000000097e-01
-1.300000000000000044e-01
-1.299111111111111161e-01
-1.300888888888888650e-01
-1.297444444444444400e-01
-1.299000000000000155e-01
-1.299222222222222167e-01
-1.297888888888888703e-01
-1.297555555555555407e-01
-1.298111111111110993e-01
-1.298666666666666858e-01
-1.297111111111111104e-01
-1.297222222222222110e-01
-1.296444444444444510e-01
-1.300000000000000044e-01
-1.298444444444444568e-01
-1.299666666666666748e-01
-1.299555555555555464e-01
-1.300444444444444347e-01
-1.298777777777777864e-01
-1.298888888888888871e-01
-1.297555555555555407e-01
-1.299222222222222167e-01
-1.296888888888888813e-01
-1.296333333333333226e-01
-1.300555555555555354e-01
-1.294777777777777750e-01
-1.298666666666666858e-01
-1.298555555555555296e-01
-1.299333333333333451e-01
-1.297666666666666690e-01
-1.297999999999999987e-01
-1.297444444444444400e-01
-1.296222222222221943e-01
-1.297222222222222110e-01
-1.297666666666666690e-01
-1.300777777777777922e-01
-1.299444444444444458e-01
-1.300999999999999934e-01
-1.299000000000000155e-01
-1.299000000000000155e-01
-1.297888888888888981e-01
-1.299222222222222167e-01
-1.297222222222222110e-01
-1.297999999999999987e-01
-1.297000000000000097e-01
-1.300222222222222057e-01
-1.296000000000000207e-01
-1.299000000000000155e-01
-1.299888888888888760e-01
-1.299444444444444458e-01
-1.298777777777777864e-01
-1.297999999999999987e-01
-1.299444444444444458e-01
-1.298333333333333284e-01
-1.297555555555555407e-01
-1.296888888888888813e-01
-1.300111111111111051e-01
-1.295444444444444343e-01
-1.300222222222222057e-01
-1.298888888888888871e-01
-1.298555555555555574e-01
-1.299888888888888760e-01
-1.299555555555555464e-01
-1.299000000000000155e-01
-1.297555555555555407e-01
-1.297666666666666690e-01
-1.296666666666666801e-01
-1.299888888888888760e-01
-1.299111111111111161e-01
-1.300777777777777644e-01
-1.299444444444444458e-01
-1.298777777777777864e-01
-1.297888888888888703e-01
-1.299222222222222167e-01
-1.297555555555555407e-01
-1.297777777777777697e-01
-1.298222222222222000e-01
-1.297555555555555407e-01
-1.297333333333333394e-01
-1.295666666666666633e-01
-1.300111111111111051e-01
-1.299111111111111161e-01
-1.299333333333333451e-01
-1.299000000000000155e-01
-1.299111111111111161e-01
-1.297222222222222110e-01
-1.297222222222222110e-01
-1.297222222222222110e-01
-1.298000000000000265e-01
-1.296333333333333226e-01
-1.295999999999999930e-01
-1.299555555555555464e-01
-1.299555555555555464e-01
-1.300000000000000044e-01
-1.298111111111111271e-01
-1.299222222222222167e-01
-1.297444444444444400e-01
-1.298333333333333561e-01
-1.296222222222222220e-01
-1.297777777777777697e-01
-1.296444444444444510e-01
-1.300777777777777644e-01
-1.299555555555555464e-01
-1.299222222222222167e-01
-1.299777777777777754e-01
-1.298222222222222277e-01
-1.298444444444444568e-01
-1.298333333333333561e-01
-1.298111111111110993e-01
-1.297444444444444400e-01
-1.296888888888888813e-01
-1.295999999999999930e-01
-1.300444444444444347e-01
-1.299555555555555464e-01
-1.299666666666666748e-01
-1.298555555555555296e-01
-1.297666666666666690e-01
-1.297888888888888703e-01
-1.298777777777777864e-01
-1.297111111111111104e-01
-1.296888888888888813e-01
-1.297999999999999987e-01
-1.296000000000000207e-01
-1.300666666666666638e-01
-1.299000000000000155e-01
-1.300333333333333341e-01
-1.297777777777777697e-01
-1.298666666666666580e-01
-1.297999999999999987e-01
-1.298888888888888871e-01
-1.298555555555555574e-01
-1.297999999999999987e-01
-1.297999999999999987e-01
-1.296888888888888536e-01
-1.300777777777777922e-01
-1.299111111111111161e-01
-1.298888888888888871e-01
-1.298000000000000265e-01
