6.433259209581709825e-05
-4.409411869027712871e-04
-3.684371881235992685e-04
-3.292665226777846676e-04
-2.123180794541545957e-04
-1.842585251194128748e-04
-2.228656374513582339e-04
-1.503616386721862153e-04
-1.111909732263438588e-04
-1.831314188915911245e-04
-2.995163090012964435e-04
-1.400048352167559962e-04
-7.679565826578249599e-04
-3.732303616564569548e-04
-5.673930295439222338e-04
-5.726668085425101751e-04
-5.112739208744665476e-04
-5.609921443175125422e-04
-5.773770344272288746e-04
-5.493174800924871537e-04
-2.657023702022087708e-04
-5.598650380896907919e-04
-3.891871556804815668e-04
-9.615699050764536793e-04
-4.223992396306663899e-04
-8.165619075181373976e-04
-6.551690198501047835e-04
-9.493316877375590490e-04
-7.990499111805993149e-04
-8.265459124014440384e-04
-7.873752469556016820e-04
-8.704268037319495832e-04
-8.534783605083640090e-04
-8.920854728403093681e-04
-7.880741807199664883e-04
-7.715681176048982959e-04
-1.154619674381240912e-03
-1.215449008935387543e-03
-1.309611676822863835e-03
-1.103774344710373168e-03
-1.231270345931206878e-03
-1.214321902707593548e-03
-1.219595681706181489e-03
-1.024869460704791457e-03
-1.130143239703396141e-03
-1.124305907590883447e-03
-1.131461100473019066e-03
-1.770523959025188665e-03
-1.453575515801552864e-03
-1.569960405911258183e-03
-1.319678629354337218e-03
-1.469396852797372199e-03
-1.485781742907088532e-03
-1.635499966350123513e-03
-1.362995967570945766e-03
-1.568269746569539436e-03
-1.262377116943463884e-03
-1.391741089558334865e-03
-1.441915059221643425e-03
-1.536077727109119717e-03
-1.852462617218830765e-03
-1.891069729550748368e-03
-1.829676841882704741e-03
-1.779395065325761749e-03
-1.851335510991009015e-03
-1.812164845545166658e-03
-1.884105291210413924e-03
-1.611601292431263932e-03
-1.639097293652108656e-03
-1.668419411242905159e-03
-2.063024382861100570e-03
-2.123853717415247200e-03
-2.162460829747192559e-03
-2.234401275412467580e-03
-2.139675054411066535e-03
-2.222726611187442192e-03
-2.228000390186030133e-03
-2.288829724740176763e-03
-2.105214614849915122e-03
-1.943821727181854753e-03
-1.850921622550433243e-03
-2.634415483057539475e-03
-1.939689262056148999e-03
-2.422740818832508358e-03
-2.483570153386654988e-03
-2.566621710163058401e-03
-2.460784378050556720e-03
-2.410502601493613728e-03
-2.626887491603280278e-03
-2.276605715046370326e-03
-2.526323938489422050e-03
-2.342708828599132653e-03
-2.416530688147927597e-03
-2.300037991144560090e-03
-2.905311770143109706e-03
-2.677252215808417768e-03
-2.782525994806994696e-03
-2.743355329361152339e-03
-2.748629108359768036e-03
-2.787236220691685640e-03
-2.870287777468089052e-03
-2.686672667577799656e-03
-2.725279779909717259e-03
-2.797220225574964525e-03
-2.670986787610213353e-03
-3.143369537006251990e-03
-2.937532204893733567e-03
-3.298361539447874913e-03
-3.048079762890926192e-03
-3.120020208556201213e-03
-3.014182876443699532e-03
-3.052789988775617136e-03
-3.002508212218674144e-03
-3.096670880106178192e-03
-3.135277992438095795e-03
-3.086822332251104584e-03
-3.114760637202673710e-03
-2.942256638423484949e-03
-3.491974861866559143e-03
-3.463915307531817422e-03
-3.569189086530394350e-03
-3.385573976640132710e-03
-3.457514422305379975e-03
-3.340565979081805414e-03
-3.390284202524823653e-03
-3.284446870412321973e-03
-3.334165093855312456e-03
-3.296820544779477391e-03
-3.313647738619918126e-03
-3.930032628729623889e-03
-3.235306407728261169e-03
-3.729469075615748919e-03
-3.568076187947660793e-03
-3.695572189168494504e-03
-3.578623745944892187e-03
-3.750564191610156195e-03
-3.511393526164280354e-03
-3.627778416274013429e-03
-3.633052195272601370e-03
-3.729096277043653096e-03
-3.634825802262514616e-03
-3.595655136816644504e-03
-4.200928915815221876e-03
-3.950647139258273155e-03
-4.055920918256877838e-03
-3.994528030588806455e-03
-4.022024031809651179e-03
-3.927297810808250134e-03
-3.988127145362396764e-03
-3.904512035472096354e-03
-4.011611854462915350e-03
-3.995105791347791646e-03
-4.222601792568642098e-03
-4.472320016011666066e-03
-4.444260461676924345e-03
-4.293978685119964611e-03
-4.421474686340826077e-03
-4.493415132006073343e-03
-4.143133355449135635e-03
-4.270629356669941590e-03
-4.275903135668557287e-03
-4.414510248000491632e-03
-4.166054511435701713e-03
-4.805104003876153884e-03
-4.177044449541450488e-03
-4.782318228540027860e-03
-4.743147563094185504e-03
-4.637310230981711578e-03
-4.809250676646947831e-03
-4.725635566756647421e-03
-4.697576012421933456e-03
-4.636183124753862073e-03
-4.619234681530276498e-03
-4.559667833854363916e-03
-4.943161770739279426e-03
-4.181768883071229626e-03
-4.620375995403130931e-03
-4.325649774401751912e-03
-4.042034664511473530e-03
-3.569530665732290053e-03
-3.041471111397547888e-03
-2.357856001507258048e-03
-1.585352002728079857e-03
-7.017368928378120430e-04
2.929893281636009039e-04
1.463611913059215119e-03
2.591215721173767417e-03
2.874830831064018044e-03
3.625112607621022720e-03
4.219838828622368698e-03
4.614565049623792214e-03
4.698180159514064869e-03
4.548462623471055677e-03
3.665410379294659071e-03
3.137914378073813904e-03
2.632640599075197763e-03
1.894033486743301742e-03
1.231378112196951369e-03
-1.521158246879650289e-04
-5.351673814643354010e-04
-1.718218938240700933e-03
-2.545714939461568571e-03
-3.673210940682375414e-03
-4.367373608569841137e-03
-5.439314054235144802e-03
-6.589030215478103303e-03
-7.260972723343445123e-03
-7.110690946786485389e-03
-6.351124099110594390e-03
-5.256840258217765349e-03
-4.295447370549654309e-03
-3.678498927326023793e-03
-2.494883817435761264e-03
-1.633490929767694722e-03
-5.054313754329631259e-04
3.892948455684608344e-04
1.428465511014276323e-03
2.112080620904538408e-03
2.951251286350403680e-03
3.801533062907369587e-03
3.838877688361025386e-03
3.955383751476110321e-03
3.561221083588611558e-03
3.689280637923314510e-03
3.395117970035832489e-03
3.100955302148378223e-03
2.484570412038672460e-03
2.123741077484503359e-03
1.485133965152568569e-03
8.243046305984325084e-04
-9.208025951132348119e-05
-8.659021190601245976e-04
-2.182742067990045554e-03
-2.676905423277503582e-03
-4.026623646720572935e-03
-4.976341870163630832e-03
-5.859393426940001648e-03
-6.998000539271936882e-03
-7.658829873826072943e-03
-7.841881430602493097e-03
-7.180488542934432283e-03
-6.552428988599701132e-03
-5.635480545376048145e-03
-5.298135919922425385e-03
-3.737185412362870052e-03
-3.242459191361457549e-03
-2.047732970360066629e-03
-1.108562304914212371e-03
-2.724972801682046253e-06
9.475568037552728473e-04
1.831171913645512905e-03
2.592564801313590461e-03
3.465068800092757639e-03
4.082017243316388155e-03
4.187855950228969171e-03
4.558532534215870013e-03
3.863927486219859153e-03
4.125320373887936265e-03
3.664491039333750422e-03
3.259217260335178779e-03
2.153943481336600962e-03
1.559780813449068715e-03
3.878403677838315744e-04
-6.063216127036585856e-04
-1.522707190213357098e-03
-2.783534462567432977e-03
-3.712912794205186495e-03
-5.040865687312962029e-03
-5.279417425753551996e-03
-6.318066469487321202e-03
-6.523353690975425279e-03
-6.773016540527115881e-03
-6.756054731191812879e-03
-6.572439621301523482e-03
-6.177713400300099966e-03
-6.038542734854240868e-03
-5.532705402741755485e-03
-5.060201403962599764e-03
-4.767356596844685157e-03
-4.195308344285775259e-03
-4.222804345506592227e-03
-3.861411457838526129e-03
-3.511129681281560666e-03
-2.938625682502415959e-03
-2.477232794834333118e-03
-1.926951018277389682e-03
-1.798891463942631219e-03
-1.537498576274554107e-03
-1.553883466384298195e-03
-1.659157245382930634e-03
-1.921812696307034773e-03
-2.671973223480811344e-03
-2.643912981746043833e-03
-3.438076337033579843e-03
-3.721127893809933473e-03
-4.059735006141901303e-03
-4.309452542184899482e-03
-4.792504786361312386e-03
-4.820000787582129353e-03
-5.280830122136287441e-03
-5.030544908579154262e-03
-4.782092685392341780e-03
-4.821142101455011542e-03
-3.726415880453609608e-03
-3.509467437230018305e-03
-2.403630105117487981e-03
-1.297792773004985412e-03
1.915567021862352171e-05
1.402770780108919535e-03
2.864163667777003264e-03
4.036667666556192913e-03
5.131393887557567091e-03
5.881675664114516255e-03
6.174520471232375352e-03
6.302124279346899005e-03
6.296850500348283308e-03
5.669354499127449154e-03
5.208525164573318822e-03
5.069918052241356721e-03
3.953533162131650514e-03
4.014926049799721897e-03
2.698541159690009961e-03
1.993267380691415847e-03
6.879936016927767906e-04
-3.413285158979928458e-04
-2.069266820849541277e-03
-3.307873933181465498e-03
-4.935369934402300540e-03
-6.040643713400933867e-03
-6.645917492399538995e-03
-6.640080160286998545e-03
-6.034242828174496420e-03
-5.550627718284184553e-03
-4.978123719505039846e-03
-4.361175276281437085e-03
-3.777560166391136232e-03
-3.873548950648592060e-03
-3.301487255600171755e-03
-2.828983256820988279e-03
-2.134256348419544258e-03
-1.717308592595973016e-03
-6.114712604834426912e-04
4.276994049624005534e-04
1.544647848186031514e-03
2.417151846965198692e-03
3.400766956855483247e-03
4.695493865256916699e-03
4.667997864036071975e-03
6.116452836823049743e-03
5.999625642982564511e-03
5.838796308428428894e-03
4.866855862763141971e-03
4.006026528209000181e-03
3.489642325499336950e-03
2.928812303545164086e-03
2.179094080102084163e-03
1.984931412214618884e-03
1.424102077660444055e-03
6.077171875507325627e-04
-2.438824497758562693e-04
-1.627389752772462339e-03
-2.654885753993280195e-03
-3.749048421880785131e-03
-4.987655534212681596e-03
-6.415151535433538665e-03
-6.831536425543210944e-03
-6.847921315652955032e-03
-6.030972872429374299e-03
-5.302913318094626405e-03
-4.374853763759845027e-03
-3.624571987202923617e-03
-3.376116327015926677e-03
-2.759610187523048319e-03
-2.220439522077233274e-03
-1.603491078853602758e-03
-1.130987080074391526e-03
-5.362608590730177927e-04
6.957647303945657669e-05
9.531915829297799014e-04
1.714585157997855491e-03
3.064866247154796053e-03
4.237370245934013457e-03
4.654318689157610489e-03
5.158329904900144092e-03
6.097058266615246191e-03
5.725117820949976455e-03
5.030955153062482976e-03
4.059014707397223809e-03
2.842629817287473104e-03
1.826244927177783639e-03
7.098600370680774319e-04
2.680848029168458879e-05
-1.800687520929128427e-03
-2.128182834749914321e-03
-3.468616750851860608e-03
-4.263221722470122987e-03
-5.135162168135365413e-03
-6.184879016778360716e-03
-7.145709726132543071e-03
-8.273205727353377670e-03
-8.578479506352015838e-03
-8.272642174239480672e-03
-7.166804842126978103e-03
-5.860967510014442050e-03
-4.488463511235274428e-03
-3.693737290233894965e-03
-1.967559149782666106e-03
-2.621775638904089156e-04
1.588104212666530124e-03
3.460608211445725946e-03
4.888668453180478046e-03
6.005616209004083217e-03
6.411453541116579613e-03
5.983957539895751188e-03
6.245350427563828299e-03
6.562298870787436345e-03
5.512580647344417217e-03
4.783258529753586785e-03
3.677542447024256811e-03
2.727824223581198915e-03
1.578106000138190801e-03
4.950544433618142559e-04
-9.213304467479144222e-04
-2.248826447968754749e-03
-2.998544671411779161e-03
-2.748262894854858196e-03
-1.575758896075696303e-03
-3.143660084075905470e-04
1.247026879260482168e-03
2.428815949158558141e-03
4.511988678940342945e-03
6.295603788830622660e-03
8.279218898720908104e-03
9.362834696011235192e-03
9.768672028123731588e-03
8.907842006169536253e-03
6.624790449393153091e-03
4.997294448172345804e-03
4.125354002507075624e-03
2.186746890175145230e-03
-6.297133326788051377e-05
-1.714515596703131139e-03
-3.486898422476930604e-03
-4.247727757031083407e-03
-4.064112647140766255e-03
-3.313830870583844845e-03
-2.507993538471309236e-03
-9.243777411810094602e-04
7.259040353759516062e-04
2.442852478599571997e-03
4.204244678867596896e-03
4.854526455424557074e-03
5.291815706986863210e-03
4.830530626212498069e-03
3.436367958324998417e-03
2.242205290437504495e-03
1.048042622550010572e-03
-2.238971357152452768e-04
-1.529171602113854611e-03
-3.145555804823563228e-03
-4.128608049000004332e-03
-5.322770716887442743e-03
-5.083600051441594658e-03
-4.755540497106885978e-03
-3.751529204986531196e-03
-2.412800919649238374e-03
-7.847413653144785783e-04
1.209984855686879746e-03
3.149155521132734892e-03
5.010548408800802322e-03
5.594163518691103176e-03
4.777778628581363929e-03
2.472504849582779496e-03
1.433897737250833249e-03
-1.093598263969985940e-03
-2.822920305183024281e-03
-4.450858686512321194e-03
-5.900576909955379534e-03
-6.616961800065129795e-03
-6.133346690174817928e-03
-4.816398246951208995e-03
-3.221672025949778861e-03
-9.158340064372438860e-04
8.677804160529822841e-04
3.340285789632246871e-03
5.890566191389140505e-03
8.296403523501666433e-03
9.555914997286196755e-03
9.905796401514260774e-03
9.122758210849596372e-03
7.239706654073169156e-03
6.367766208407926731e-03
4.284714651631577054e-03
2.134996428188484785e-03
3.297226491899007961e-04
-1.275551129808705220e-03
-3.514158242140658084e-03
-4.063876465583676767e-03
-4.213594689026711748e-03
-3.254083215242176141e-03
-1.815368296016611760e-03
-2.984198527929693423e-04
1.185195257097315658e-03
2.946588144765421857e-03
4.563536587988997750e-03
6.147151697879271737e-03
7.519655696658467114e-03
8.225493028770985982e-03
9.320219249772387915e-03
9.114945470773794245e-03
8.985623429560746223e-03
8.291018381564763118e-03
7.596855713677269639e-03
6.113804156900909392e-03
5.286308155680069509e-03
3.925478821125927276e-03
3.197982819905076379e-03
2.314931263128677807e-03
1.576324150796781787e-03
7.266059273537406327e-04
7.102210372440243003e-04
5.493917026898609279e-04
3.200696614768516746e-04
6.921312801475010268e-04
1.053524167815539370e-03
1.537140652505902816e-03
2.131865498707224971e-03
3.082147275264207620e-03
3.910206829598916745e-03
5.016044161711419314e-03
5.610770382712848559e-03
6.138829937047562968e-03
6.289111713604494946e-03
6.006060156828141317e-03
5.387793852834887876e-03
4.726508772060517005e-03
4.110123881950811242e-03
3.604850102952195101e-03
2.721798546175796529e-03
2.016524767177230171e-03
1.933473210400826758e-03
2.837549869578182005e-04
1.673707842481386709e-04
-2.673719714807454295e-05
-2.542198322571798119e-04
6.084719708288055529e-05
3.551176718640802754e-04
8.498438928654650226e-04
1.355681224978005917e-03
2.128185223757156352e-03
3.056244778091882219e-03
4.295415443537731193e-03
5.056808331205780993e-03
5.984867885540534616e-03
6.335149662097472323e-03
6.396542549765543706e-03
5.635713215211418659e-03
4.806391173998392219e-03
3.667342368957937637e-03
2.584290124781563058e-03
1.279016345782924002e-03
2.929812233987139081e-05
-1.498197878880946909e-03
-2.670138324546184050e-03
-2.819856547989246787e-03
-4.014019215876740709e-03
-3.852626328208680340e-03
-3.002344551651686677e-03
-1.687222148420264300e-03
-1.516052974961934474e-05
1.890676802362906139e-03
4.129847467808756001e-03
6.491240355476768364e-03
8.741522132033718862e-03
1.033624835303512124e-02
1.121986415032544260e-02
1.053681190614905172e-02
9.620427016039323487e-03
8.104042125929633578e-03
6.265435013597692171e-03
4.180502042937767060e-03
2.285883628830059910e-03
1.472765164981237884e-04
-1.646886151389387321e-03
-2.729937708165736110e-03
-2.435211487164357091e-03
-9.182630439407146739e-04
2.431298437273188284e-04
1.571189398062056153e-03
2.965915619063480557e-03
4.749530728953732517e-03
6.455363936666069780e-03
8.303823797631004755e-03
9.986996527412778102e-03
1.102616513065854398e-02
1.128756008052669846e-02
1.064895296819476367e-02
8.943679189196196422e-03
7.660627632419786393e-03
5.166464964532296866e-03
3.027857852200388500e-03
1.244806982824003816e-03
-5.493563724635330825e-04
-2.123122858120968237e-03
-3.239950128339191826e-03
-2.278557240671164053e-03
-4.616087974474991640e-04
9.997840902205568092e-04
2.427843644555310876e-03
4.878125421112211590e-03
6.150629419891417982e-03
7.823134106070606109e-03
9.117855515271805489e-03
1.030147543696233181e-02
1.079620097056366301e-02
1.065576781823956987e-02
1.002782943691019057e-02
9.078111213467132679e-03
7.706170767801889809e-03
5.556452544358853052e-03
4.206734320915811454e-03
1.968127208583858589e-03
5.961867629185879647e-04
-2.120198127191108561e-03
-2.692138572856384027e-03
-3.330745685188318816e-03
-2.982345322514873276e-03
-2.088074847733739636e-03
-8.822375156212480807e-04
4.235998164913157282e-04
1.629437148603779528e-03
3.113052258494092284e-03
4.163334035051036164e-03
5.480282478274645097e-03
6.575008699276047031e-03
7.814179364721923760e-03
8.220016696834392400e-03
8.314742917835793445e-03
7.618754209956141166e-03
6.690815828626767159e-03
5.796653160739295707e-03
4.702490492851818527e-03
3.519438936075452995e-03
2.036387379299037237e-03
1.108891378078208367e-03
3.695093241296021347e-05
-6.905450688078351718e-04
-1.495818847806446028e-03
-1.956639551671357502e-03
-2.450810850248119621e-03
-2.424577335905564457e-03
-2.430293495012725291e-03
-2.168900607344620424e-03
-1.807507719676582081e-03
-1.779448165341868116e-03
-1.140276125095929238e-03
-2.344401677834839770e-04
7.380638309957276988e-04
1.788345607552671579e-03
2.616405161887380704e-03
3.100020271777692571e-03
3.615142675009119788e-03
3.342759849235293901e-03
3.126374959125599595e-03
2.165543562371363695e-03
2.060271845572808624e-03
8.772202887964430928e-04
2.163909542422792764e-04
-6.111050469785050954e-04
-1.394156603754886925e-03
-2.154985938309067484e-03
-2.849148606196560962e-03
-3.465532808906240936e-03
-3.850466466966184775e-03
-4.189529325518359659e-03
-4.550358660072501005e-03
-3.744521327959993151e-03
-3.838683995847469443e-03
-2.843957774846084252e-03
-2.015898220511347372e-03
-8.767275550654873850e-04
3.291097770470041706e-04
1.723835998048373064e-03
3.107451107938696833e-03
4.602177328940110224e-03
6.295077509949287276e-03
7.522694684175518232e-03
8.884088259243611008e-03
9.201036015067165508e-03
9.506873347179686795e-03
9.357155123736637936e-03
9.074103566960284306e-03
8.435496454628349516e-03
7.896889342296403713e-03
7.136060007742250910e-03
6.475230673188087094e-03
5.590353076419529721e-03
4.629079299556720928e-03
3.857140916091572613e-03
2.518533803759631651e-03
1.124371135872131999e-03
7.986245762453547670e-06
-7.417319776805986198e-04
-2.358116867790277515e-03
-3.018946202344496843e-03
-2.624219981343045571e-03
-1.162827093674989598e-03
1.243010238437508574e-03
2.746966156666474923e-03
4.063514227561210168e-03
5.069364925785413423e-03
6.441870986764686169e-03
7.803261812232648031e-03
9.031321366567396369e-03
1.000382536534656641e-02
1.100966269745906612e-02
1.188216669623827493e-02
1.266577768172835738e-02
1.334938797981842507e-02
1.374222492002480367e-02
1.422540108680678261e-02
1.416457175225258047e-02
1.341485352880952830e-02
1.268735752758873292e-02
1.199319485970125332e-02
1.097680859479148452e-02
9.904858525525792046e-03
8.821811780549596027e-03
7.860988632595711234e-03
6.811263535152406456e-03
6.094883456842864478e-03
4.610005478185408290e-03
3.826513985389468075e-03
2.687906873057560597e-03
1.604855316281184052e-03
3.995815372825894940e-04
-3.168033528271330113e-04
-4.220771318257376947e-04
-2.051286886021463918e-04
6.784864212882046886e-04
9.176570867340527737e-04
1.545716641068728414e-03
2.262665084292347917e-03
2.111120820857126379e-03
2.560960217305563447e-03
2.877908660529171492e-03
3.328191811886205276e-03
3.700695123265346220e-03
4.184309545755632298e-03
4.545702433423670641e-03
5.173761987758429548e-03
6.012932653204211553e-03
6.863214429761232971e-03
7.780162872984830447e-03
8.961896568991559175e-03
9.556167043772711978e-03
1.061755305744047084e-02
1.134561948577554602e-02
1.189590126233248946e-02
1.186840526111164473e-02
1.145207574489331970e-02
1.084681533200640424e-02
1.016376377523005303e-02
9.102934440675891636e-03
8.297660661677253024e-03
7.347942438234222884e-03
6.018565023129890390e-03
5.235055657933140871e-03
4.251993102756312926e-03
3.446733071758301126e-03
2.452569716470787142e-03
1.558407048583287935e-03
4.197999362513527011e-04
-5.965849538583645195e-04
-1.168525399523639985e-03
-9.071325118555628730e-04
-1.901840686319156148e-04
8.489865968138998742e-04
1.619664555600947020e-03
2.569503952049329021e-03
3.708674617495189008e-03
4.836727297829579442e-03
5.898127059497937363e-03
6.948406773854859386e-03
8.076468390389668350e-03
8.771194611391072704e-03
9.754810408681396927e-03
1.058286927561606638e-02
1.113315105217303758e-02
1.115938456651560662e-02
1.097589062963065520e-02
1.062617240618762837e-02
1.004312084941123839e-02
9.237847070412627537e-03
8.454777641235464158e-03
7.749514860637365943e-03
6.644245893438968653e-03
5.561196398862655599e-03
3.900367064308518650e-03
3.095093972709961339e-03
1.112041728533574858e-03
-3.617801310152601868e-04
-1.400842302167415454e-03
-1.150561213010464767e-03
-6.225016586757503578e-04
2.722252497256716364e-04
1.922507026282632703e-03
3.306121448772902927e-03
4.711958780885400211e-03
5.740018335220142820e-03
7.456959904443449805e-03
8.385026332778489078e-03
9.489037624898791212e-03
1.039443257690278455e-02
1.105582546457085924e-02
1.110610724112781611e-02
1.064527790657365802e-02
9.939997253574750502e-03
8.956952570798704105e-03
7.807234347355626602e-03
6.601960568357045922e-03
5.207797900469574026e-03
3.124746343693168837e-03
1.475028120250132524e-03
2.123727457037927202e-04
-1.004454524514447611e-03
-7.639497017974949955e-05
4.849979174883223276e-04
9.797241384897348304e-04
1.885561470602259426e-03
3.235843247159198022e-03
4.508347245938376657e-03
5.980851244717547144e-03
7.208910799052295482e-03
8.748082151898164960e-03
9.465029907721730917e-03
9.757930088730965013e-03
9.163325040734957017e-03
8.113602692891699886e-03
6.441666371626630916e-03
4.836392592628024900e-03
2.520007702518339832e-03
2.814005901863592118e-04
-2.590539855478884990e-03
-4.362475489343958790e-03
-4.378865191253855649e-03
-3.895250081363571537e-03
-2.913516385356834659e-03
-1.752579243909035966e-03
-3.356308006853547798e-04
1.314650975871578531e-03
3.020488995384124076e-03
4.726325640096618041e-03
6.421051861097995528e-03
7.226889193210517259e-03
7.888282080878564195e-03
8.249674968546616416e-03
7.966624786570328243e-03
7.639127410549437225e-03
6.998694258225315878e-03
6.092978099118170898e-03
5.054370986786238529e-03
4.115763874454309024e-03
2.721601206566837128e-03
1.660771872012661854e-03
-1.667261914082285301e-04
-9.275534637623039647e-04
-2.288382110916420409e-03
-2.204767688426173544e-03
-1.676706759291352045e-03
-1.083807953082244202e-03
-4.784130010782594589e-04
2.496465532564884349e-04
1.033263037946818841e-03
1.761321217481487400e-03
2.567159236994048799e-03
2.661884770595396299e-03
3.489944324930160935e-03
3.629114990375992278e-03
3.912730100266298416e-03
4.096345210156532302e-03
4.368849208935737805e-03
4.239527091344952314e-03
4.167144341948939013e-03
4.084095534772680391e-03
3.712152339507307497e-03
3.506878560508713827e-03
2.734938114843432633e-03
2.918553224733694273e-03
2.168835001290669862e-03
1.852450111180958814e-03
1.491620776626761957e-03
1.041902553183760016e-03
7.032954408518199418e-04
4.405846924140921494e-04
9.041072275081663001e-05
-1.370852784699783111e-04
-4.868035019130467767e-04
-6.920772809116404467e-04
-9.751377738884126067e-04
-1.513735950019939880e-03
-1.474565284574069768e-03
-1.624283508017160260e-03
-1.651779509237977228e-03
-1.757053288236554156e-03
-1.541930961382914633e-03
-1.592091488556712786e-03
-1.419587489777524025e-03
-1.380416824331681669e-03
-1.296805838841591507e-03
-1.268742160106667294e-03
-1.651800590883351072e-03
-1.523736224748439838e-03
-1.506787781524770997e-03
-1.345392831656633259e-03
-1.495111055099668240e-03
-1.255940389653820155e-03
-1.463040285022421116e-03
-1.290978589973984514e-03
-1.496252368972550428e-03
-1.357081703526746841e-03
-1.729022149191988822e-03
-1.689853545946223834e-03
-1.795125262744751149e-03
-1.778176819521137819e-03
-1.772339487408625125e-03
-1.888724377518330444e-03
-1.805109267628057790e-03
-1.765938602182187678e-03
-1.728649350619892999e-03
-1.701045542505386088e-03
-1.628541543726241825e-03
-2.167148656058159872e-03
-1.994589359765402969e-03
-2.077627474052295975e-03
-2.005123475273151712e-03
-2.043730587605041560e-03
-2.149004366603673999e-03
-2.154278145602261940e-03
-2.081774146823089922e-03
-2.144484895260756474e-03
-2.294660927124159144e-03
-2.144379150567199410e-03
-2.627430707343558769e-03
-2.521591313030979720e-03
-2.549087314251796688e-03
-2.698805537694859424e-03
-2.715192490004625370e-03
-2.520466269003235338e-03
-2.725740048001856763e-03
-2.664351972133993662e-03
-2.558514640021464226e-03
-2.587834542656625159e-03
-2.760214695208096369e-03
-3.054375300895473266e-03
-2.992984475427479252e-03
-2.976036032203893678e-03
-2.825752193446828819e-03
-2.831028034645549640e-03
-2.736299751444043471e-03
-2.819351308220419128e-03
-2.680180642774560029e-03
-2.841009977328751157e-03
-2.725890018186294395e-03
-2.764937066537742627e-03
-2.692433067758598364e-03
-3.175486686735062847e-03
-3.136316021289192735e-03
-3.197145355843367120e-03
-3.246861517086335747e-03
-3.196579740529392755e-03
-3.224075741750209723e-03
-3.162684916282215708e-03
-3.156845521969597890e-03
-3.195456758701725741e-03
-3.235943528228230059e-03
-3.063892907958110090e-03
-3.535835415823446182e-03
-3.541109194822034123e-03
-3.568603133842745967e-03
-3.551656752819237761e-03
-3.501372914062217401e-03
-3.617702506658326822e-03
-3.500740620945214099e-03
-3.539347733277187213e-03
-3.444621512275758413e-03
-3.772117513496597851e-03
-3.712606039712046391e-03
-3.918335564930874870e-03
-3.601387121707266825e-03
-3.784438678483659224e-03
-3.834158964126782587e-03
-3.728321632014253151e-03
-3.722484299901768212e-03
-3.805535856678143869e-03
-3.888587413454547281e-03
-3.760525796919711450e-03
-3.799134971451706422e-03
-3.750677249064665597e-03
-4.134171109571788127e-03
-4.006111555237057420e-03
-4.155829778680092401e-03
-4.172214668789808734e-03
-4.288599558899514053e-03
-4.149428893453682710e-03
-4.188036005785600313e-03
-4.082198673673070877e-03
-4.276363403760669035e-03
-4.070526071648150612e-03
-4.042464455113331523e-03
-4.494008794926340755e-03
-3.944169322100149477e-03
-4.360554212209877267e-03
-4.376939102319538089e-03
-4.482212881318198283e-03
-4.343044278072416553e-03
-4.403871550426485815e-03
-4.375814058291849218e-03
-4.281087837290420417e-03
-4.408581776311176759e-03
-4.480526346376634272e-03
-4.821010748191939532e-03
-4.715633286699827398e-03
-4.898680719076009549e-03
-4.726176720296848544e-03
-4.753672721517693267e-03
-4.670057611627392857e-03
-4.830889008381633598e-03
-4.658387071802522206e-03
-4.763658788601049521e-03
-4.691152727621800134e-03
-5.040873013264904334e-03
-4.646089432549876941e-03
-4.975453405164753651e-03
-5.092294041494666024e-03
-5.075345598271066572e-03
-5.036174932825238093e-03
-4.985893156268267346e-03
-5.157833601933531353e-03
-5.074220554243336068e-03
-5.023938777686365320e-03
-4.984766050040445595e-03
-5.334486335683577551e-03
-4.895313608037632491e-03
-5.400587387036234754e-03
-5.296576171293698732e-03
-5.291181142911952073e-03
-5.452010477466087690e-03
-5.446173145353588874e-03
-5.418113591018874908e-03
-5.301165147795217081e-03
-5.339774322327267564e-03
-5.267268261348004299e-03
-5.616988546991108500e-03
-5.566704708234088139e-03
-5.760867376121553418e-03
-5.656856160379031273e-03
-5.618127798663941075e-03
-5.556734910995855814e-03
-5.717564245550033064e-03
-5.578395642304265212e-03
-5.628111803547219960e-03
-5.700052249212467226e-03
-5.660883645966729993e-03
-5.666159487165450814e-03
-5.526984697319409223e-03
-5.998927205184759193e-03
-5.926421144205509806e-03
-5.978020781532089600e-03
-5.972639195639825593e-03
-6.011250432371939567e-03
-5.849853420303668949e-03
-5.877351483724577164e-03
-5.904847484945408009e-03
-6.010121263944040448e-03
-5.870950598498167472e-03
-5.865111204185563532e-03
-6.248164823162025150e-03
-6.275658762182764749e-03
-6.347603332248236141e-03
-6.188034804261166588e-03
-6.327081852612617685e-03
-6.176802138255763075e-03
-6.293187028365510027e-03
-6.109571918475178998e-03
-6.292625537451648765e-03
-6.186784080938978470e-03
-6.647613415493108802e-03
-6.552887194491707756e-03
-6.547049862379208940e-03
-6.630101419155598474e-03
-6.503867981190833425e-03
-6.554030570564722824e-03
-6.570413398474361788e-03
-6.575687177472921974e-03
-6.536520636427275988e-03
-6.508459019892443020e-03
-6.447064070024294269e-03
-6.919004515689552992e-03
-6.857611628021481609e-03
-6.896218740353440846e-03
-6.812603630463126558e-03
-6.751210742795082931e-03
-6.802757450319288357e-03
-6.919582276448565938e-03
-6.780411611002706840e-03
-6.785687452201386027e-03
-6.924294564533334251e-03
-6.751788503554095877e-03
-7.245953233641647118e-03
-7.106780505995724528e-03
-7.267609840549874023e-03
-7.039550286215126573e-03
-7.155939300725028263e-03
-7.118645924762537214e-03
-7.235486561092477342e-03
-7.229651291180069772e-03
-7.201593799045433175e-03
-7.229087738066158897e-03
-7.145470565975739485e-03
-7.561855456085508909e-03
-7.422684790639649810e-03
-7.427962694038434122e-03
-7.366565681970208002e-03
