3.954999999999999627e-01
4.354999999999999982e-01
4.755000000000000338e-01
5.154999999999999583e-01
5.554999999999999938e-01
5.955000000000000293e-01
6.354999999999999538e-01
6.754999999999999893e-01
7.155000000000000249e-01
7.555000000000000604e-01
7.955000000000000959e-01
8.382370000000000099e-01
8.789000000000001256e-01
9.189000000000001611e-01
9.588999999999998636e-01
9.989000000000000101e-01
1.038900000000000157e+00
1.078899999999999970e+00
1.118900000000000006e+00
1.158899999999999819e+00
1.198900000000000077e+00
1.238899999999999890e+00
1.281556555555555255e+00
1.322200000000000264e+00
1.362200000000000077e+00
1.402199999999999891e+00
1.442199999999999704e+00
1.482199999999999962e+00
1.522199999999999998e+00
1.562200000000000033e+00
1.602200000000000291e+00
1.642200000000000104e+00
1.682199999999999918e+00
1.722199999999999953e+00
1.764856444444444561e+00
1.805500000000000105e+00
1.845499999999999696e+00
1.885499999999999954e+00
1.925499999999999989e+00
1.965499999999999803e+00
2.005499999999999616e+00
2.045500000000000096e+00
2.085500000000000131e+00
2.125500000000000167e+00
2.165499999999999758e+00
2.205499999999999794e+00
2.248237000000000041e+00
2.288899999999999935e+00
2.328899999999999526e+00
2.368899999999999562e+00
2.408900000000000485e+00
2.448900000000000077e+00
2.488899999999999668e+00
2.528899999999999704e+00
2.568900000000000627e+00
2.608900000000000219e+00
2.648819555555555816e+00
2.691536999999999846e+00
2.732200000000000628e+00
2.772199999999999775e+00
2.812199999999999811e+00
2.852200000000000291e+00
2.892200000000000326e+00
2.932199999999999918e+00
2.972199999999999509e+00
3.012199999999999545e+00
3.052200000000000468e+00
3.092200000000000060e+00
3.132199999999999651e+00
3.174856555555555460e+00
3.215500000000000025e+00
3.255499999999999616e+00
3.295499999999999652e+00
3.335500000000000131e+00
3.375500000000000167e+00
3.415499999999999758e+00
3.455500000000000238e+00
3.495500000000000274e+00
3.535500000000000309e+00
3.575499999999999901e+00
3.618156555555556153e+00
3.658800000000000274e+00
3.698800000000000310e+00
3.738799999999999457e+00
3.778799999999999937e+00
3.818799999999999972e+00
3.858800000000000008e+00
3.898799999999999599e+00
3.938800000000000523e+00
3.978800000000000558e+00
4.018800000000000594e+00
4.058799999999999741e+00
4.101537000000000432e+00
4.142199999999998994e+00
4.182199999999999029e+00
4.222200000000000841e+00
4.262199999999999989e+00
4.302200000000000024e+00
4.342200000000000060e+00
4.382200000000000095e+00
4.422200000000000131e+00
4.462199999999999278e+00
4.502199999999999314e+00
4.542200000000000237e+00
4.584856555555554714e+00
4.625499999999999723e+00
4.665500000000000647e+00
4.705500000000000682e+00
4.745499999999999829e+00
4.785499999999999865e+00
4.825499999999999901e+00
4.865500000000000824e+00
4.905499999999999972e+00
4.945499999999999119e+00
4.985500000000000043e+00
5.028156555555555407e+00
5.068799999999999528e+00
5.108799999999999564e+00
5.148800000000000487e+00
5.188800000000000523e+00
5.228799999999999670e+00
5.268800000000000594e+00
5.308799999999999741e+00
5.348800000000000665e+00
5.388799999999999812e+00
5.428799999999998960e+00
5.468799999999999883e+00
5.511456555555555248e+00
5.552099999999999369e+00
5.592099999999999405e+00
5.632100000000000328e+00
5.672100000000000364e+00
5.712099999999999511e+00
5.752100000000000435e+00
5.792100000000000470e+00
5.832100000000000506e+00
5.872099999999999653e+00
5.912100000000000577e+00
5.952099999999999724e+00
5.994837000000000415e+00
6.035500000000000753e+00
6.075499999999999901e+00
6.115500000000000824e+00
6.155499999999999972e+00
6.195499999999999119e+00
6.235500000000000043e+00
6.275500000000000078e+00
6.315500000000000114e+00
6.355500000000000149e+00
6.395500000000000185e+00
6.438156444444445015e+00
6.478799999999998782e+00
6.518800000000000594e+00
6.558799999999999741e+00
6.598800000000000665e+00
6.638799999999999812e+00
6.678799999999998960e+00
6.718799999999999883e+00
6.758799999999999919e+00
6.798799999999999955e+00
6.838799999999999990e+00
6.878800000000000026e+00
6.921456444444444855e+00
6.962100000000000399e+00
7.002100000000000435e+00
7.042100000000000470e+00
7.082100000000000506e+00
7.122099999999999653e+00
7.162100000000001465e+00
7.202099999999999724e+00
7.242099999999999760e+00
7.282099999999999795e+00
7.322099999999999831e+00
7.364756444444444661e+00
7.405400000000000205e+00
7.445400000000000240e+00
7.485400000000000276e+00
7.525400000000000311e+00
7.565400000000000347e+00
7.605399999999999494e+00
7.645400000000001306e+00
7.685399999999999565e+00
7.725399999999999601e+00
7.765399999999999636e+00
7.805399999999999672e+00
7.848136999999998586e+00
7.888799999999999812e+00
7.928799999999999848e+00
7.968799999999999883e+00
8.008800000000000807e+00
8.048800000000001731e+00
8.088799999999999102e+00
8.128799000000000774e+00
8.168800000000000949e+00
8.208800000000000097e+00
8.248800000000001020e+00
8.288800000000000168e+00
8.331456444444444998e+00
8.372100000000001430e+00
8.412100000000000577e+00
8.452099999999999724e+00
8.492100000000000648e+00
8.532100000000001572e+00
8.572099999999998943e+00
8.612099999999999866e+00
8.652097000000001259e+00
8.692099999999999937e+00
8.732100000000000861e+00
8.774756444444445691e+00
8.815400000000000347e+00
8.855400000000001270e+00
8.895400000000000418e+00
8.935400000000001342e+00
8.975400000000000489e+00
9.015400000000001413e+00
9.055399999999998784e+00
9.095399999999999707e+00
9.135400000000000631e+00
9.175399999999999778e+00
9.215400000000000702e+00
9.258056444444443756e+00
9.298700000000000188e+00
9.338700000000001111e+00
9.378700000000000259e+00
9.418700000000001182e+00
9.458700000000000330e+00
9.498699999999999477e+00
9.538699999999998624e+00
9.578700000000001324e+00
9.618700000000002248e+00
9.658699999999999619e+00
9.701437000000000310e+00
9.742098999999999620e+00
9.782099999999999795e+00
9.822099999999998943e+00
9.862099999999999866e+00
9.902100000000002566e+00
9.942099999999999937e+00
9.982100000000000861e+00
1.002210000000000001e+01
1.006210000000000093e+01
1.010210000000000008e+01
1.014210000000000100e+01
1.018475644444444583e+01
1.022540000000000049e+01
1.026540000000000141e+01
1.030539999999999878e+01
1.034539999999999971e+01
1.038540000000000063e+01
1.042539999999999978e+01
1.046540000000000070e+01
1.050539999999999985e+01
1.054540000000000077e+01
1.058539999999999992e+01
1.062539800000000234e+01
1.066805644444444567e+01
1.070870000000000033e+01
1.074869999999999948e+01
1.078869999999999862e+01
1.082869999999999955e+01
1.086869999999999870e+01
1.090869999999999962e+01
1.094869999999999877e+01
1.098869900000000044e+01
1.102870000000000061e+01
1.106869700000000023e+01
1.111143533333333266e+01
1.115209999999999901e+01
1.119201944444444585e+01
1.123208044444444376e+01
1.127210000000000001e+01
1.131201944444444507e+01
1.135200000000000031e+01
1.139199999999999946e+01
1.143199999999999861e+01
1.147200000000000131e+01
1.151200000000000045e+01
1.155199999999999960e+01
1.159473700000000029e+01
1.163540000000000063e+01
1.167539999999999978e+01
1.171539999999999893e+01
1.175539999999999985e+01
1.179540000000000077e+01
1.183539999999999992e+01
1.187539999999999907e+01
1.191539999999999822e+01
1.195539999999999914e+01
1.199540000000000006e+01
1.203540000000000099e+01
1.207805655555555546e+01
1.211869999999999870e+01
1.215869899999999859e+01
1.219869999999999877e+01
1.223869999999999969e+01
1.227870000000000061e+01
1.231869900000000051e+01
1.235870000000000068e+01
1.239869999999999983e+01
1.243870000000000076e+01
1.247869500000000009e+01
1.252135655555555616e+01
1.256199999999999939e+01
1.260200000000000031e+01
1.264199999999999946e+01
1.268199999999999861e+01
1.272200000000000131e+01
1.276200000000000045e+01
1.280199999999999960e+01
1.284200000000000230e+01
1.288199999999999790e+01
1.292200000000000060e+01
1.296199999999999974e+01
1.300473700000000044e+01
1.304540000000000077e+01
1.308539999999999992e+01
1.312539999999999907e+01
1.316539999999999822e+01
1.320540000000000092e+01
1.324540000000000006e+01
1.328540000000000099e+01
1.332540000000000013e+01
1.336539999999999928e+01
1.340540000000000020e+01
1.344805655555555646e+01
1.348869999999999969e+01
1.352870000000000061e+01
1.356869999999999976e+01
1.360870000000000068e+01
1.364869999999999983e+01
1.368870000000000076e+01
1.372869999999999990e+01
1.376870000000000083e+01
1.380869999999999997e+01
1.384870000000000090e+01
1.388870000000000005e+01
1.393135655555555630e+01
1.397199999999999953e+01
1.401200000000000045e+01
1.405199900000000035e+01
1.409200000000000230e+01
1.413199999999999790e+01
1.417200000000000060e+01
1.421199999999999974e+01
1.425200000000000067e+01
1.429199999999999804e+01
1.433199899999999971e+01
1.437199899999999708e+01
1.441465655555555614e+01
1.445530000000000115e+01
1.449529999999999852e+01
1.453529999999999944e+01
1.457530000000000214e+01
1.461529900000000204e+01
1.465529999999999866e+01
1.469529999999999959e+01
1.473530000000000229e+01
1.477529999999999966e+01
1.481530000000000058e+01
1.485803700000000305e+01
1.489869999999999983e+01
1.493870000000000253e+01
1.497869999999999990e+01
1.501870000000000260e+01
1.505869999999999997e+01
1.509870000000000090e+01
1.513870000000000005e+01
1.517870000000000097e+01
1.521870000000000012e+01
1.525870000000000104e+01
1.529870000000000019e+01
1.534135655555555466e+01
1.538199999999999790e+01
1.542200000000000060e+01
1.546199999999999797e+01
1.550200000000000067e+01
1.554199999999999804e+01
1.558200000000000252e+01
1.562199999999999811e+01
1.566199899999999978e+01
1.570199999999999818e+01
1.574199999999999910e+01
1.578200000000000180e+01
1.582465655555555628e+01
1.586529999999999951e+01
1.590529999999999866e+01
1.594529999999999959e+01
1.598530000000000229e+01
1.602530000000000143e+01
1.606529999999999703e+01
1.610529999999999973e+01
1.614530000000000243e+01
1.618530000000000157e+01
1.622529899999999614e+01
1.626795655555555697e+01
1.630860000000000198e+01
1.634859999999999758e+01
1.638859799999999822e+01
1.642860000000000298e+01
1.646859999999999857e+01
1.650859999999999772e+01
1.654860000000000397e+01
1.658859999999999957e+01
1.662859999999999516e+01
1.666860000000000142e+01
1.670860000000000056e+01
1.675133699999999592e+01
1.679199999999999804e+01
1.683200000000000429e+01
1.687199999999999989e+01
1.691199899999999801e+01
1.695199999999999818e+01
1.699200000000000088e+01
1.703200000000000003e+01
1.707199999999999918e+01
1.711200000000000188e+01
1.715200000000000102e+01
1.719465655555555372e+01
1.723530000000000229e+01
1.727530000000000143e+01
1.731529999999999703e+01
1.735529999999999973e+01
1.739530000000000243e+01
1.743530000000000157e+01
1.747529999999999717e+01
1.751529999999999987e+01
1.755530000000000257e+01
1.759529999999999816e+01
1.763529999999999731e+01
1.767795644444444392e+01
1.771859999999999857e+01
1.775859999999999772e+01
1.779860000000000397e+01
1.783859900000000209e+01
1.787859899999999769e+01
1.791860000000000142e+01
1.795860000000000056e+01
1.799859999999999971e+01
1.803859999999999886e+01
1.807860000000000511e+01
1.811860000000000070e+01
1.816125644444444376e+01
1.820190000000000197e+01
1.824190000000000111e+01
1.828189999999999671e+01
1.832190000000000296e+01
1.836190000000000211e+01
1.840189900000000023e+01
1.844189899999999582e+01
1.848189899999999852e+01
1.852190000000000225e+01
1.856189999999999785e+01
1.860463700000000031e+01
1.864529999999999887e+01
1.868530000000000157e+01
1.872529999999999717e+01
1.876529999999999987e+01
1.880529900000000154e+01
1.884529999999999816e+01
1.888529899999999984e+01
1.892530000000000356e+01
1.896529999999999916e+01
1.900529999999999475e+01
1.904529999999999745e+01
1.908795644444444761e+01
1.912859999999999872e+01
1.916860000000000142e+01
1.920860000000000056e+01
1.924859999999999971e+01
1.928859999999999886e+01
1.932860000000000156e+01
1.936860000000000070e+01
1.940859999999999630e+01
1.944859999999999900e+01
1.948859999999999815e+01
1.953125644444444475e+01
1.957190000000000296e+01
1.961190000000000211e+01
1.965190000000000126e+01
1.969190000000000040e+01
1.973189999999999600e+01
1.977190000000000225e+01
1.981189900000000037e+01
1.985190000000000055e+01
1.989189800000000119e+01
1.993189999999999884e+01
1.997189999999999799e+01
2.001463700000000401e+01
2.005521944444444316e+01
2.009519999999999484e+01
2.013519999999999754e+01
2.017520000000000024e+01
2.021519999999999939e+01
2.025520000000000209e+01
2.029520000000000124e+01
2.033520000000000039e+01
2.037519999999999953e+01
2.041520000000000223e+01
2.045520000000000138e+01
2.049793699999999674e+01
2.053859999999999886e+01
2.057860000000000156e+01
2.061860000000000070e+01
2.065859999999999630e+01
2.069859999999999900e+01
2.073859999999999815e+01
2.077860000000000085e+01
2.081859999999999999e+01
2.085859999999999914e+01
2.089860000000000184e+01
2.094125644444444490e+01
2.098189999999999600e+01
2.102190000000000225e+01
2.106189999999999785e+01
2.110190000000000055e+01
2.114189999999999969e+01
2.118189999999999884e+01
2.122189999999999799e+01
2.126190000000000069e+01
2.130190000000000339e+01
2.134189999999999543e+01
2.138190000000000168e+01
2.142455644444444474e+01
2.146519999999999584e+01
2.150520000000000209e+01
2.154519800000000274e+01
2.158520000000000039e+01
2.162519999999999953e+01
2.166520000000000223e+01
2.170520000000000138e+01
2.174519999999999698e+01
2.178519999999999968e+01
2.182520000000000238e+01
2.186520000000000152e+01
2.190793700000000044e+01
2.194859999999999900e+01
2.198860000000000170e+01
2.202859999999999729e+01
2.206859999999999999e+01
2.210860000000000269e+01
2.214860000000000184e+01
2.218859999999999744e+01
2.222859900000000266e+01
2.226851944444444342e+01
2.230849999999999866e+01
2.235123700000000468e+01
2.239190000000000325e+01
2.243189999999999884e+01
2.247189999999999799e+01
2.251190000000000069e+01
2.255190000000000339e+01
2.259189999999999543e+01
2.263190000000000168e+01
2.267190000000000438e+01
2.271189999999999998e+01
2.275189999999999557e+01
2.279189999999999827e+01
2.283455644444444488e+01
2.287519899999999851e+01
2.291520000000000223e+01
2.295520000000000138e+01
2.299519999999999698e+01
2.303519999999999968e+01
2.307520000000000238e+01
2.311520000000000152e+01
2.315519999999999712e+01
2.319519999999999982e+01
2.323520000000000252e+01
2.327785644444444557e+01
2.331850000000000023e+01
2.335850000000000293e+01
2.339849999999999852e+01
2.343850000000000122e+01
2.347850000000000392e+01
2.351850000000000307e+01
2.355849899999999764e+01
2.359850000000000136e+01
2.363850000000000406e+01
2.367849999999999966e+01
2.371849999999999881e+01
2.376123700000000127e+01
2.380190000000000339e+01
2.384189999999999543e+01
2.388190000000000168e+01
2.392190000000000438e+01
2.396189999999999998e+01
2.400189999999999557e+01
2.404189999999999827e+01
2.408190000000000097e+01
2.412189999999999657e+01
2.416190000000000282e+01
2.420190599999999748e+01
2.424455644444444502e+01
2.428519999999999968e+01
2.432520300000000191e+01
2.436520000000000152e+01
2.440519999999999712e+01
2.444519999999999982e+01
2.448520000000000252e+01
2.452519999999999811e+01
2.456519999999999726e+01
2.460519900000000248e+01
2.464520000000000266e+01
2.468785644444444571e+01
2.472850000000000392e+01
2.476850000000000307e+01
2.480849999999999866e+01
2.484850000000000136e+01
2.488850000000000406e+01
2.492849999999999966e+01
2.496849999999999881e+01
2.500849900000000048e+01
2.504850599999999972e+01
2.508849899999999877e+01
2.512850000000000250e+01
2.517115644444444555e+01
2.521179999999999666e+01
2.525179999999999936e+01
2.529180000000000206e+01
2.533180000000000121e+01
2.537180000000000035e+01
2.541180000000000305e+01
2.545180000000000220e+01
2.549179999999999779e+01
2.553180000000000049e+01
2.557180000000000319e+01
2.561453699999999856e+01
2.565519999999999712e+01
2.569519999999999627e+01
2.573520000000000252e+01
2.577520000000000167e+01
2.581519999999999726e+01
2.585519999999999996e+01
2.589520000000000266e+01
2.593519999999999825e+01
2.597520000000000095e+01
2.601520000000000366e+01
2.605519999999999925e+01
2.609785644444444230e+01
2.613850000000000406e+01
2.617849999999999966e+01
2.621849999999999881e+01
2.625850000000000151e+01
2.629850000000000065e+01
2.633849999999999980e+01
2.637849999999999895e+01
2.641850000000000165e+01
2.645850000000000080e+01
2.649848744444444648e+01
2.653849999999999909e+01
2.658115644444444570e+01
2.662180000000000035e+01
2.666180000000000305e+01
2.670180000000000220e+01
2.674180000000000135e+01
2.678179799999999844e+01
2.682180000000000319e+01
2.686180000000000234e+01
2.690179999999999794e+01
2.694179999999999708e+01
2.698180000000000334e+01
2.702445644444444284e+01
2.706510000000000105e+01
2.710510000000000375e+01
2.714510299999999887e+01
2.718509999999999494e+01
2.722510000000000474e+01
2.726510000000000034e+01
2.730509999999999948e+01
2.734509999999999863e+01
2.738510000000000133e+01
2.742510000000000048e+01
2.746509899999999860e+01
2.750783700000000209e+01
2.754850000000000065e+01
2.758849999999999980e+01
2.762849999999999895e+01
2.766850000000000165e+01
2.770850000000000080e+01
2.774849999999999639e+01
2.778849999999999909e+01
2.782850000000000179e+01
2.786850000000000094e+01
2.790850000000000009e+01
2.794850000000000279e+01
2.799115644444444584e+01
2.803179999999999694e+01
2.807179899999999861e+01
2.811180000000000234e+01
2.815179999999999794e+01
2.819179999999999708e+01
2.823180000000000334e+01
2.827179999999999893e+01
2.831179999999999808e+01
2.835180000000000078e+01
2.839180000000000348e+01
2.843445644444444653e+01
2.847510299999999717e+01
2.851510000000000034e+01
2.855509999999999948e+01
2.859510000000000218e+01
2.863509999999999778e+01
2.867510000000000048e+01
2.871509999999999962e+01
2.875510000000000232e+01
2.879509999999999792e+01
2.883509999999999707e+01
2.887509999999999977e+01
2.891783700000000223e+01
2.895841944444444138e+01
2.899840000000000373e+01
2.903839699999999979e+01
2.907840000000000202e+01
2.911840000000000117e+01
2.915840000000000387e+01
2.919839999999999947e+01
2.923839999999999861e+01
2.927840600000000038e+01
2.931841300000000317e+01
2.936116144444444487e+01
2.940179999999999794e+01
2.944180000000000064e+01
2.948180000000000334e+01
2.952179999999999893e+01
2.956179999999999808e+01
2.960180200000000283e+01
2.964181599999999861e+01
2.968180900000000122e+01
2.972180000000000533e+01
2.976181000000000054e+01
2.980180299999999960e+01
2.984446000000000154e+01
2.988509999999999778e+01
2.992510000000000048e+01
2.996509999999999962e+01
3.000510000000000232e+01
3.004509999999999792e+01
3.008509999999999707e+01
3.012509999999999977e+01
3.016510000000000247e+01
3.020509999999999806e+01
3.024509999999999721e+01
3.028509999999999991e+01
3.032775644444444652e+01
3.036840000000000117e+01
3.040840000000000387e+01
3.044839800000000452e+01
3.048839899999999759e+01
3.052839999999999421e+01
3.056840000000000401e+01
3.060839999999999961e+01
3.064839999999999876e+01
3.068840000000000146e+01
3.072840000000000416e+01
3.077113700000000307e+01
3.081179999999999808e+01
3.085181000000000040e+01
3.089180000000000348e+01
3.093180000000000263e+01
3.097180000000000533e+01
3.101171944444444506e+01
3.105170000000000030e+01
3.109170000000000300e+01
3.113169999999999860e+01
3.117170000000000130e+01
3.121170000000000044e+01
3.125443700000000291e+01
3.129510300000000100e+01
3.133511900000000239e+01
3.137509899999999519e+01
3.141510000000000247e+01
3.145509999999999806e+01
3.149509999999999721e+01
3.153509999999999991e+01
3.157510000000000261e+01
3.161510000000000176e+01
3.165509999999999735e+01
3.169510000000000005e+01
3.173775644444444666e+01
3.177839999999999421e+01
3.181840000000000401e+01
3.185840999999999923e+01
3.189839999999999876e+01
3.193840300000000099e+01
3.197840000000000416e+01
3.201839999999999975e+01
3.205839899999999432e+01
3.209839999999999804e+01
3.213840000000000430e+01
3.218105644444444380e+01
3.222170000000000556e+01
3.226169999999999760e+01
3.230170000000000385e+01
3.234169999999999590e+01
3.238172599999999335e+01
3.242170999999999736e+01
3.246170300000000708e+01
3.250169999999999959e+01
3.254170000000000584e+01
3.258169899999999330e+01
3.262170000000000414e+01
3.266443699999999239e+01
3.270509899999999703e+01
3.274510000000000076e+01
3.278510000000000701e+01
3.282509899999999448e+01
3.286509900000000073e+01
3.290509999999999735e+01
3.294509999999999650e+01
3.298510000000000275e+01
3.302511000000000507e+01
3.306510000000000105e+01
3.310775644444444765e+01
3.314840000000000231e+01
3.318840000000000146e+01
3.322839999999999350e+01
3.326839999999999975e+01
3.330841000000000207e+01
3.334839999999999804e+01
3.338840000000000430e+01
3.342839999999999634e+01
3.346840000000000259e+01
3.350840000000000174e+01
3.354840000000000089e+01
3.359105644444444039e+01
3.363169999999999504e+01
3.367170000000000130e+01
3.371170000000000044e+01
3.375169999999999959e+01
3.379170000000000584e+01
3.383169999999999078e+01
3.387170000000000414e+01
3.391170000000000329e+01
3.395169999999999533e+01
3.399169900000000411e+01
3.403170000000000073e+01
3.407435644444444023e+01
3.411499999999999488e+01
3.415500599999999309e+01
3.419500000000000028e+01
3.423499999999999943e+01
3.427500000000000568e+01
3.431500000000000483e+01
3.435499999999999687e+01
3.439499300000000659e+01
3.443500000000000227e+01
3.447499999999999432e+01
3.451773699999999678e+01
3.455839999999999890e+01
3.459839999999999804e+01
3.463840000000000430e+01
3.467839899999999886e+01
3.471840000000000259e+01
3.475840000000000174e+01
3.479840000000000089e+01
3.483840000000000714e+01
3.487840000000000629e+01
3.491839799999999627e+01
3.495840000000000458e+01
3.500105644444444408e+01
3.504170000000000584e+01
3.508169999999999078e+01
3.512170000000000414e+01
3.516170000000000329e+01
3.520169999999999533e+01
3.524170300000000111e+01
3.528170000000000073e+01
3.532169899999999529e+01
3.536169999999999902e+01
3.540169799999999611e+01
3.544435644444444478e+01
3.548499999999999943e+01
3.552500000000000568e+01
3.556499799999999567e+01
3.560499999999999687e+01
3.564499900000000565e+01
3.568500000000000227e+01
3.572499999999999432e+01
3.576500000000000057e+01
3.580499999999999972e+01
3.584499999999999886e+01
3.588500000000000512e+01
3.592765655555555782e+01
3.596830000000000638e+01
3.600829600000000141e+01
3.604830000000000467e+01
3.608829999999999671e+01
3.612829999999999586e+01
3.616830000000000211e+01
3.620830000000000126e+01
3.624830000000000041e+01
3.628829999999999956e+01
3.632829999999999870e+01
3.636830000000000496e+01
3.641103699999999321e+01
3.645169999999999533e+01
3.649170000000000158e+01
3.653170000000000073e+01
3.657169999999999277e+01
3.661171299999999462e+01
3.665169999999999817e+01
3.669169999999999732e+01
3.673170000000000357e+01
3.677169999999999561e+01
3.681170000000000186e+01
3.685435655555555456e+01
3.689500000000000313e+01
3.693499999999999517e+01
3.697499999999999432e+01
3.701500599999999963e+01
3.705499999999999972e+01
3.709500999999999493e+01
3.713500300000000465e+01
3.717500299999999669e+01
3.721500000000000341e+01
3.725500000000000256e+01
3.729499999999999460e+01
3.733765655555555441e+01
3.737829999999999586e+01
3.741830000000000211e+01
3.745830000000000126e+01
3.749830000000000041e+01
3.753830299999999909e+01
3.757829999999999870e+01
3.761830000000000496e+01
3.765830000000000410e+01
3.769829999999999615e+01
3.773830000000000240e+01
3.777829999999999444e+01
3.782103700000000401e+01
3.786169999999999902e+01
3.790169999999999817e+01
3.794169999999999732e+01
3.798161955555555380e+01
3.802160000000000650e+01
3.806160000000000565e+01
3.810159999999999769e+01
3.814160000000000394e+01
3.818159999999999599e+01
3.822159999999999513e+01
3.826433699999999050e+01
3.830500300000000635e+01
3.834500299999999129e+01
3.838500300000000465e+01
3.842499999999999005e+01
3.846500000000000341e+01
3.850500000000000256e+01
3.854500300000000124e+01
3.858500300000000038e+01
3.862500300000000664e+01
3.866501000000000232e+01
3.870500999999999436e+01
3.874766333333333534e+01
3.878830299999999909e+01
3.882829999999999870e+01
3.886830299999999738e+01
3.890830300000000364e+01
3.894829999999999615e+01
3.898830300000000193e+01
3.902829999999999444e+01
3.906829999999999359e+01
3.910829999999999984e+01
3.914829999999999899e+01
3.919095999999999691e+01
3.923159999999999314e+01
3.927160000000000650e+01
3.931160300000000518e+01
3.935160299999999012e+01
3.939160300000000348e+01
3.943159999999999599e+01
3.947159999999999513e+01
3.951160000000000139e+01
3.955160300000000717e+01
3.959159999999999968e+01
3.963160600000000500e+01
3.967434044444443941e+01
3.971500000000000341e+01
3.975500300000000209e+01
3.979500300000000124e+01
3.983500000000000085e+01
3.987500300000000664e+01
3.991499999999999915e+01
3.995491955555555563e+01
3.999490000000000123e+01
4.003490000000000748e+01
4.007489999999999242e+01
4.011490000000000578e+01
4.015763699999999403e+01
4.019829999999999615e+01
4.023830000000000240e+01
4.027829999999999444e+01
4.031830300000000022e+01
4.035830300000000648e+01
4.039830300000000562e+01
4.043830299999999056e+01
4.047830300000000392e+01
4.051830000000000354e+01
4.055830299999999511e+01
4.060095655555556249e+01
4.064160000000000394e+01
4.068159999999999599e+01
4.072159999999999513e+01
4.076160000000000139e+01
4.080160000000000053e+01
4.084159999999999968e+01
4.088160000000000593e+01
4.092159999999999798e+01
4.096160299999999665e+01
4.100160300000000291e+01
4.104159999999999542e+01
4.108425655555555522e+01
4.112489999999999668e+01
4.116490000000000293e+01
4.120490000000000208e+01
4.124490000000000123e+01
4.128490299999999991e+01
4.132489999999999242e+01
4.136490299999999820e+01
4.140490300000000445e+01
4.144489999999999696e+01
4.148490599999999517e+01
4.152763699999999858e+01
4.156830599999999976e+01
4.160829999999999984e+01
4.164829999999999899e+01
4.168829999999999814e+01
4.172830000000000439e+01
4.176830299999999596e+01
4.180830599999999464e+01
4.184830300000000136e+01
4.188829999999999387e+01
4.192830299999999966e+01
4.196821955555555661e+01
4.201093699999999842e+01
4.205160000000000053e+01
4.209159999999999968e+01
4.213160000000000593e+01
4.217159999999999798e+01
4.221160000000000423e+01
4.225160300000000291e+01
4.229160299999999495e+01
4.233160000000000167e+01
4.237160300000000035e+01
4.241159999999999286e+01
4.245159999999999911e+01
4.249425655555555181e+01
4.253490000000000748e+01
4.257489999999999242e+01
4.261490000000000578e+01
4.265490000000000492e+01
4.269489999999998986e+01
4.273490300000000275e+01
4.277489999999999526e+01
4.281490299999999394e+01
4.285490000000000066e+01
4.289489999999999981e+01
4.293755655555555251e+01
4.297820000000000107e+01
4.301820000000000732e+01
4.305820000000000647e+01
4.309820299999999804e+01
4.313820000000000476e+01
4.317819999999999681e+01
4.321820299999999548e+01
4.325820600000000127e+01
4.329820000000000135e+01
4.333820299999999293e+01
4.337820000000000675e+01
4.342093700000000212e+01
4.346160000000000423e+01
4.350160600000000244e+01
4.354159999999999542e+01
4.358160300000000120e+01
4.362160300000000035e+01
4.366160299999999950e+01
4.370160300000000575e+01
4.374159999999999826e+01
4.378160299999998983e+01
4.382160000000000366e+01
4.386160600000000187e+01
4.390425999999999362e+01
4.394489999999998986e+01
4.398490300000000275e+01
4.402490300000000900e+01
4.406490299999999394e+01
4.410490599999999972e+01
4.414489999999999981e+01
4.418489999999999895e+01
4.422489999999999810e+01
4.426489999999999725e+01
4.430490000000000350e+01
4.434755655555555620e+01
4.438820300000000429e+01
4.442819999999999681e+01
4.446819999999999595e+01
4.450820600000000127e+01
4.454820299999999378e+01
4.458820000000000050e+01
4.462820000000000675e+01
4.466819999999999169e+01
4.470820000000000505e+01
4.474820000000000420e+01
4.478819999999999624e+01
4.483086000000000126e+01
4.487149999999999750e+01
4.491149999999999665e+01
4.495150299999999532e+01
4.499150299999999447e+01
4.503150000000000119e+01
4.507150299999999987e+01
4.511150000000000659e+01
4.515150000000000574e+01
4.519149999999999068e+01
4.523150599999999599e+01
4.527423699999999940e+01
4.531489999999999441e+01
4.535490300000000730e+01
4.539490600000000597e+01
4.543490299999999138e+01
4.547489999999999810e+01
4.551489999999999725e+01
4.555490000000000350e+01
4.559490600000000171e+01
4.563489999999999469e+01
