-2.452961843453995243e+02
1.776017750589099775e-02
6.293973882836942889e-03
-1.839764720189754712e+02
-8.074024381422829322e+01
1.016908170107975820e+03
-3.563982929846309275e+02
-9.642314072122444202e+01
5.426164617998823587e+02
-4.017204346844095397e+01
9.614989973287269009e+00
-2.347424737209844015e+00
1.548286921317271059e+01
5.936959813531529351e-01
2.020332207123698964e+01
-3.651652991704148121e+01
1.580642332039593079e+01
-1.278969506995865579e+01
2.242675706290225435e+01
-2.160359261054507485e+01
-5.799354393687816867e+01
1.259801056253834695e+01
2.232763959843893886e+01
-1.541405671942356470e+01
3.282944287567784336e+00
-1.273024657577531649e+01
-1.626359507137316029e+01
-1.887046097631725416e+01
-4.463272949219617658e+01
3.954273221321727760e+01
-2.415396319986879980e+00
-9.700444553973553985e-01
-1.163701657546253010e+01
1.377673091079872769e+01
4.052565123127096491e+00
2.539849835036535719e+00
5.897655534564070656e+00
1.868032568567533858e+01
1.362942665534150066e+01
-1.660578733350947900e+01
-9.325027805420106120e+00
-5.320680605901904947e+00
2.089732615783429637e+01
4.677877876956163306e+00
5.386315208653386755e+00
-2.882883489330893312e+01
-2.312901442920814787e+01
1.829205382035434369e+01
-8.647932540983601868e+00
1.045614433882369632e+01
3.879758239599254144e-02
-3.658959505340577678e+00
-1.696476881535030756e+01
5.059446248979634575e+00
4.769811755895533523e+00
2.369324521872381695e+01
5.581451557360045612e+00
9.972032336047623957e+00
-1.082991986884400859e+01
-1.069835017157455104e+00
5.077735003150433357e+01
-1.094376101995774953e+00
4.908144868704449770e+00
-2.143394280696024268e+01
6.145156656803804296e+00
-9.896331130450606750e+00
6.769305603320199261e+00
-9.568626312524624922e+00
-2.932861752943401790e+00
-8.041700934200228801e+00
-1.699490826423613044e+01
-6.518930236349195440e+00
-2.353931241722502232e-01
9.120079600711449075e+00
-9.737577225327578745e+00
1.054875146865167146e+01
1.849072923176940719e+00
-1.438306475097027537e+01
7.882791018617703038e+00
-1.088225082554192147e+00
-6.394770923852431954e-01
-6.652112688372740834e+00
-1.546686789112673033e+01
9.951272263210269031e+00
5.252674226118906553e+00
1.492388003081907222e+00
1.189747592407263177e+01
-3.840415790395755202e+00
-2.884610876953971115e+00
-1.673148977843121088e+01
8.767037275354843118e+00
-9.107355916789002137e+00
-2.542546116251735988e+00
-3.714838566615984217e+00
-1.109078113897345119e+01
-1.342352005443413709e+01
-1.665691909694460193e+01
7.485467565020303971e-01
-3.284369491894431725e+00
2.712769280378593351e+01
-4.236161333291877185e+01
2.238941343834962350e+00
1.320289599213317722e+01
2.210949109554157488e+01
8.413246562774807202e+00
7.564908697696487216e+00
-1.044937034842135404e+00
-1.093872281410738090e+01
1.023187581332777185e+01
9.251579232349950388e+00
7.574032290267081358e+00
1.027829733706966131e+01
1.890686981192284932e+01
-3.868934420263842355e+01
2.677829527138991139e+00
6.705174800777101929e+00
-4.068678296763570956e-01
6.267647891669450466e+00
-1.959185956224404634e+01
-1.987894405586595070e+01
-3.343232406508528598e+00
2.331352844605665453e+01
-1.285367230607915801e+00
6.245469960260242814e+00
-3.585668129956126382e+00
1.278047045041573959e+01
5.408893856655228483e+00
-7.776161891702813911e+00
6.730759011338839137e+00
3.013112058425811313e+01
2.504320611357126580e+01
-3.995669978178034398e+01
2.312115396508418641e+01
-1.960436216791472575e+01
6.034472679263152450e+00
-9.036707283684403791e+00
-1.303218391446759128e+01
2.397960052294818922e+01
-8.885602862096536825e+00
-4.719960121623449112e+01
3.634258642948219631e+01
3.350075803598275281e-01
-2.308653880760849830e+01
-2.202060083522252754e+01
-3.161622363734033314e+01
1.111611776892279835e+01
-1.663609965297191806e+01
2.916968567083546127e+00
-1.600149547021602459e+01
-2.380349259905016623e+01
-3.255344046282326076e+01
1.703445058210359377e+02
-3.260304992786612388e+02
4.142188154475124975e+02
5.843069223969001769e+02
-1.177803929924087925e+02
-2.630477306437074958e+01
-1.888431694247987309e+02
2.686759337086741084e+02
7.475372395103609335e+01
1.282445574012277234e+02
-6.998728916490150596e+02
-2.011172985368573620e+02
2.758296186315882892e+02
-2.490359046409517134e+02
1.285851769703380576e+01
6.583056620976705631e+00
2.449665734203076095e+00
-4.911571767614207218e+00
3.406231939886781745e+00
-5.893167350850053943e+00
1.369902363263834211e+01
1.969297598392563575e+00
8.465567419822066952e+00
-4.798314821435303301e+00
-4.408582406213497507e+00
2.133588558333544682e+01
1.694376697350572947e+00
-8.658508044219479061e+00
4.542255538712709040e+00
2.837844852094032699e+00
4.640229371063527841e-01
6.998442847253887322e+00
-4.130685177304998845e+00
1.661016249886482044e+01
-1.135285616581974466e+01
-7.274059342906499914e+00
-2.738453230888282963e+00
3.515901130510383332e+00
-2.853151960218820005e+00
-4.128383655832429611e+00
4.617996672224849442e-01
-1.840061405098464276e+00
-2.788768072905044804e+00
-7.154071210929994429e+00
2.201400835565576308e+00
5.626578819699269651e+00
5.530010170775382150e+00
-5.236919750417206920e+00
1.101548046725260299e-01
-2.605736071963371980e+00
3.397931489670498628e+00
1.126893650221255250e+01
-6.251080667452328932e+00
-1.249265088125784962e+00
-2.224524515438310424e+00
-1.971787795849597735e+00
-2.593135162802562288e+00
6.150803417388805983e+00
-3.895718061198301108e-01
-2.024705445007979332e+00
-5.701913968241403730e+00
-6.211038012746315395e+00
-5.266125769281659430e+00
1.329425433720676786e+00
9.914750746503113277e+00
-1.413345193149494960e+01
1.572763291428383114e+00
-1.676562730766054665e+00
7.388820314958027602e+00
2.581482514796233918e+00
4.116707488748291510e+00
2.054670894729886399e-01
2.268736190908854589e+00
2.765961901946087487e+00
-1.299111417412878833e+00
6.112827413237170049e+00
2.100236313526407717e+00
1.798644851089018948e+00
-4.829521676380657880e+00
8.917717746043759552e-01
-2.293406352409107729e+00
-2.552083188345707576e+00
5.349202824423724856e+00
8.783113034238213546e-01
4.715157757930095450e-02
5.264895564398929251e-01
-1.475796891515198661e+00
5.664148604224134687e+00
-1.653401844589147185e+00
-3.610863410201336166e+00
1.697459506832206921e+00
-3.111382248742871948e+00
2.073010010650687684e-01
1.012565522681481367e+00
6.259756979923134068e+00
1.009308896453296356e+00
2.053525616495971207e+00
2.222014987602234815e+00
-1.225614200900415618e+00
3.625492032738176107e+00
4.635971756271335398e-01
6.893743824916930940e+00
-2.635062365328418310e-01
6.227160729108940362e-01
-1.537270056330828183e+01
6.701790825111415550e+00
1.604728693307701404e+00
-3.764378293756080573e+00
-4.444533562930558013e+00
-6.315176173132353021e+00
-2.453657761782243263e+00
-1.255914953614352347e+00
4.216491723360515920e+00
-6.452981043532295402e-01
-9.541354290990983200e-01
-4.385070576525410324e+00
9.940149898477400603e-01
-7.617703179277637737e+00
1.165798584668869964e+01
7.043836692940672606e+00
-1.596082370279711116e+00
-1.529142793772440667e+00
-5.039699952723330156e+00
4.305067557345735096e+00
4.780993468269200797e+00
5.326277119196978660e+00
-6.858135965219648078e+00
-3.958747686695105905e+00
-2.682542551555567645e+00
-3.286908050279442328e-01
-2.086094559423282035e+00
-4.060572273772080187e+00
3.097360059895710283e+00
3.129265775816675310e-01
-3.130037172404577905e+00
-1.266465724513540003e+01
1.468312819750447851e+01
1.849676094969192830e+00
6.539520960691941553e+00
2.180580106574031340e+00
-7.617484708642668911e-01
5.392748011028293043e+00
-8.224781441550382155e+00
-2.925793711369551797e+00
1.932442441510113795e+01
-1.936527858994965490e+00
-3.593606008708108313e+00
5.949523895127227568e+00
6.542384125808996531e-01
1.253204027741268689e+01
-6.032091755919383402e+00
2.683786061122968025e+00
-3.170021132644698536e+00
5.085537098842750403e+00
-9.047038962642702797e-01
1.338813276851050738e+01
-8.449645237053353242e+01
3.924411664661580801e+01
1.551371657304776719e-01
-1.803937430097144556e+02
1.777011562562987734e+01
2.046831631772372262e+01
7.825504170000812110e+01
-2.799830308154053782e+01
4.010224907178221443e+00
-4.091045680868484880e+01
1.163964832840243560e+02
1.457881024765626137e+02
-9.501268230174385110e+01
6.701922140855314680e+00
