6.194739219988809609e-03
5.103521672535582532e-03
5.167859680637598707e-03
5.298864355406496252e-03
5.452091252397650578e-03
5.494207038277632016e-03
5.036322824157446476e-03
5.122883054482052501e-03
4.853887729250772054e-03
5.207114626241793331e-03
4.949230412122029854e-03
5.204103591208264490e-03
4.100652936792625880e-03
4.053879833783691211e-03
4.207106730774845538e-03
4.082555849988067642e-03
3.891338302534630422e-03
3.611231866192499140e-03
3.631125429850334818e-03
3.773241215730305242e-03
3.948690334943494307e-03
3.601917231934481656e-03
3.712624130210229190e-03
2.786984467140651844e-03
3.773544697465047726e-03
2.937882705567274044e-03
2.957776269225109722e-03
2.566558721771583507e-03
2.775341174318435300e-03
2.595234737976070960e-03
2.292906079411682896e-03
2.301688531958112627e-03
2.532693206727110180e-03
2.341475659273672960e-03
2.318849224216101845e-03
2.448765116702111833e-03
1.368658680359846613e-03
1.299663355128544140e-03
1.230668029897463711e-03
1.372783815777434135e-03
1.070455157212824027e-03
1.168126498648613953e-03
1.099131173417422502e-03
1.096802514852779353e-03
1.083362745177174347e-03
9.588118643906184957e-04
7.914628212547514252e-04
-7.865449982757954928e-05
-3.032053806140133645e-04
-1.055340391787895626e-04
-1.745293644098699914e-04
-2.990802451965368647e-04
8.747998512781407499e-05
-3.037375623254900958e-04
-1.949551097789603560e-04
-7.528393238988018155e-04
-5.660019678648264829e-04
-5.555389817305522726e-04
-7.701007472571408385e-04
-6.502071835995382187e-04
-1.496980286608495803e-03
-1.999308945172972862e-03
-1.823859825959672776e-03
-1.503966262301870138e-03
-1.895183809755174309e-03
-1.830845801652936089e-03
-2.066507793550775851e-03
-1.691058674337497791e-03
-1.926720666235337553e-03
-1.871569323515176464e-03
-2.563875653251446174e-03
-2.888426534038091020e-03
-3.201866303713774009e-03
-3.104194962278095105e-03
-3.217634731953800120e-03
-3.164407834962856825e-03
-3.122292049082542320e-03
-3.402398485425117691e-03
-3.349171588434063374e-03
-3.395944691442887020e-03
-3.307460015389396268e-03
-4.277544122903376156e-03
-3.546539448134544692e-03
-4.448868106699088720e-03
-4.428974543041253042e-03
-4.609080979383617382e-03
-4.544742971281379162e-03
-4.913738296512426551e-03
-4.982733621743618002e-03
-4.829506724752574698e-03
-5.098502049983744122e-03
-4.767497375214979627e-03
-4.834846418350746688e-03
-4.838297072766284401e-03
-5.929514620219511478e-03
-5.609621056561819863e-03
-6.045283048459637598e-03
-6.136500595913085832e-03
-6.138829254477506936e-03
-6.263380135264173809e-03
-6.021264349384214398e-03
-6.290259674615383823e-03
-6.159254999846708323e-03
-6.417139213966693845e-03
-6.328654537913203093e-03
-7.265405312093742296e-03
-7.212178415102799001e-03
-7.547840407000405705e-03
-7.405724621120435280e-03
-7.741386613018486074e-03
-7.265937493805108005e-03
-7.490488374591763865e-03
-7.570594810934139218e-03
-8.006256802831845931e-03
-7.986363239174010253e-03
-7.686767452009579671e-03
-7.879073781745682403e-03
-7.648069106977128939e-03
-8.683731098874658549e-03
-8.763837535216922880e-03
-8.832832860448336376e-03
-9.146272630123686298e-03
-9.193045733132509945e-03
-9.006485502808359023e-03
-9.353258605817149629e-03
-9.033365042159458014e-03
-9.191249256279676594e-03
-9.136097913559293460e-03
-9.539515354406669090e-03
-9.986288457415670727e-03
-9.310839338202314686e-03
-1.022427910787793159e-02
-1.035994109977578237e-02
-1.058449198056243823e-02
-1.034237619468247882e-02
-1.063359374213579400e-02
-1.039147795625583459e-02
-1.081602883704257945e-02
-1.088502416227365988e-02
-1.079681764985407355e-02
-1.086693497093615957e-02
-1.058037474061179761e-02
-1.188270339917629759e-02
-1.180725427996298649e-02
-1.176513849408311607e-02
-1.185635604153645328e-02
-1.211424025565654983e-02
-1.172768002533208787e-02
-1.224111979500752678e-02
-1.238789289801656146e-02
-1.216607488862964104e-02
-1.206949232947718276e-02
-1.320515432137481238e-02
-1.322970520216160129e-02
-1.308758941628163086e-02
-1.331214029706828672e-02
-1.311446895563272985e-02
-1.360568650308624505e-02
-1.341912627276176107e-02
-1.361034382021497624e-02
-1.335711692322405497e-02
-1.380389002623294559e-02
-1.361540535017957687e-02
-1.440771167991572455e-02
-1.379892922736913885e-02
-1.477903566371141508e-02
-1.442580876672028278e-02
-1.438369298084030135e-02
-1.509713275051594028e-02
-1.466612807574696475e-02
-1.505734562320037995e-02
-1.499300761509814173e-02
-1.492866960699612555e-02
-1.524018493094259075e-02
-1.602138014956766554e-02
-1.427926436368776031e-02
-1.464825968891891872e-02
-1.382836612526117115e-02
-1.278625033938129985e-02
-1.161080122016799887e-02
-1.007979654539903347e-02
-8.359902981741162975e-03
-6.106676084750239930e-03
-3.520115854425798219e-03
-1.055777846323602276e-03
1.065761999429426510e-03
4.084533567236037221e-03
5.182204908671605992e-03
6.802098472329487500e-03
8.299769813764901194e-03
9.541885599644861493e-03
9.428445829969267500e-03
8.703894949182444662e-03
6.279344068395698031e-03
5.077015409831409087e-03
3.008020084600215860e-03
4.945803149245531216e-04
-1.594712786799679094e-03
-4.998130227647057389e-03
-6.689347775100329407e-03
-1.054723198922047356e-02
-1.299400509222925493e-02
-1.618522263968269481e-02
-1.844310685380279313e-02
-2.213432440125617795e-02
-2.526998016560988436e-02
-2.730564838505167291e-02
-2.698575482139398130e-02
-2.503060347867380742e-02
-2.267846536396556090e-02
-2.023634957808562174e-02
-1.830534490331681141e-02
-1.594100689521471548e-02
-1.313222444266803901e-02
-1.015677532345471423e-02
-8.036881759796998814e-03
-4.805877085028109619e-03
-2.419316854703756903e-03
1.894655978429415910e-04
2.020470272611762930e-03
3.364510504220818987e-03
4.438870841151354441e-03
3.725431071475604483e-03
3.278657968466713868e-03
1.887440421013519831e-03
7.400065133766897674e-05
-1.528328007226686935e-03
-3.730656665791198812e-03
-6.232985324355788670e-03
-8.401980649586859862e-03
-1.120430930815119464e-02
-1.336054724017610162e-02
-1.664177567236946320e-02
-1.852188210871164031e-02
-2.189087743394280139e-02
-2.477098387028509041e-02
-2.701775697329389381e-02
-2.993119674296951249e-02
-3.126685873486745315e-02
-3.108029850454285814e-02
-2.871596049644054016e-02
-2.582940026611613149e-02
-2.379839559134733218e-02
-2.220991091529400663e-02
-1.849110613391913294e-02
-1.650454590359484719e-02
-1.338465233993690884e-02
-1.030920322072370610e-02
-7.100420768177073683e-03
-3.991638315630430256e-03
-1.138411418639351247e-03
1.848148811685157433e-03
4.412486819787231340e-03
7.299047050111640011e-03
9.007832616430344608e-03
9.174091956489660582e-03
7.237341182308787424e-03
7.179456968188668853e-03
4.699350531846668844e-03
3.141466317726493429e-03
3.169154369397908511e-04
-2.274302110513493069e-03
-5.009964102411279541e-03
-7.545626094309088039e-03
-9.970176975095834671e-03
-1.251694385056079106e-02
-1.383985156302414143e-02
-1.650997199787840319e-02
-1.661202353073321092e-02
-1.848126173018183049e-02
-1.903918019579398102e-02
-1.939678728420435316e-02
-1.887685946905437451e-02
-1.852363257206335323e-02
-1.820373900840555059e-02
-1.751717877808123269e-02
-1.650839632553446901e-02
-1.557739165076565957e-02
-1.510029624945696813e-02
-1.413708023720605667e-02
-1.378385334021481334e-02
-1.287507088766826069e-02
-1.247739954623272585e-02
-1.120195042701954691e-02
-1.040427908558394510e-02
-9.473274410814913615e-03
-9.553380847157399991e-03
-9.522376172388380411e-03
-9.891371497619649844e-03
-1.082703348951752353e-02
-1.157188214679716332e-02
-1.355307736542243902e-02
-1.361096157954255759e-02
-1.566884579366245589e-02
-1.650450778556022957e-02
-1.759572533301356767e-02
-1.827583176935587694e-02
-1.957816042792037692e-02
-1.994715575315153533e-02
-2.014948441171604543e-02
-2.000735928452002099e-02
-1.905221728311590201e-02
-1.854452361285208184e-02
-1.588018560474990792e-02
-1.441584759664782389e-02
-1.118484292187893470e-02
-7.442727135999027688e-03
-3.411722461230115577e-03
1.085948880205411804e-03
5.794731332751990038e-03
9.659069340854253838e-03
1.410118512673408375e-02
1.776552313483625856e-02
1.910928520281163223e-02
1.799472343728514279e-02
1.708128366760930383e-02
1.581228834237824454e-02
1.410995968381378862e-02
1.234096435858256235e-02
9.505302366685008941e-03
6.902973708120319074e-03
3.689533938444733430e-03
7.427608354357850828e-04
-2.815123378684170063e-03
-5.582194258186401470e-03
-9.674500587922407746e-03
-1.274349591315371288e-02
-1.671249123838480788e-02
-1.958148656361591300e-02
-2.128381522218047994e-02
-2.131947721407823071e-02
-1.969958365042057125e-02
-1.834635675342954908e-02
-1.668201874532726503e-02
-1.523990295944732676e-02
-1.340889828467850542e-02
-1.285374694195828837e-02
-1.102383104947246562e-02
-9.459493041370059530e-03
-6.995155033267863587e-03
-4.675261469610170195e-03
-2.233145683730231035e-03
4.089701021497971212e-04
3.017752554696273570e-03
5.448757229465139851e-03
7.879761904234228176e-03
9.610766579002838483e-03
1.008621569821632757e-02
1.159692259649192092e-02
1.032683848897797407e-02
9.580065385969005476e-03
7.488847838515555466e-03
6.330963624395558043e-03
4.450857188053380931e-03
2.559639640599908894e-03
4.461998709243131245e-04
-2.445017676528937756e-03
-5.314013001760153898e-03
-8.205230549213626823e-03
-1.113924625901607790e-02
-1.498714135787593271e-02
-1.773391446088501411e-02
-2.069179867500503534e-02
-2.394968288912491250e-02
-2.762978932546733546e-02
-2.875434020625400322e-02
-2.889000219815185400e-02
-2.672566419004962501e-02
-2.461688173750298247e-02
-2.256365484051181536e-02
-2.048820572129861350e-02
-1.942194326746737865e-02
-1.772536070831454147e-02
-1.540546714465695910e-02
-1.289668469211036061e-02
-1.033234668400817569e-02
-7.523564231461388196e-03
-4.414781778914855792e-03
-1.650443770812692890e-03
1.125005348400542893e-03
3.511565578725006631e-03
5.987014697938275454e-03
8.006908261596112908e-03
7.717615159871682451e-03
6.780864385691143248e-03
5.611869060460072944e-03
3.231762624117617833e-03
1.584989521108748356e-03
-1.084005804122378791e-03
-3.075223351575728792e-03
-5.844218676807066970e-03
-8.346547335371323761e-03
-1.160443154949153399e-02
-1.342898243027801364e-02
-1.688494219866909507e-02
-1.908835963951649450e-02
-2.206846607585877251e-02
-2.433745828731792571e-02
-2.699534561520988696e-02
-2.989767427377432174e-02
-3.047778071011653100e-02
-2.900233159090326307e-02
-2.541577136057882047e-02
-2.251810001914344994e-02
-1.822042867770778951e-02
-1.571164622516108000e-02
-1.040121749051936551e-02
-5.215779256045993684e-03
2.263365298340591636e-04
5.768452315713878953e-03
1.037723476826057922e-02
1.461935055414054219e-02
1.669479967335385506e-02
1.583691545923382460e-02
1.343458680066944577e-02
1.089892480877152625e-02
6.907707261318063452e-03
3.373969715149360837e-03
-5.516699479202191725e-04
-3.687331939817739546e-03
-7.356327265049200648e-03
-1.083643370139153461e-02
-1.421654013773365755e-02
-1.792997990740907710e-02
-1.971008634375159829e-02
-1.771241500231601762e-02
-1.368141032754699449e-02
-1.016151676388932223e-02
-4.963845422453871947e-03
-1.642027413067070896e-03
4.910110701641268172e-03
1.049667093196560153e-02
1.608323116229004590e-02
2.049201361483665718e-02
2.255635162293878615e-02
2.133180074215212940e-02
1.536280541692092161e-02
9.104921202800930757e-03
3.213703655347566190e-03
-3.210847225439072972e-03
-9.768731439559141805e-03
-1.445802454128330972e-02
-1.916144198213098893e-02
-1.951932619625085241e-02
-1.631054374370410898e-02
-1.183509462449106042e-02
-7.381867727499935583e-03
-2.461974163841973429e-03
2.669030510926817534e-03
7.477812963473384755e-03
1.125326208268673245e-02
1.287315564634428089e-02
1.248358438098629009e-02
9.969022615459621761e-03
6.344471734673007290e-03
1.697698631664024127e-03
-2.982407804678288699e-03
-8.362514241020302386e-03
-1.164262067736276940e-02
-1.554494933592720507e-02
-1.842505577226938307e-02
-1.870516220861173640e-02
-1.588526864495387603e-02
-1.274315285907390294e-02
-8.310223738576039132e-03
-3.558085623867834890e-03
1.595141273123212855e-03
6.881701503447579249e-03
1.094603951154982102e-02
1.424371085298525852e-02
1.424138219442083741e-02
1.073905353585635769e-02
4.892280432847395666e-03
7.899517742829820222e-04
-5.812376884281489353e-03
-1.097944776378356746e-02
-1.529397631574203054e-02
-1.910741608541766112e-02
-2.146530029953763741e-02
-2.023429562476886101e-02
-1.656995761666657518e-02
-1.258339738634217664e-02
-7.452392711573385675e-03
-1.376943592360069246e-03
5.942953085069646590e-03
1.280728797939989505e-02
2.021607043194639797e-02
2.618205472214396590e-02
3.091221452677139769e-02
2.976547567525478222e-02
2.547425812780146348e-02
2.119415169145910660e-02
1.605848969956136241e-02
1.113393881877466907e-02
6.531610160210199467e-03
2.107059279423451059e-03
-3.717491601363365206e-03
-5.064264704372267722e-03
-4.877704474047783734e-03
-1.633942406072286246e-03
2.018162495067366002e-03
5.738056058725238273e-03
9.546838511271804606e-03
1.366673207492963282e-02
1.811995897192064664e-02
2.206207475780075367e-02
2.570419054368056067e-02
2.759075077400507947e-02
3.011064433766286186e-02
2.915276012354273139e-02
2.800791146626302464e-02
2.540449402541555823e-02
2.309105425573998449e-02
2.001094781939771750e-02
1.626417471638874623e-02
1.370629050226879198e-02
1.112618406592646991e-02
8.757188740695420748e-03
6.765971193241959725e-03
4.774753645788720746e-03
4.005758320557384344e-03
4.225651884215197995e-03
4.958581004713136231e-03
6.110719119421292866e-03
7.397279349745766730e-03
1.026162047162004765e-02
1.238151092150563404e-02
1.461251559627452234e-02
1.731018693770991490e-02
1.988563605692339475e-02
2.066108517613673978e-02
2.176986762868327041e-02
2.240087230345211289e-02
2.155409920044326633e-02
1.970897237952973224e-02
1.807218839178070802e-02
1.528097084432722408e-02
1.282308663020736983e-02
1.020964686053160708e-02
8.262873757522770646e-03
6.527211765624985063e-03
3.802660884838160449e-03
2.900332226273727443e-03
2.164947360085767158e-03
2.451541841902327157e-03
3.284192798766571997e-03
4.414075477684242799e-03
6.100635708008783631e-03
8.431640382777660925e-03
1.100708950199080771e-02
1.368253862120416553e-02
1.661354329597297674e-02
1.843343685963072520e-02
2.000888597884420417e-02
2.081766843139076784e-02
2.030422866171510687e-02
1.829078889203938907e-02
1.607927356809291108e-02
1.259807834946802263e-02
9.317971913125555616e-03
4.837865476783220764e-03
1.468870151552170711e-03
-2.344569618123348853e-03
-6.791342721132354043e-03
-8.804782490808071849e-03
-1.198488892714999476e-02
-1.047610647460350819e-02
-6.333990688723756257e-03
-2.467728234892274664e-03
2.839965435371460956e-03
8.482081221251380754e-03
1.569086367379801672e-02
2.212186834856688655e-02
2.867509524555800215e-02
3.397276658699333041e-02
3.810377126176234253e-02
3.694588704764234510e-02
3.405466950018887218e-02
2.937456306384667037e-02
2.388334551639315073e-02
1.833821869547969108e-02
1.269032359661959042e-02
7.310217160277465709e-03
9.189996128241562090e-04
-2.494440156851518431e-03
-9.967688154161047365e-04
4.089791414908505729e-03
9.054129423010537359e-03
1.397402298666827747e-02
1.890502766143731250e-02
2.530269900287274165e-02
3.086701521457080322e-02
3.508885502036163118e-02
3.889654869062542097e-02
3.952755336539437447e-02
3.793633581794086940e-02
3.391178493715418796e-02
2.896501183414534886e-02
2.447379428669194112e-02
1.841591007257181722e-02
1.265802585845188233e-02
7.722363866554005085e-03
2.120035207989534598e-03
-3.313702338179180806e-03
-5.161564223470915813e-03
-1.741670659813232547e-03
3.978222903844530478e-03
8.242560911946639202e-03
1.291801003116010982e-02
1.852679248370658893e-02
2.366890826958656380e-02
2.826657961102219119e-02
3.219758739956302129e-02
3.556192229389321113e-02
3.640403807977321549e-02
3.485918942249344177e-02
3.137799420386822025e-02
2.797566554530372951e-02
2.336222577562818703e-02
1.781545267261919196e-02
1.413534623627699105e-02
8.788573133267973958e-03
4.297355585814677248e-03
6.138038361247488695e-06
-3.873968397981153444e-03
-5.242963723211979676e-03
-3.743646099681363637e-03
2.084588014586996607e-04
4.172796809560841425e-03
8.214912595440937437e-03
1.219036171465415208e-02
1.695469972275631676e-02
2.110792661974736362e-02
2.576115351673835541e-02
2.904771374706283105e-02
3.248982953294277110e-02
3.425416754104504413e-02
3.338517221581382977e-02
2.996254578075630004e-02
2.672579500657557006e-02
2.316791079245561491e-02
1.873224880055768260e-02
1.484103125310443083e-02
1.008314703898438580e-02
6.669707269308711162e-03
4.156267499633270468e-03
2.076161063290893338e-03
2.849435158374102883e-04
-3.729189018785161736e-04
-1.971380129139888027e-05
8.021042080954554621e-04
2.765353433914818915e-03
4.485246997572467365e-03
7.127362783452273476e-03
8.613923013776836335e-03
1.143381969120649266e-02
1.425371014109233503e-02
1.691804814919450894e-02
1.939349726840766674e-02
2.139116860984335844e-02
2.228883995127883821e-02
2.266621351622111202e-02
2.154057385315144568e-02
2.044935630569821861e-02
1.761368185871237113e-02
1.596692121079146265e-02
1.266459255222696090e-02
1.030670833810709563e-02
7.237713012875901519e-03
4.579828798755736230e-03
2.233055695746943847e-03
3.072703718243197102e-05
-1.849379399159856163e-03
-3.316728442295580059e-03
-4.764623541155699193e-03
-5.778063310831416111e-03
-3.847058636062383741e-03
-3.560498405737910765e-03
-1.462827064302563151e-03
8.126220549108387203e-04
3.710293396346320272e-03
6.796853626670706916e-03
1.063896941255071393e-02
1.445886297620846417e-02
1.884542320653281866e-02
2.315613010480865874e-02
2.758604599729452822e-02
3.175038400539664796e-02
3.394805534683220660e-02
3.587906002160112795e-02
3.602117580748109837e-02
3.507440270447215180e-02
3.318318515701879079e-02
3.118085649845436791e-02
2.842297228433432466e-02
2.577619918132523225e-02
2.248690607960113219e-02
1.896126641653139711e-02
1.579227109130043605e-02
1.115660909940252576e-02
7.809835996393510449e-03
3.729729560051353587e-03
-3.392657651798414165e-04
-4.663816645966600838e-03
-6.321700860086654217e-03
-5.368473963095587997e-03
-2.293024843882052188e-03
1.926868719775542971e-03
4.803964121084192129e-03
8.745235036822784913e-03
1.137627396308382721e-02
1.558506264317438550e-02
1.964939442373259126e-02
2.512484354294597377e-02
2.983362599549255201e-02
3.458685289248364381e-02
3.948452423391912713e-02
4.228219868912663770e-02
4.456876203322313046e-02
4.640141714178336318e-02
4.736462277479425165e-02
4.739562744956327123e-02
4.511552101322091612e-02
4.331319235465658224e-02
4.193308591831423904e-02
4.026409370685501976e-02
3.853954593984054711e-02
3.587055061460930894e-02
3.287932683961192204e-02
2.995477907259724848e-02
2.685244730026059568e-02
2.329648960771779631e-02
1.998195897991128511e-02
1.687963032134676133e-02
1.291063499611577736e-02
9.008306337551119647e-03
6.472644345653422171e-03
5.703649020422307814e-03
6.167987028524390958e-03
7.587880592182072448e-03
8.452218600284333583e-03
9.205445497275421829e-03
9.414227949821940555e-03
1.061382373698671611e-02
1.172151740725035918e-02
1.331918874868587288e-02
1.466130764833784017e-02
1.704786476489028590e-02
1.927886943965917421e-02
2.129876300331690064e-02
2.415198990030797965e-02
2.733855013063235528e-02
2.980288813873455123e-02
3.260055948017015481e-02
3.472209932592318360e-02
3.547420422706315524e-02
3.666073020589533105e-02
3.773621357660095210e-02
3.854499602914740475e-02
3.865377848169404551e-02
3.785172694883942590e-02
3.700498809732266636e-02
3.588043721653588758e-02
3.442255300241581217e-02
3.243133545496257319e-02
3.017345124084258590e-02
2.586165775326232374e-02
2.289154043218000201e-02
1.914477667048719578e-02
1.639799422616217139e-02
1.316233223426432897e-02
1.028222579792215097e-02
7.102119361579783963e-03
3.799790703015393234e-03
2.153017600006412735e-03
3.106244496997589977e-03
5.159471393988535048e-03
8.501587179868597133e-03
1.057896074481079474e-02
1.356443219285252688e-02
1.726210353428792033e-02
2.019311132282886057e-02
2.436855732827025722e-02
2.767732732572869558e-02
3.066390001114127628e-02
3.218379357479894676e-02
3.359257602734544434e-02
3.451246959100329192e-02
3.494347426577204541e-02
3.519862560849229549e-02
3.521743038986713259e-02
3.467065728685814197e-02
3.390166196162691659e-02
3.232155552528492848e-02
3.075254463119370119e-02
2.835023465526109732e-02
2.442568066070249788e-02
2.087890755769361562e-02
1.626546778801807314e-02
1.312980579612021970e-02
7.949699359777961938e-03
3.149016983308827733e-03
-7.544336711068355683e-04
-1.534540107449133828e-03
1.152020122875407893e-03
4.805247019866398794e-03
8.336251694635365972e-03
1.246725636940415605e-02
1.685381659972851054e-02
2.132926571894178114e-02
2.663805128526053334e-02
2.909127506847952738e-02
3.122420418897731142e-02
3.175412008146338838e-02
3.426290253401009789e-02
3.477168498655669460e-02
3.263602299465884204e-02
3.144480856097753296e-02
2.912025456641864629e-02
2.580681479674329371e-02
2.036004169373428763e-02
1.556882414628080191e-02
1.028871770993866619e-02
6.086389051374152537e-03
2.352651505205582971e-03
2.204789619913771759e-03
4.924683183571421097e-03
8.833465636117976416e-03
1.323113697755351481e-02
1.767325276343345575e-02
2.329314632709122979e-02
2.680192877963794018e-02
2.955515567662903020e-02
3.186393812917553969e-02
3.580605391505553570e-02
3.390372525649110180e-02
2.915887659921123642e-02
2.859990360280828536e-02
2.651980028023803726e-02
2.247302406345719206e-02
1.637069540489255459e-02
9.623922301883691688e-03
3.399371421097141521e-03
-4.847401681911889249e-03
-1.061638455205504705e-02
-1.175205899904074869e-02
-9.221054324272004443e-03
-5.366181145185611179e-03
-4.807429107122063172e-04
4.705817319612171090e-03
1.098126643882546549e-02
1.799004889137201246e-02
2.310994245502984157e-02
2.715205824090971554e-02
3.048306291567859372e-02
3.603628981266959741e-02
3.618951670966064071e-02
2.872052449820172715e-02
2.566263717030969893e-02
2.532889962414086593e-02
2.370325996107136568e-02
2.158982019139554787e-02
1.867638042172015123e-02
1.427405176315565960e-02
1.067172310459119089e-02
5.758283334915570428e-03
1.567065787462240678e-03
-2.435262871102183979e-03
-3.437591529666828016e-03
-2.739917074459197188e-03
-1.440324401066672699e-03
1.895914914193941314e-04
1.576151721743856982e-03
2.729381732506697134e-03
3.638161071281453829e-03
4.913610190494632768e-03
4.755725976374747255e-03
5.997841762254707554e-03
5.462179770356789810e-03
5.737628889570078883e-03
6.057522453227881520e-03
5.899638239107884985e-03
5.865900692939018946e-03
5.206927696536189920e-03
4.704605265515859891e-03
4.457825934962800218e-03
3.922163943064993497e-03
2.919835284500460482e-03
3.273062181491592781e-03
2.026289078482679251e-03
2.301738197695968324e-03
1.888298428020407371e-03
2.074858658344669315e-03
1.416974444224616825e-03
1.182958734422201452e-03
9.350636355621722018e-04
1.177179421442131613e-03
4.859618739888604821e-04
-3.858900679776233744e-05
-3.409612581706245038e-04
-7.765796572601901815e-04
-8.122416491579409481e-04
-1.292348085500272248e-03
-1.339121188509095894e-03
-1.608116513740265319e-03
-1.575187393242361011e-03
-1.756382611867501886e-03
-1.747600159320850111e-03
-2.016595484552019535e-03
-2.241143251566768413e-03
-2.054586135014302428e-03
-3.079133902028963199e-03
-3.503687896587726058e-03
-3.628238777374503954e-03
-3.386122991494433521e-03
-3.755118316725591932e-03
-3.890780308623442707e-03
-3.891184521458979084e-03
-3.794601962306076715e-03
-3.852486176426195286e-03
-3.977037057212973181e-03
-5.079365715777495183e-03
-4.959472152119670518e-03
-5.250689699572985703e-03
-5.064129469248612736e-03
-5.322013683368709280e-03
-5.435453453044192251e-03
-5.293337667164332849e-03
-5.828999659062028549e-03
-5.385237591086888820e-03
-5.733132689946796035e-03
-5.646572459622523077e-03
-6.704456673742531514e-03
-6.628730428819284981e-03
-6.564358169225070760e-03
-6.333353494456073207e-03
-6.769015486353890942e-03
-6.604677478251885780e-03
-6.907006136816273845e-03
-7.031557017603051740e-03
-6.887794949627767949e-03
-7.102356715154356515e-03
-6.882463151496653886e-03
-8.040347365616651309e-03
-7.687120468625519010e-03
-8.033893571634420638e-03
-8.136222230198941752e-03
-8.149661999874546758e-03
-7.951990658438989890e-03
-8.098763761448024567e-03
-8.034422639573879366e-03
-8.625640187027161510e-03
-8.481599955418084313e-03
-8.618353843370840650e-03
-9.476238057490871114e-03
-9.589677827166576130e-03
-9.425339819064237901e-03
-9.172112922073094587e-03
-9.463330469526520794e-03
-9.398992461424393596e-03
-9.556876675544390132e-03
-9.570316445220106161e-03
-9.517089548228940821e-03
-9.795269462994027343e-03
-9.954244535244960446e-03
-9.923239860476051888e-03
-1.078112407459619337e-02
-1.100567495538284923e-02
-1.078578139172503558e-02
-1.088811005028966772e-02
-1.094599426440978629e-02
-1.123721181186287943e-02
-1.106176269264969036e-02
-1.129742468454753013e-02
-1.119975022933994424e-02
-1.155598954526337874e-02
-1.109277526288554583e-02
-1.190621503256106273e-02
-1.180854369112582791e-02
-1.227753901635675327e-02
-1.235764545269912862e-02
-1.219330744459690141e-02
-1.261758119967382186e-02
-1.253098671785712881e-02
-1.291109315419947112e-02
-1.230231070165277441e-02
-1.311575047132840233e-02
-1.329421062557534228e-02
-1.368655016887987408e-02
-1.326665660522208245e-02
-1.350231859711981119e-02
-1.373798058901776198e-02
-1.384030924758228309e-02
-1.368708235059112877e-02
-1.387829989804445496e-02
-1.385840633438673031e-02
-1.401629054850683787e-02
-1.395195254040459965e-02
-1.400791230879561144e-02
-1.472244086075402691e-02
-1.492476951931864804e-02
-1.542709817788301407e-02
-1.472942683644740125e-02
-1.509842216167867068e-02
-1.512297304246523755e-02
-1.515863503436309934e-02
-1.501651924848312891e-02
-1.538551457371428732e-02
-1.534339878783441691e-02
-1.545683855750989988e-02
-1.621279832590083458e-02
-1.543843798897037711e-02
-1.637409998086825080e-02
-1.632087308387719649e-02
-1.664542396466395235e-02
-1.641441928989506582e-02
-1.657230350401506236e-02
-1.651907660702389702e-02
-1.692140526558849611e-02
-1.666817836859757485e-02
-1.658161502450095082e-02
-1.770452273696432322e-02
-1.750797027760797597e-02
-1.783252427216663882e-02
-1.753485293073109297e-02
-1.774829270040667595e-02
-1.800617691452677249e-02
-1.793072779531357241e-02
-1.766638667343933822e-02
-1.826871844577582227e-02
-1.844882488211807559e-02
-1.896226465179362553e-02
-1.860876062909277984e-02
-1.910940875406963446e-02
-1.925730385292978575e-02
-1.922629917816087719e-02
-1.908418339228090677e-02
-1.927540093973423296e-02
-1.943328515385434052e-02
-1.951339159019649383e-02
-1.967127580431660139e-02
-1.945138224065900978e-02
-2.070926645477899619e-02
-1.946715066889903589e-02
-2.031392377190799348e-02
-2.024766131807664848e-02
-2.065107875892402411e-02
-2.047562963971072403e-02
-2.058906940938631802e-02
-2.075806473461749846e-02
-2.088261561540405431e-02
-2.101827760730190509e-02
-2.065393959919981093e-02
-2.150071270220865749e-02
-2.149193024966200571e-02
-2.196092557489326413e-02
-2.160577423217313608e-02
-2.212030278413146256e-02
-2.196707588714053028e-02
-2.223607121237158868e-02
-2.188284431538045638e-02
-2.240739519616719022e-02
-2.223194607695400116e-02
-2.220094140218509260e-02
-2.220326694697760672e-02
-2.253893205264734245e-02
-2.341903848898951868e-02
-2.287692270310970333e-02
-2.347760507957874498e-02
-2.326994462288312082e-02
-2.345004794545346716e-02
-2.319682416223434185e-02
-2.356581948746550026e-02
-2.383481481269678071e-02
-2.364825458237218569e-02
-2.399502768538119835e-02
-2.433068967727913812e-02
-2.453301833584353719e-02
-2.461312477218580153e-02
-2.487100587253365802e-02
-2.460474445662652609e-02
-2.468594175109961597e-02
-2.499938152077529896e-02
-2.509059906822863617e-02
-2.492626106012640896e-02
-2.499525327158558241e-02
-2.530869615503306136e-02
-2.594435814693107911e-02
-2.592446458327335446e-02
-2.562679324183758656e-02
-2.610689967818013990e-02
-2.596285944657106270e-02
-2.624405466519619257e-02
-2.634638332376060266e-02
-2.653760087121392885e-02
-2.622881530489529212e-02
-2.649781374389847954e-02
-2.633347573579614131e-02
-2.752469328324980147e-02
-2.712702194181415560e-02
-2.734046171148962756e-02
-2.750945703672091902e-02
-2.762289680639640199e-02
-2.744552116560605715e-02
-2.747116290452367160e-02
-2.789571378531030543e-02
-2.773137577720830027e-02
-2.765592665799487815e-02
-2.753603309433705348e-02
-2.876058397512393228e-02
-2.862957930035503473e-02
-2.913190795891940077e-02
-2.867868106192839051e-02
-2.893656216227635802e-02
-2.899280320807318123e-02
-2.892958719582183758e-02
-2.910969363216442396e-02
-2.923424139917896181e-02
-2.924768428262647380e-02
-2.911667960785768727e-02
-3.024123048864435503e-02
-3.011022581387556851e-02
-3.010144024755700976e-02
-3.005932757544893530e-02
