-3.733080220497656683e+02
-1.498945509153775113e-01
3.404222032640084883e-02
-5.998138268979888466e+01
-1.767277879040426285e+02
9.676228987511548212e+02
-1.081143355338608671e+02
2.187183069542729186e+02
3.230073169764671661e+02
-6.571957717761195283e+01
4.775930931109367350e+01
2.342023070378490601e+01
6.115645147149255934e+01
1.170414044632101991e+02
1.609241629306173138e+02
-2.297218715855383095e+02
7.500049204724292906e+01
-1.627229393247544564e+01
8.404396785913499457e+01
-1.687313305970340593e+02
-1.556042792387140139e+02
6.788182609039810700e+01
6.363707009954678284e+01
-1.168315383859458052e+02
-5.064167740419741826e+00
-2.181914767790063792e+01
-3.588814153081596459e+01
-1.568747279973550519e+02
-1.639874614462323734e+02
1.935763670957912836e+02
-6.717198283288378491e+01
1.325750477158279494e+01
-3.491457707894141294e+01
5.098694017445534143e+01
3.744441880404869494e+01
-2.423680868736712313e+01
4.569073120926633180e+01
6.100995281609888821e+01
-3.456864706253154651e+01
-3.377604561654024451e+01
1.060088270043097047e+01
-2.109948949922782813e+00
6.604747897557078318e+01
-2.287955747297195686e+01
3.181915983831864470e+00
-6.747828209178538827e+01
-6.441055174390452009e+01
3.451850217906893903e+01
-1.363830673445720265e+01
1.883824546531642241e+01
-6.612960542347194348e+01
2.313767793084274516e+01
-1.127774386251191724e-01
2.913911960681780755e+01
-2.605978061738648677e+01
6.796830416376948847e+01
3.639455570964856435e+01
2.620897762120472407e+01
-1.064922186905875279e+01
3.331958278124254491e+00
1.135835536360466307e+02
-2.436437578666308834e+00
1.433714964524583202e+01
-4.487316785595772473e+01
3.243873953399249643e+01
-1.843743357952866901e+01
1.811873943561306266e+00
-2.952822572915189125e-01
4.538795211530496232e+01
-7.131311438504491207e+01
-5.060106960213153826e+01
-1.516002601723997145e+01
1.320893662343053698e+01
5.180601174925365093e+00
-6.035965087749836755e+01
5.918390840377747963e+01
3.500868065652492866e+00
-5.065719535231378501e+01
4.237232399256238580e+01
-1.208054580628231234e+00
2.438368276037942428e-01
-4.834774201720068731e+01
-5.040077160747673446e+01
6.142685668413244571e+01
1.965094738601549373e+00
1.161771090542190077e+00
5.665953763434134061e+01
-9.434483535780593400e+00
-1.223128658400256796e+01
-7.659234008026722051e+01
4.364940488573855504e+01
5.997849378920864005e+00
-4.232681108580178631e+01
-1.715365056592952442e+01
-3.425033731071765342e+00
-4.099240847280879763e+01
-3.293802438254910214e+01
-4.371359484944342455e+00
-1.121631203165613222e+01
9.922101559357271228e+00
-1.134947898289765789e+02
2.354505932306107141e+01
1.054133817510633264e+01
7.021811050639431073e+01
-3.415280864930684146e+01
2.728165337072303842e+01
2.747493795744953360e+01
2.670407538611057063e+01
2.899477876379652572e-03
1.609628866310556461e+01
6.625687360124551617e+01
3.543709656648775308e+01
1.905245212274353506e+01
-7.151530831502380181e+01
6.290790354799712247e+01
-2.073942486702016907e+01
-3.430464897341009567e-01
-3.180031384835373842e+00
-6.022181802864733413e+01
-3.519578858152642198e+01
-1.515515547348544878e+01
5.107037407806347318e+01
3.838470061170311709e+01
-1.757316361443525565e+01
-5.070097975275791669e+01
4.654813028579363987e+01
-3.162993491044816707e+01
9.626085340450213579e+00
2.726361882019816463e+01
1.836063145702054840e+02
7.979214941780544734e+01
-1.594401938448676219e+02
1.409636265133194684e+02
-2.243869280118725840e+01
3.828323759346221777e+01
-1.143882918867374485e+02
-8.992941491208886973e+00
7.670589777195284853e+01
-5.054631235091856212e+01
-1.708227501595053752e+02
1.361852892406831756e+02
-9.101161299153497808e+00
-7.232426287085701233e+01
-2.220124663574178498e+02
-8.877977280938793569e+01
1.199631262999252783e+02
-1.445411501527352982e+02
2.073155779538649313e+01
-6.190964297986529630e+01
-5.983914348080934076e+01
-5.320256210897139937e+01
1.816644631189672339e+02
-1.942531789328899663e+02
6.621960035907929978e+02
7.477539030263871211e+01
-3.097226251127753827e+01
1.055916012368113570e+02
5.952391618693408937e+00
5.010115807710527633e+02
4.936247109557020707e+01
1.296789635744259499e+02
-6.370442756418905219e+02
7.476699162142941191e+01
-1.058174641000445604e+02
-2.365758288280249815e+02
2.454580991951164037e+01
-1.389608046964206345e+01
-9.372869943240765167e+00
-2.012247412250482981e+01
-3.809043300500876938e+01
-5.971028746836525869e+01
7.922403033179230647e+01
-2.048786616551352679e+01
8.371357445907101180e+00
-3.240598703637440536e+01
5.556422572664280324e+01
5.915924278727491270e+01
-1.936683544233757104e+01
-2.589394105311701111e+01
3.964050496466715856e+01
6.675832562328996467e+00
7.515983102775088298e+00
1.107396201513338418e+01
5.122570687148202495e+01
6.323312719579895003e+01
-6.821027866170268794e+01
1.805310770358433459e+01
-6.064066585456457936e+00
1.427006742376466697e+01
-1.853702155548514341e+01
-1.490216659057671578e+01
1.017446396763078909e+01
-1.330595100209199799e+01
-2.378629281856519384e+01
9.881516772213082334e+00
1.066879272506077925e+01
-2.119218613969822140e+00
7.215478757277606903e-01
-2.442187952530778716e+01
8.478295949946838661e+00
-1.874350487415034516e+00
2.146814625761041384e+01
2.201683351752603457e+01
-1.115885951641408624e+01
2.736562226803362474e+00
-7.162246037154603506e+00
2.216519919856418142e+01
-6.621652388426557678e+00
3.317399960516314583e-01
-1.031722339108956277e+01
8.206423814160419994e+00
-2.207897020540344357e+01
-1.294413055118617883e+01
-9.705354562666880014e+00
3.519624686124869228e+00
1.159400652314861890e+00
-3.799032840414732703e+01
3.077787085990922322e-01
-6.034158132530285101e+00
1.653178988410806127e+01
-1.050765119757499200e+01
6.519531236756289871e+00
3.703223847027829058e-02
2.363604424316107178e+00
-1.591034355421524538e+01
2.183986315350957241e+01
1.910899138116059248e+01
7.039490038018949569e+00
-4.474746874403985331e+00
-3.329260200864619712e+00
2.136964594189676703e+01
-1.898276266044150873e+01
-2.946602430696849240e+00
1.756419524799031961e+01
-1.161805410722103638e+01
5.180967945694006094e-01
-2.394315738013362560e-01
1.523308773651243797e+01
1.966476431904105837e+01
-2.122374190500154256e+01
-2.554228059155235986e+00
7.548896650962005905e-01
-1.768024562665653932e+01
1.301316417870639564e+00
3.534516816991391863e+00
2.716021096150536351e+01
-1.213074986282188483e+01
-3.951309779844909276e+00
1.286108517913129212e+01
5.212674008568654038e+00
1.570094076677190698e+00
1.264908855534605792e+01
1.107574435100144505e+01
2.213753186561028929e+00
2.858541505543686689e+00
-5.466847467635532531e+00
3.792143566606482352e+01
-7.055528210052056437e+00
-3.436390606050471419e+00
-2.426752510102739890e+01
1.067322089001278407e+01
-8.467082698712715683e+00
-9.591476670019888573e+00
-1.017021201652180906e+01
-1.941483910776526378e-01
-4.441516264186323504e+00
-2.226748499751099786e+01
-1.204833131435214000e+01
-8.247990569950118811e+00
2.551857679691679692e+01
-2.042532598467606064e+01
6.374633124471973389e+00
-9.987429690131748306e-01
1.713122133617481335e+00
1.862575210358450661e+01
1.210334184384144507e+01
6.677813396778693011e+00
-1.381565449015162983e+01
-1.370242316291970930e+01
3.449423308745330097e+00
1.835872884431393359e+01
-1.411445816454194180e+01
9.014501302634640112e+00
-2.376093527271886163e+00
-6.630185871571458556e+00
-5.817092502672914378e+01
-3.080511724814257590e+01
5.388896992324274748e+01
-4.002112399942822663e+01
8.109834029524595422e+00
-1.346269851150062458e+01
3.725839983817118650e+01
7.522276946370504369e+00
-2.835131976297168421e+01
1.266336385761528049e+01
5.771398171311076908e+01
-3.952399916556463921e+01
1.076249620453330058e+00
2.058454049205174741e+01
7.141459261910553380e+01
3.430622481658085832e+01
-4.099692015960454228e+01
4.318112362599126186e+01
-6.540248574061919840e+00
2.077917380884541387e+01
1.857467676645371668e+01
1.953290759576590929e+01
-5.395157083255642760e+01
4.310315408169343243e+01
-1.716900426045671111e+02
-2.098429902846242712e+01
5.350608642905797296e+00
-2.353731417582088170e+01
-2.063324521725695693e+00
-1.275793935726774038e+02
-1.508247902502825610e+01
-3.509436343740888020e+01
1.599656868416879831e+02
-2.040060957598261382e+01
1.469866334566215293e+01
6.460260813986819528e+01
