3.990599999999999703e-01
4.390600000000000058e-01
4.790599999999999858e-01
5.190600000000000769e-01
5.590600000000001124e-01
5.990600000000001479e-01
6.390600000000000724e-01
6.790600000000001080e-01
7.190600000000001435e-01
7.590599999999999570e-01
7.990599999999999925e-01
8.420996666666666908e-01
8.824600000000000222e-01
9.224599999999999467e-01
9.624599999999998712e-01
1.002459999999999907e+00
1.042460000000000164e+00
1.082459999999999978e+00
1.122460000000000013e+00
1.162460000000000049e+00
1.202460000000000084e+00
1.242460000000000120e+00
1.285410333333333099e+00
1.325759999999999827e+00
1.365760000000000085e+00
1.405759999999999899e+00
1.445759999999999934e+00
1.485759999999999970e+00
1.525760000000000005e+00
1.565760000000000041e+00
1.605760000000000076e+00
1.645759999999999890e+00
1.685760000000000147e+00
1.725759999999999961e+00
1.768710333333333384e+00
1.809059999999999890e+00
1.849059999999999926e+00
1.889060000000000183e+00
1.929060000000000219e+00
1.969060000000000032e+00
2.009059999999999846e+00
2.049059999999999437e+00
2.089059999999999473e+00
2.129060000000000397e+00
2.169059999999999988e+00
2.209059999999999580e+00
2.252099666666667055e+00
2.292460000000000164e+00
2.332459999999999756e+00
2.372459999999999791e+00
2.412459999999999827e+00
2.452460000000000306e+00
2.492459999999999454e+00
2.532459999999999933e+00
2.572460000000000413e+00
2.612460000000000448e+00
2.652371000000000478e+00
2.695399666666666416e+00
2.735760000000000414e+00
2.775760000000000005e+00
2.815759999999999597e+00
2.855759999999999632e+00
2.895760000000000556e+00
2.935760000000000147e+00
2.975759999999999295e+00
3.015759999999999774e+00
3.055760000000000254e+00
3.095760000000000289e+00
3.135759999999999437e+00
3.178710333333333526e+00
3.219060000000000255e+00
3.259059999999999846e+00
3.299059999999999881e+00
3.339059999999999473e+00
3.379060000000000397e+00
3.419059999999999988e+00
3.459059999999999580e+00
3.499059999999999615e+00
3.539060000000000539e+00
3.579060000000000130e+00
3.622010333333333332e+00
3.662360000000000504e+00
3.702359999999999651e+00
3.742360000000000131e+00
3.782360000000000166e+00
3.822360000000000202e+00
3.862360000000000237e+00
3.902359999999999829e+00
3.942359999999999864e+00
3.982360000000000788e+00
4.022359999999999935e+00
4.062359999999999971e+00
4.105399666666667002e+00
4.145759999999999224e+00
4.185759999999999259e+00
4.225760000000000183e+00
4.265760000000000218e+00
4.305760000000000254e+00
4.345760000000000289e+00
4.385760000000000325e+00
4.425760000000000360e+00
4.465759999999999508e+00
4.505759999999999543e+00
4.545759999999999579e+00
4.588710333333334113e+00
4.629059999999999064e+00
4.669059999999999988e+00
4.709060000000000024e+00
4.749060000000000059e+00
4.789060000000000095e+00
4.829060000000000130e+00
4.869060000000000166e+00
4.909060000000000201e+00
4.949059999999999349e+00
4.989060000000000272e+00
5.032010333333333918e+00
5.072359999999999758e+00
5.112359999999998905e+00
5.152359999999999829e+00
5.192360000000000753e+00
5.232359999999999900e+00
5.272359999999999935e+00
5.312359999999999971e+00
5.352360000000000895e+00
5.392360000000000042e+00
5.432359999999999189e+00
5.472360000000000113e+00
5.515310333333333759e+00
5.555659999999999599e+00
5.595660000000000522e+00
5.635659999999999670e+00
5.675660000000000593e+00
5.715659999999999741e+00
5.755660000000000664e+00
5.795659999999999812e+00
5.835660000000000736e+00
5.875659999999999883e+00
5.915659999999999030e+00
5.955660000000000842e+00
5.998699666666666985e+00
6.039060000000000095e+00
6.079060000000000130e+00
6.119060000000000166e+00
6.159060000000000201e+00
6.199059999999999349e+00
6.239060000000000272e+00
6.279060000000001196e+00
6.319060000000000343e+00
6.359059999999999491e+00
6.399060000000000414e+00
6.442010333333333172e+00
6.482359999999999900e+00
6.522359999999999935e+00
6.562359999999999971e+00
6.602360000000000895e+00
6.642360000000000042e+00
6.682360000000000078e+00
6.722360000000000113e+00
6.762359999999999260e+00
6.802359999999999296e+00
6.842360000000000220e+00
6.882360000000000255e+00
6.925310333333333013e+00
6.965660000000000629e+00
7.005660000000000664e+00
7.045659999999999812e+00
7.085660000000000736e+00
7.125659999999999883e+00
7.165660000000000807e+00
7.205660000000000842e+00
7.245659999999999101e+00
7.285659999999999137e+00
7.325659999999999172e+00
7.368610333333332818e+00
7.408959999999999546e+00
7.448959999999999582e+00
7.488959999999999617e+00
7.528959999999999653e+00
7.568960000000000576e+00
7.608959999999999724e+00
7.648960000000000647e+00
7.688960000000000683e+00
7.728959999999998942e+00
7.768959999999998978e+00
7.808959999999999013e+00
7.851999666666666933e+00
7.892360000000000042e+00
7.932360000000000966e+00
7.972360000000001001e+00
8.012360000000001037e+00
8.052360000000000184e+00
8.092360000000001108e+00
8.132359999999998479e+00
8.172360000000001179e+00
8.212360000000000326e+00
8.252359999999999474e+00
8.292360000000000397e+00
8.335310333333334043e+00
8.375659999999999883e+00
8.415660000000000807e+00
8.455659999999999954e+00
8.495660000000000878e+00
8.535660000000000025e+00
8.575660000000000949e+00
8.615660000000000096e+00
8.655658000000000740e+00
8.695660000000000167e+00
8.735659999999999314e+00
8.778610333333332960e+00
8.818960000000000576e+00
8.858959999999999724e+00
8.898960000000000647e+00
8.938959999999999795e+00
8.978960000000000719e+00
9.018959999999999866e+00
9.058960000000000790e+00
9.098959999999998161e+00
9.138960000000000861e+00
9.178960000000001784e+00
9.218960000000000932e+00
9.261910333333332801e+00
9.302260000000002194e+00
9.342259999999999565e+00
9.382260000000000488e+00
9.422259999999999636e+00
9.462260000000000559e+00
9.502259999999999707e+00
9.542260000000000630e+00
9.582259999999999778e+00
9.622260000000000701e+00
9.662260000000001625e+00
9.705299666666668656e+00
9.745660000000000878e+00
9.785660000000000025e+00
9.825660000000000949e+00
9.865660000000000096e+00
9.905660000000001020e+00
9.945660000000001943e+00
9.985659999999999314e+00
1.002566000000000024e+01
1.006565999999999939e+01
1.010566000000000031e+01
1.014565999999999946e+01
1.018861033333333133e+01
1.022896000000000072e+01
1.026895999999999987e+01
1.030895999999999901e+01
1.034895999999999816e+01
1.038896000000000086e+01
1.042896000000000178e+01
1.046896000000000093e+01
1.050896000000000008e+01
1.054895999999999923e+01
1.058896000000000015e+01
1.062895900000000005e+01
1.067191033333333472e+01
1.071226000000000056e+01
1.075225999999999971e+01
1.079226000000000063e+01
1.083225999999999978e+01
1.087226000000000070e+01
1.091225999999999985e+01
1.095226000000000077e+01
1.099225999999999992e+01
1.103226000000000084e+01
1.107225799999999793e+01
1.111529866666666777e+01
1.115565999999999924e+01
1.119557100000000105e+01
1.123564900000000044e+01
1.127566000000000024e+01
1.131557099999999849e+01
1.135556000000000054e+01
1.139555999999999969e+01
1.143556000000000061e+01
1.147555999999999976e+01
1.151556000000000068e+01
1.155555999999999983e+01
1.159859966666666686e+01
1.163896000000000086e+01
1.167896000000000001e+01
1.171896000000000093e+01
1.175896000000000008e+01
1.179896000000000100e+01
1.183896000000000015e+01
1.187895999999999930e+01
1.191896000000000022e+01
1.195895999999999937e+01
1.199896000000000029e+01
1.203895999999999944e+01
1.208191033333333309e+01
1.212226000000000070e+01
1.216225999999999985e+01
1.220226000000000077e+01
1.224225999999999992e+01
1.228226000000000084e+01
1.232225999999999999e+01
1.236225999999999914e+01
1.240225999999999829e+01
1.244226000000000099e+01
1.248225700000000060e+01
1.252521033333333378e+01
1.256555999999999784e+01
1.260556000000000054e+01
1.264555999999999969e+01
1.268556000000000061e+01
1.272555999999999976e+01
1.276556000000000068e+01
1.280555999999999983e+01
1.284555999999999898e+01
1.288555999999999990e+01
1.292555999999999905e+01
1.296555999999999997e+01
1.300859966666666701e+01
1.304895999999999923e+01
1.308896000000000015e+01
1.312895999999999930e+01
1.316896000000000022e+01
1.320895999999999937e+01
1.324896000000000029e+01
1.328895999999999944e+01
1.332896000000000036e+01
1.336896000000000129e+01
1.340896000000000043e+01
1.345191033333333586e+01
1.349225999999999992e+01
1.353226000000000084e+01
1.357225999999999999e+01
1.361225999999999914e+01
1.365226000000000184e+01
1.369226000000000099e+01
1.373226000000000013e+01
1.377225999999999928e+01
1.381226000000000020e+01
1.385226000000000113e+01
1.389226000000000028e+01
1.393521033333333570e+01
1.397555999999999976e+01
1.401556000000000068e+01
1.405555999999999983e+01
1.409555999999999898e+01
1.413555999999999990e+01
1.417555999999999905e+01
1.421555999999999997e+01
1.425555999999999912e+01
1.429556000000000182e+01
1.433555999999999919e+01
1.437556000000000012e+01
1.441851033333333731e+01
1.445885999999999960e+01
1.449886000000000053e+01
1.453885999999999967e+01
1.457886000000000060e+01
1.461886000000000330e+01
1.465886000000000067e+01
1.469885999999999981e+01
1.473885999999999719e+01
1.477885999999999989e+01
1.481886000000000081e+01
1.486189966666666606e+01
1.490226000000000006e+01
1.494226000000000099e+01
1.498226000000000013e+01
1.502225999999999750e+01
1.506226000000000020e+01
1.510226000000000113e+01
1.514226000000000205e+01
1.518225999999999765e+01
1.522225999999999857e+01
1.526226000000000127e+01
1.530225999999999864e+01
1.534521033333333229e+01
1.538555999999999813e+01
1.542555999999999905e+01
1.546556000000000175e+01
1.550555999999999912e+01
1.554556000000000182e+01
1.558555999999999919e+01
1.562556000000000012e+01
1.566555999999999926e+01
1.570556000000000019e+01
1.574555999999999933e+01
1.578556000000000026e+01
1.582851033333333390e+01
1.586886000000000330e+01
1.590886000000000067e+01
1.594885999999999981e+01
1.598885999999999719e+01
1.602885999999999811e+01
1.606885999999999726e+01
1.610886000000000351e+01
1.614885999999999910e+01
1.618885999999999470e+01
1.622885999999999740e+01
1.627181033333333460e+01
1.631215999999999511e+01
1.635216000000000136e+01
1.639215900000000303e+01
1.643215999999999966e+01
1.647215999999999880e+01
1.651216000000000506e+01
1.655216000000000065e+01
1.659215999999999624e+01
1.663215999999999894e+01
1.667216000000000165e+01
1.671216000000000079e+01
1.675519966666666605e+01
1.679556000000000182e+01
1.683556000000000097e+01
1.687555999999999656e+01
1.691556000000000282e+01
1.695556000000000196e+01
1.699556000000000111e+01
1.703555999999999671e+01
1.707556000000000296e+01
1.711556000000000211e+01
1.715555999999999770e+01
1.719851033333333490e+01
1.723886000000000251e+01
1.727885999999999811e+01
1.731885999999999726e+01
1.735886000000000351e+01
1.739885999999999910e+01
1.743885999999999470e+01
1.747885999999999740e+01
1.751886000000000365e+01
1.755885999999999925e+01
1.759885999999999839e+01
1.763886000000000465e+01
1.768181033333333474e+01
1.772215999999999880e+01
1.776216000000000506e+01
1.780216000000000065e+01
1.784215999999999624e+01
1.788215999999999894e+01
1.792216000000000165e+01
1.796216000000000079e+01
1.800215999999999994e+01
1.804216000000000264e+01
1.808216000000000179e+01
1.812215999999999738e+01
1.816511033333333813e+01
1.820546000000000220e+01
1.824545999999999779e+01
1.828546000000000049e+01
1.832545999999999964e+01
1.836545999999999879e+01
1.840545999999999793e+01
1.844546000000000063e+01
1.848546000000000333e+01
1.852545999999999893e+01
1.856546000000000163e+01
1.860849966666666333e+01
1.864885999999999910e+01
1.868885999999999470e+01
1.872885999999999740e+01
1.876886000000000365e+01
1.880885999999999925e+01
1.884886000000000195e+01
1.888886000000000109e+01
1.892886000000000024e+01
1.896885999999999939e+01
1.900886000000000209e+01
1.904886000000000124e+01
1.909181033333333133e+01
1.913215999999999894e+01
1.917215999999999809e+01
1.921216000000000079e+01
1.925215999999999994e+01
1.929215999999999909e+01
1.933216000000000179e+01
1.937215999999999738e+01
1.941216000000000008e+01
1.945216000000000278e+01
1.949216000000000193e+01
1.953511033333333202e+01
1.957545999999999964e+01
1.961545999999999879e+01
1.965545999999999793e+01
1.969546000000000063e+01
1.973546000000000333e+01
1.977545999999999893e+01
1.981546000000000163e+01
1.985546000000000078e+01
1.989545900000000245e+01
1.993545999999999552e+01
1.997545999999999822e+01
2.001849966666667058e+01
2.005877099999999658e+01
2.009876000000000218e+01
2.013876000000000133e+01
2.017876000000000047e+01
2.021875999999999962e+01
2.025876000000000232e+01
2.029876000000000147e+01
2.033875999999999706e+01
2.037875999999999976e+01
2.041875999999999891e+01
2.045876000000000161e+01
2.050179966666666687e+01
2.054215999999999909e+01
2.058216000000000179e+01
2.062215999999999738e+01
2.066216000000000008e+01
2.070216000000000278e+01
2.074216000000000193e+01
2.078216000000000108e+01
2.082215999999999667e+01
2.086216000000000292e+01
2.090215999999999852e+01
2.094511033333333572e+01
2.098546000000000333e+01
2.102545999999999893e+01
2.106546000000000163e+01
2.110546000000000078e+01
2.114545999999999992e+01
2.118545999999999552e+01
2.122545999999999822e+01
2.126546000000000092e+01
2.130546000000000006e+01
2.134546000000000276e+01
2.138546000000000191e+01
2.142841033333333201e+01
2.146875999999999962e+01
2.150876000000000232e+01
2.154875900000000044e+01
2.158875999999999706e+01
2.162875999999999976e+01
2.166876000000000246e+01
2.170875999999999806e+01
2.174875999999999721e+01
2.178875999999999991e+01
2.182876000000000261e+01
2.186875999999999820e+01
2.191179966666666346e+01
2.195216000000000278e+01
2.199215999999999838e+01
2.203216000000000108e+01
2.207216000000000378e+01
2.211216000000000292e+01
2.215215999999999852e+01
2.219216000000000122e+01
2.223216000000000392e+01
2.227207099999999684e+01
2.231206000000000245e+01
2.235509966666666770e+01
2.239545999999999992e+01
2.243545999999999552e+01
2.247545999999999822e+01
2.251546000000000092e+01
2.255545999999999651e+01
2.259546000000000276e+01
2.263546000000000191e+01
2.267546000000000106e+01
2.271546000000000021e+01
2.275546000000000291e+01
2.279546000000000205e+01
2.283841033333333215e+01
2.287875999999999976e+01
2.291876000000000246e+01
2.295875999999999806e+01
2.299875999999999721e+01
2.303875999999999991e+01
2.307876000000000261e+01
2.311875999999999820e+01
2.315876000000000090e+01
2.319876000000000360e+01
2.323875999999999920e+01
2.328171033333333284e+01
2.332206000000000401e+01
2.336205999999999960e+01
2.340205999999999875e+01
2.344206000000000145e+01
2.348206000000000060e+01
2.352205999999999619e+01
2.356206000000000245e+01
2.360206000000000159e+01
2.364206000000000074e+01
2.368205999999999634e+01
2.372205999999999904e+01
2.376509966666667140e+01
2.380545999999999651e+01
2.384546000000000276e+01
2.388546000000000191e+01
2.392546000000000106e+01
2.396546000000000021e+01
2.400546000000000291e+01
2.404546000000000205e+01
2.408545999999999765e+01
2.412546000000000035e+01
2.416546000000000305e+01
2.420546699999999873e+01
2.424841033333332874e+01
2.428875999999999991e+01
2.432876000000000261e+01
2.436875999999999820e+01
2.440876000000000090e+01
2.444876000000000360e+01
2.448875999999999920e+01
2.452875999999999479e+01
2.456876000000000460e+01
2.460876000000000019e+01
2.464875999999999578e+01
2.469171033333333654e+01
2.473206000000000060e+01
2.477205999999999619e+01
2.481206000000000245e+01
2.485206000000000159e+01
2.489206000000000074e+01
2.493205999999999634e+01
2.497205999999999904e+01
2.501206000000000174e+01
2.505205899999999986e+01
2.509206000000000003e+01
2.513206000000000273e+01
2.517501033333333282e+01
2.521536000000000044e+01
2.525536000000000314e+01
2.529536000000000229e+01
2.533535999999999788e+01
2.537536000000000058e+01
2.541536000000000328e+01
2.545535999999999888e+01
2.549535999999999802e+01
2.553536000000000072e+01
2.557536000000000342e+01
2.561839966666666513e+01
2.565876000000000090e+01
2.569876000000000360e+01
2.573875999999999920e+01
2.577875999999999479e+01
2.581876000000000460e+01
2.585876000000000019e+01
2.589875999999999934e+01
2.593875999999999848e+01
2.597876000000000474e+01
2.601876000000000033e+01
2.605875999999999948e+01
2.610171033333333668e+01
2.614206000000000074e+01
2.618205999999999634e+01
2.622205999999999904e+01
2.626206000000000174e+01
2.630206000000000088e+01
2.634206000000000003e+01
2.638206000000000273e+01
2.642206000000000188e+01
2.646205999999999747e+01
2.650205300000000364e+01
2.654206000000000287e+01
2.658501033333333297e+01
2.662535999999999703e+01
2.666536000000000328e+01
2.670535999999999888e+01
2.674535999999999802e+01
2.678535899999999970e+01
2.682536000000000342e+01
2.686535999999999902e+01
2.690536000000000172e+01
2.694536000000000442e+01
2.698536000000000001e+01
2.702831033333333011e+01
2.706866000000000128e+01
2.710866000000000042e+01
2.714866400000000368e+01
2.718866000000000227e+01
2.722866000000000142e+01
2.726866000000000057e+01
2.730865999999999971e+01
2.734866000000000241e+01
2.738866000000000156e+01
2.742865999999999715e+01
2.746865999999999630e+01
2.751169966666667221e+01
2.755206000000000088e+01
2.759206000000000003e+01
2.763206000000000273e+01
2.767206000000000188e+01
2.771205999999999747e+01
2.775206000000000017e+01
2.779206000000000287e+01
2.783205999999999847e+01
2.787205999999999406e+01
2.791206000000000387e+01
2.795206000000000301e+01
2.799501033333332956e+01
2.803536000000000072e+01
2.807536000000000342e+01
2.811535999999999902e+01
2.815536000000000172e+01
2.819536000000000442e+01
2.823536000000000001e+01
2.827535999999999561e+01
2.831535999999999831e+01
2.835536000000000101e+01
2.839536000000000016e+01
2.843831033333333380e+01
2.847865999999999786e+01
2.851866000000000412e+01
2.855865999999999971e+01
2.859866000000000241e+01
2.863865999999999801e+01
2.867865999999999715e+01
2.871865999999999985e+01
2.875866000000000255e+01
2.879866000000000170e+01
2.883865999999999730e+01
2.887866000000000000e+01
2.892169966666666880e+01
2.896197099999999836e+01
2.900196000000000396e+01
2.904195800000000460e+01
2.908195999999999870e+01
2.912196000000000140e+01
2.916196000000000410e+01
2.920195999999999970e+01
2.924195999999999884e+01
2.928195900000000407e+01
2.932195800000000219e+01
2.936499633333333392e+01
2.940536000000000527e+01
2.944536000000000087e+01
2.948536000000000001e+01
2.952535999999999561e+01
2.956535999999999831e+01
2.960535900000000353e+01
2.964535800000000165e+01
2.968535800000000080e+01
2.972535999999999845e+01
2.976535899999999657e+01
2.980536000000000030e+01
2.984830966666666896e+01
2.988865999999999801e+01
2.992865999999999715e+01
2.996865999999999985e+01
3.000866000000000255e+01
3.004866000000000170e+01
3.008865999999999730e+01
3.012866000000000000e+01
3.016866000000000270e+01
3.020866000000000184e+01
3.024866000000000454e+01
3.028866000000000014e+01
3.033161033333333734e+01
3.037196000000000140e+01
3.041196000000000410e+01
3.045195900000000222e+01
3.049195999999999884e+01
3.053196000000000154e+01
3.057195999999999714e+01
3.061196000000000339e+01
3.065195999999999898e+01
3.069196000000000168e+01
3.073195999999999728e+01
3.077499966666666253e+01
3.081535999999999831e+01
3.085537099999999811e+01
3.089536000000000016e+01
3.093536000000000286e+01
3.097535999999999845e+01
3.101527100000000203e+01
3.105526000000000053e+01
3.109526000000000323e+01
3.113525999999999883e+01
3.117525999999999797e+01
3.121526000000000067e+01
3.125829966666666948e+01
3.129866000000000170e+01
3.133865699999999777e+01
3.137866000000000000e+01
3.141866000000000270e+01
3.145866000000000184e+01
3.149866000000000454e+01
3.153866000000000014e+01
3.157865999999999929e+01
3.161865999999999488e+01
3.165866000000000469e+01
3.169866000000000028e+01
3.174161033333333037e+01
3.178196000000000154e+01
3.182195999999999714e+01
3.186195899999999881e+01
3.190195999999999898e+01
3.194196400000000224e+01
3.198195999999999728e+01
3.202196000000000708e+01
3.206196000000000623e+01
3.210195999999999827e+01
3.214196000000000453e+01
3.218491033333333462e+01
3.222526000000000579e+01
3.226525999999999783e+01
3.230526000000000408e+01
3.234526000000000323e+01
3.238526499999999686e+01
3.242525900000000405e+01
3.246526000000000067e+01
3.250525999999999271e+01
3.254525999999999897e+01
3.258525999999999812e+01
3.262525999999999726e+01
3.266829966666666962e+01
3.270865999999999474e+01
3.274866000000000099e+01
3.278866000000000014e+01
3.282865999999999929e+01
3.286866000000000554e+01
3.290866000000000469e+01
3.294865999999999673e+01
3.298866000000000298e+01
3.302865899999999755e+01
3.306865999999999417e+01
3.311161033333333137e+01
3.315196000000000254e+01
3.319196000000000168e+01
3.323195999999999373e+01
3.327196000000000708e+01
3.331195900000000165e+01
3.335195999999999827e+01
3.339196000000000453e+01
3.343195999999999657e+01
3.347195999999999572e+01
3.351196000000000197e+01
3.355196000000000112e+01
3.359491033333333121e+01
3.363525999999999527e+01
3.367526000000000153e+01
3.371526000000000067e+01
3.375525999999999271e+01
3.379525999999999897e+01
3.383525999999999812e+01
3.387525999999999726e+01
3.391526000000000352e+01
3.395526000000000266e+01
3.399526000000000181e+01
3.403526000000000096e+01
3.407821033333333105e+01
3.411856000000000222e+01
3.415855899999999679e+01
3.419856000000000051e+01
3.423855999999999966e+01
3.427855999999999881e+01
3.431856000000000506e+01
3.435855999999999710e+01
3.439855599999999924e+01
3.443856000000000250e+01
3.447855999999999455e+01
3.452159966666666691e+01
3.456196000000000623e+01
3.460195999999999827e+01
3.464196000000000453e+01
3.468195999999999657e+01
3.472195999999999572e+01
3.476196000000000197e+01
3.480196000000000112e+01
3.484196000000000026e+01
3.488196000000000652e+01
3.492195900000000108e+01
3.496196000000000481e+01
3.500491033333333490e+01
3.504525999999999897e+01
3.508525999999999812e+01
3.512525999999999726e+01
3.516526000000000352e+01
3.520526000000000266e+01
3.524526000000000181e+01
3.528526000000000096e+01
3.532525999999999300e+01
3.536526000000000636e+01
3.540525900000000092e+01
3.544821033333333560e+01
3.548855999999999966e+01
3.552855999999999881e+01
3.556855900000000048e+01
3.560855999999999710e+01
3.564856000000000336e+01
3.568856000000000250e+01
3.572855999999999455e+01
3.576856000000000080e+01
3.580856000000000705e+01
3.584855999999999909e+01
3.588856000000000535e+01
3.593151033333333544e+01
3.597185999999999950e+01
3.601185799999999659e+01
3.605186000000000490e+01
3.609186000000000405e+01
3.613185999999999609e+01
3.617186000000000234e+01
3.621186000000000149e+01
3.625185999999999353e+01
3.629185999999999979e+01
3.633185999999999893e+01
3.637185999999999808e+01
3.641489966666667044e+01
3.645526000000000266e+01
3.649526000000000181e+01
3.653526000000000096e+01
3.657525999999999300e+01
3.661527400000000654e+01
3.665526000000000550e+01
3.669525999999999755e+01
3.673526000000000380e+01
3.677525999999999584e+01
3.681525999999999499e+01
3.685821033333333219e+01
3.689856000000000336e+01
3.693856000000000250e+01
3.697855999999999455e+01
3.701855900000000332e+01
3.705856000000000705e+01
3.709855899999999451e+01
3.713856000000000535e+01
3.717855999999999739e+01
3.721855999999999653e+01
3.725856000000000279e+01
3.729856000000000193e+01
3.734151033333333203e+01
3.738185999999999609e+01
3.742186000000000234e+01
3.746185999999999439e+01
3.750185999999999353e+01
3.754185999999999979e+01
3.758185999999999893e+01
3.762185999999999808e+01
3.766186000000000433e+01
3.770185999999999638e+01
3.774186000000000263e+01
3.778186000000000178e+01
3.782489966666665993e+01
3.786526000000000636e+01
3.790526000000000550e+01
3.794525999999999755e+01
3.798517100000000113e+01
3.802515999999999963e+01
3.806516000000000588e+01
3.810515999999999082e+01
3.814516000000000417e+01
3.818516000000000332e+01
3.822515999999999536e+01
3.826819966666666772e+01
3.830856000000000705e+01
3.834855999999999199e+01
3.838856000000000535e+01
3.842855999999999739e+01
3.846855999999999653e+01
3.850856000000000279e+01
3.854856000000000193e+01
3.858856000000000108e+01
3.862856000000000734e+01
3.866855899999999480e+01
3.870855900000000105e+01
3.875150933333333825e+01
3.879185999999999979e+01
3.883185999999999893e+01
3.887185999999999808e+01
3.891186000000000433e+01
3.895185999999999638e+01
3.899186000000000263e+01
3.903186000000000178e+01
3.907186000000000092e+01
3.911186000000000718e+01
3.915186000000000632e+01
3.919480966666666433e+01
3.923516000000000048e+01
3.927515999999999963e+01
3.931516000000000588e+01
3.935515999999999082e+01
3.939516000000000417e+01
3.943516000000000332e+01
3.947515999999999536e+01
3.951516000000000162e+01
3.955515999999999366e+01
3.959515999999999281e+01
3.963515900000000158e+01
3.967819911111111253e+01
3.971855999999999653e+01
3.975856000000000279e+01
3.979856000000000193e+01
3.983856000000000108e+01
3.987856000000000734e+01
3.991855999999999227e+01
3.995847100000000296e+01
3.999845999999999435e+01
4.003846000000000060e+01
4.007845999999999975e+01
4.011845999999999890e+01
4.016149966666667126e+01
4.020185999999999638e+01
4.024186000000000263e+01
4.028186000000000178e+01
4.032186000000000092e+01
4.036186000000000718e+01
4.040186000000000632e+01
4.044185999999999126e+01
4.048186000000000462e+01
4.052185999999999666e+01
4.056185999999999581e+01
4.060481033333333301e+01
4.064516000000000417e+01
4.068516000000000332e+01
4.072515999999999536e+01
4.076516000000000162e+01
4.080515999999999366e+01
4.084515999999999281e+01
4.088515999999999906e+01
4.092515999999999821e+01
4.096515999999999735e+01
4.100516000000000361e+01
4.104515999999999565e+01
4.108811033333333285e+01
4.112845999999998980e+01
4.116846000000000316e+01
4.120845999999999520e+01
4.124845999999999435e+01
4.128846000000000060e+01
4.132845999999999975e+01
4.136845999999999890e+01
4.140846000000000515e+01
4.144845999999999009e+01
4.148845900000000597e+01
4.153149966666666870e+01
4.157185899999999634e+01
4.161186000000000718e+01
4.165186000000000632e+01
4.169185999999999126e+01
4.173186000000000462e+01
4.177185999999999666e+01
4.181185899999999833e+01
4.185186000000000206e+01
4.189186000000000121e+01
4.193186000000000035e+01
4.197177100000000394e+01
4.201479966666666854e+01
4.205515999999999366e+01
4.209515999999999281e+01
4.213515999999999906e+01
4.217515999999999821e+01
4.221515999999999735e+01
4.225516000000000361e+01
4.229515999999999565e+01
4.233516000000000190e+01
4.237516000000000105e+01
4.241516000000000020e+01
4.245516000000000645e+01
4.249811033333334365e+01
4.253846000000000060e+01
4.257845999999999975e+01
4.261845999999999890e+01
4.265846000000000515e+01
4.269845999999999009e+01
4.273846000000000345e+01
4.277846000000000259e+01
4.281845999999999464e+01
4.285846000000000089e+01
4.289846000000000714e+01
4.294141033333332302e+01
4.298176000000000130e+01
4.302176000000000045e+01
4.306175999999999959e+01
4.310175999999999874e+01
4.314176000000000499e+01
4.318176000000000414e+01
4.322175999999999618e+01
4.326175900000000496e+01
4.330175999999999448e+01
4.334175999999999362e+01
4.338175999999999988e+01
4.342479966666666513e+01
4.346515999999999735e+01
4.350515899999999903e+01
4.354515999999999565e+01
4.358516000000000190e+01
4.362516000000000105e+01
4.366516000000000020e+01
4.370516000000000645e+01
4.374516000000000560e+01
4.378515999999999053e+01
4.382516000000000389e+01
4.386515899999999846e+01
4.390810966666666104e+01
4.394845999999999009e+01
4.398846000000000345e+01
4.402846000000000259e+01
4.406845999999999464e+01
4.410845900000000341e+01
4.414846000000000714e+01
4.418845999999999208e+01
4.422846000000000544e+01
4.426845999999999748e+01
4.430845999999999663e+01
4.435141033333334093e+01
4.439176000000000499e+01
4.443176000000000414e+01
4.447175999999999618e+01
4.451175900000000496e+01
4.455175999999999448e+01
4.459175999999999362e+01
4.463175999999999988e+01
4.467175999999999902e+01
4.471175999999999817e+01
4.475176000000000442e+01
4.479175999999998936e+01
4.483470966666666868e+01
4.487505999999999062e+01
4.491506000000000398e+01
4.495505999999999602e+01
4.499505999999999517e+01
4.503506000000000142e+01
4.507506000000000057e+01
4.511505999999999972e+01
4.515505999999999887e+01
4.519505999999999801e+01
4.523505900000000679e+01
4.527809966666667663e+01
4.531845999999999464e+01
4.535846000000000089e+01
4.539845899999999546e+01
4.543845999999999208e+01
4.547846000000000544e+01
4.551845999999999748e+01
4.555845999999999663e+01
4.559845899999999830e+01
4.563845999999999492e+01
