-6.619888888888889600e-01
-6.629555555555555202e-01
-6.627666666666667261e-01
-6.625111111111111617e-01
-6.622333333333333405e-01
-6.620666666666665812e-01
-6.624000000000000998e-01
-6.621888888888888269e-01
-6.623333333333333295e-01
-6.618555555555556413e-01
-6.619888888888887379e-01
-6.615999999999999659e-01
-6.625777777777778210e-01
-6.625000000000000888e-01
-6.622222222222221566e-01
-6.622222222222222676e-01
-6.622888888888890380e-01
-6.624444444444443914e-01
-6.622999999999998888e-01
-6.620333333333332515e-01
-6.617333333333332845e-01
-6.619555555555556303e-01
-6.617111111111111388e-01
-6.625111111111111617e-01
-6.614000000000000989e-01
-6.621111111111110947e-01
-6.619666666666665922e-01
-6.622333333333334515e-01
-6.618999999999998218e-01
-6.619555555555555193e-01
-6.621333333333332405e-01
-6.620000000000000329e-01
-6.616444444444443684e-01
-6.617111111111111388e-01
-6.615999999999999659e-01
-6.613444444444444015e-01
-6.622999999999998888e-01
-6.622444444444445244e-01
-6.621888888888889380e-01
-6.619222222222221896e-01
-6.621000000000001329e-01
-6.618777777777776761e-01
-6.618222222222220896e-01
-6.617000000000000659e-01
-6.615888888888890040e-01
-6.615888888888888930e-01
-6.616222222222222227e-01
-6.623666666666667702e-01
-6.624666666666665371e-01
-6.621444444444445354e-01
-6.620888888888889490e-01
-6.620888888888889490e-01
-6.615777777777778201e-01
-6.618444444444444574e-01
-6.616111111111112608e-01
-6.620444444444443244e-01
-6.617333333333333956e-01
-6.615888888888888930e-01
-6.616777777777776981e-01
-6.614333333333334286e-01
-6.621555555555556083e-01
-6.625333333333334185e-01
-6.622333333333334515e-01
-6.617888888888888710e-01
-6.620555555555555083e-01
-6.618666666666666032e-01
-6.619777777777776651e-01
-6.614777777777777201e-01
-6.615888888888888930e-01
-6.613999999999999879e-01
-6.619666666666667032e-01
-6.621666666666665702e-01
-6.623555555555555863e-01
-6.621333333333332405e-01
-6.621222222222221676e-01
-6.619444444444445574e-01
-6.617777777777775761e-01
-6.619333333333333735e-01
-6.617555555555556523e-01
-6.616777777777778091e-01
-6.614555555555555744e-01
-6.622999999999999998e-01
-6.614444444444443905e-01
-6.622222222222222676e-01
-6.620777777777777651e-01
-6.621333333333333515e-01
-6.619444444444444464e-01
-6.621888888888888269e-01
-6.621333333333332405e-01
-6.618555555555555303e-01
-6.620000000000000329e-01
-6.615444444444444905e-01
-6.614777777777778311e-01
-6.613555555555555854e-01
-6.623222222222221456e-01
-6.618777777777776761e-01
-6.621888888888888269e-01
-6.621555555555556083e-01
-6.620333333333332515e-01
-6.620333333333332515e-01
-6.616666666666666252e-01
-6.618111111111110167e-01
-6.615555555555556744e-01
-6.616888888888889930e-01
-6.614666666666667583e-01
-6.622777777777777430e-01
-6.621000000000000218e-01
-6.623111111111109617e-01
-6.620444444444443244e-01
-6.622555555555555973e-01
-6.616555555555555523e-01
-6.617555555555555413e-01
-6.617111111111111388e-01
-6.620222222222221786e-01
-6.618777777777776761e-01
-6.614444444444445015e-01
-6.615111111111110498e-01
-6.611555555555557184e-01
-6.620666666666665812e-01
-6.620222222222221786e-01
-6.619666666666668142e-01
-6.621555555555554973e-01
-6.620777777777776540e-01
-6.617666666666667252e-01
-6.619888888888888490e-01
-6.615444444444444905e-01
-6.615777777777779312e-01
-6.613888888888888040e-01
-6.616666666666666252e-01
-6.619888888888889600e-01
-6.611888888888889371e-01
-6.619777777777777761e-01
-6.619888888888889600e-01
-6.620888888888889490e-01
-6.617222222222222117e-01
-6.618888888888888600e-01
-6.615222222222222337e-01
-6.618222222222222006e-01
-6.617666666666666142e-01
-6.615444444444444905e-01
-6.614888888888887930e-01
-6.610777777777777642e-01
-6.622555555555555973e-01
-6.620555555555555083e-01
-6.618888888888889710e-01
-6.618555555555556413e-01
-6.619888888888889600e-01
-6.614777777777778311e-01
-6.618666666666666032e-01
-6.618888888888888600e-01
-6.615333333333333066e-01
-6.613111111111111828e-01
-6.623222222222221456e-01
-6.622222222222222676e-01
-6.619555555555555193e-01
-6.620555555555555083e-01
-6.617333333333332845e-01
-6.621000000000000218e-01
-6.617888888888888710e-01
-6.618555555555554193e-01
-6.614777777777777201e-01
-6.617999999999999439e-01
-6.614777777777778311e-01
-6.621444444444444244e-01
-6.614111111111111718e-01
-6.622666666666666702e-01
-6.617888888888888710e-01
-6.616222222222222227e-01
-6.622111111111110837e-01
-6.616555555555554413e-01
-6.619222222222221896e-01
-6.617333333333332845e-01
-6.615444444444444905e-01
-6.617222222222222117e-01
-6.623777777777777320e-01
-6.605111111111111599e-01
-6.607555555555555404e-01
-6.598111111111111260e-01
-6.586444444444445878e-01
-6.573444444444445089e-01
-6.556888888888888767e-01
-6.538444444444443393e-01
-6.514666666666667494e-01
-6.487555555555555298e-01
-6.461666666666666670e-01
-6.439111111111111008e-01
-6.407666666666667066e-01
-6.395444444444444709e-01
-6.377999999999999226e-01
-6.361777777777777310e-01
-6.348111111111111038e-01
-6.348000000000000309e-01
-6.354000000000000759e-01
-6.377000000000001556e-01
-6.387777777777777777e-01
-6.407222222222221930e-01
-6.431111111111111889e-01
-6.450666666666666771e-01
-6.483444444444445010e-01
-6.499111111111111061e-01
-6.536444444444444724e-01
-6.559666666666665868e-01
-6.590333333333333599e-01
-6.611666666666666803e-01
-6.647333333333333982e-01
-6.677444444444444738e-01
-6.696555555555554484e-01
-6.692111111111110899e-01
-6.671222222222221721e-01
-6.646444444444443711e-01
-6.620777777777777651e-01
-6.600222222222221768e-01
-6.575333333333334140e-01
-6.546000000000000707e-01
-6.514999999999999680e-01
-6.492555555555555857e-01
-6.459000000000000297e-01
-6.433888888888888991e-01
-6.406555555555555337e-01
-6.387000000000000455e-01
-6.372222222222222454e-01
-6.360222222222221555e-01
-6.366111111111111276e-01
-6.369333333333333513e-01
-6.381999999999998785e-01
-6.398888888888889515e-01
-6.413666666666666405e-01
-6.434444444444444855e-01
-6.458222222222222975e-01
-6.478666666666667018e-01
-6.505444444444443697e-01
-6.525666666666667393e-01
-6.557222222222223174e-01
-6.574777777777778276e-01
-6.607222222222222108e-01
-6.634777777777778329e-01
-6.655999999999999694e-01
-6.683888888888888102e-01
-6.696000000000000840e-01
-6.692888888888888221e-01
-6.667999999999998373e-01
-6.637888888888886507e-01
-6.616333333333331845e-01
-6.599111111111111150e-01
-6.560666666666666869e-01
-6.539555555555556232e-01
-6.507111111111110180e-01
-6.475111111111111484e-01
-6.441777777777777381e-01
-6.409444444444444278e-01
-6.379666666666666819e-01
-6.348555555555555063e-01
-6.321666666666666545e-01
-6.291555555555555790e-01
-6.273222222222222255e-01
-6.270222222222221475e-01
-6.288333333333333552e-01
-6.287666666666668069e-01
-6.311222222222221401e-01
-6.325555555555556486e-01
-6.352555555555555733e-01
-6.377222222222221903e-01
-6.403333333333333099e-01
-6.427444444444443405e-01
-6.450444444444444203e-01
-6.474666666666667458e-01
-6.486555555555555408e-01
-6.512000000000000011e-01
-6.511777777777778553e-01
-6.529222222222222927e-01
-6.533555555555554673e-01
-6.535888888888888859e-01
-6.529444444444444384e-01
-6.524666666666667503e-01
-6.520222222222221697e-01
-6.512111111111111850e-01
-6.500777777777777544e-01
-6.490222222222221671e-01
-6.484111111111110493e-01
-6.473222222222223543e-01
-6.468444444444443331e-01
-6.458111111111111136e-01
-6.452888888888889118e-01
-6.438888888888889550e-01
-6.429666666666666863e-01
-6.419111111111109880e-01
-6.418666666666666965e-01
-6.417111111111110100e-01
-6.419555555555556126e-01
-6.427666666666667084e-01
-6.433777777777777152e-01
-6.452333333333333254e-01
-6.451666666666667771e-01
-6.471000000000000085e-01
-6.478111111111110043e-01
-6.487777777777776755e-01
-6.493333333333333179e-01
-6.505111111111110400e-01
-6.507555555555555316e-01
-6.508333333333333748e-01
-6.505666666666667375e-01
-6.494777777777778205e-01
-6.488444444444443349e-01
-6.460555555555554941e-01
-6.444666666666667432e-01
-6.411111111111110761e-01
-6.372444444444445022e-01
-6.330888888888889232e-01
-6.284666666666666179e-01
-6.236333333333333728e-01
-6.196444444444444422e-01
-6.150777777777778343e-01
-6.112888888888889927e-01
-6.098111111111111926e-01
-6.107999999999998986e-01
-6.115888888888889596e-01
-6.127333333333333520e-01
-6.143111111111111411e-01
-6.159555555555555895e-01
-6.186666666666664760e-01
-6.211444444444444990e-01
-6.242333333333333067e-01
-6.270555555555555882e-01
-6.304888888888888765e-01
-6.331222222222223639e-01
-6.370888888888888157e-01
-6.400333333333333430e-01
-6.438777777777777711e-01
-6.466222222222222094e-01
-6.481999999999999984e-01
-6.481111111111110823e-01
-6.463666666666667560e-01
-6.448888888888889559e-01
-6.431000000000000050e-01
-6.415333333333333998e-01
-6.395777777777778006e-01
-6.388888888888888395e-01
-6.369333333333334624e-01
-6.352444444444443894e-01
-6.326555555555555266e-01
-6.302111111111110553e-01
-6.276444444444444493e-01
-6.248777777777777542e-01
-6.221444444444444999e-01
-6.195888888888889667e-01
-6.170333333333332115e-01
-6.151777777777778233e-01
-6.145777777777776674e-01
-6.129333333333333300e-01
-6.140777777777777224e-01
-6.147000000000000242e-01
-6.166666666666666963e-01
-6.177000000000000268e-01
-6.194555555555555371e-01
-6.212222222222222312e-01
-6.232111111111111601e-01
-6.259777777777777441e-01
-6.287222222222221824e-01
-6.314888888888889884e-01
-6.342888888888889021e-01
-6.380111111111109734e-01
-6.406333333333333879e-01
-6.434666666666667423e-01
-6.465999999999999526e-01
-6.501555555555555976e-01
-6.511555555555555985e-01
-6.511666666666666714e-01
-6.488777777777777755e-01
-6.466444444444444661e-01
-6.444666666666666321e-01
-6.422666666666666524e-01
-6.410666666666666735e-01
-6.392444444444442819e-01
-6.368000000000000327e-01
-6.341666666666666563e-01
-6.314777777777778045e-01
-6.285444444444443501e-01
-6.253111111111111509e-01
-6.224222222222222101e-01
-6.195222222222223074e-01
-6.170111111111111768e-01
-6.144111111111111301e-01
-6.122666666666666258e-01
-6.124222222222223122e-01
-6.132333333333332970e-01
-6.142777777777777004e-01
-6.165333333333333776e-01
-6.180555555555555802e-01
-6.206000000000000405e-01
-6.224666666666666126e-01
-6.251111111111112839e-01
-6.274888888888888738e-01
-6.306222222222223062e-01
-6.323222222222221189e-01
-6.356444444444444564e-01
-6.377222222222223014e-01
-6.405777777777778015e-01
-6.427222222222223058e-01
-6.452555555555555822e-01
-6.480333333333333501e-01
-6.484888888888887815e-01
-6.468888888888888467e-01
-6.431777777777777372e-01
-6.401555555555555888e-01
-6.357333333333332615e-01
-6.330999999999998851e-01
-6.276555555555556332e-01
-6.223444444444444779e-01
-6.167777777777777581e-01
-6.111111111111111605e-01
-6.063777777777777933e-01
-6.020111111111111635e-01
-5.998111111111110727e-01
-6.005444444444444363e-01
-6.028222222222221482e-01
-6.052333333333332899e-01
-6.091000000000000858e-01
-6.125000000000000444e-01
-6.163000000000000700e-01
-6.193111111111109235e-01
-6.228555555555556067e-01
-6.262111111111112738e-01
-6.294666666666667298e-01
-6.330555555555554825e-01
-6.347111111111112258e-01
-6.325888888888889783e-01
-6.284333333333331773e-01
-6.247888888888888381e-01
-6.194666666666667210e-01
-6.160111111111111759e-01
-6.093333333333332824e-01
-6.036222222222221712e-01
-5.979111111111110599e-01
-5.933777777777777818e-01
-5.911888888888888749e-01
-5.922888888888888648e-01
-5.981333333333334057e-01
-6.042666666666666186e-01
-6.100333333333333163e-01
-6.163333333333332886e-01
-6.227666666666666906e-01
-6.273222222222221145e-01
-6.319000000000001283e-01
-6.321333333333333249e-01
-6.287999999999999146e-01
-6.242000000000000881e-01
-6.196222222222222964e-01
-6.145777777777776674e-01
-6.093222222222220985e-01
-6.043888888888888644e-01
-6.004888888888888498e-01
-5.987444444444445235e-01
-5.990000000000000879e-01
-6.013888888888889728e-01
-6.048888888888889204e-01
-6.094111111111111256e-01
-6.139666666666667716e-01
-6.192222222222221184e-01
-6.223777777777778075e-01
-6.261555555555555763e-01
-6.289111111111110874e-01
-6.290666666666666629e-01
-6.261222222222221356e-01
-6.228555555555554957e-01
-6.182888888888888879e-01
-6.134111111111111292e-01
-6.081333333333333035e-01
-6.027222222222222703e-01
-5.985333333333333616e-01
-5.951111111111111462e-01
-5.949888888888889005e-01
-5.983666666666667133e-01
-6.040888888888888975e-01
-6.080666666666666442e-01
-6.145444444444444487e-01
-6.195777777777777828e-01
-6.237666666666666915e-01
-6.274555555555555442e-01
-6.296888888888888536e-01
-6.283333333333334103e-01
-6.245444444444443466e-01
-6.204333333333332812e-01
-6.151777777777778233e-01
-6.089777777777777290e-01
-6.015333333333333643e-01
-5.945444444444444310e-01
-5.870111111111111502e-01
-5.809111111111111558e-01
-5.760555555555556539e-01
-5.770777777777778006e-01
-5.812444444444444525e-01
-5.854000000000000314e-01
-5.904111111111111088e-01
-5.952111111111111352e-01
-5.996888888888888269e-01
-6.039888888888889085e-01
-6.096888888888890579e-01
-6.109111111111111825e-01
-6.106000000000000316e-01
-6.072222222222221077e-01
-6.034444444444445610e-01
-5.996000000000000218e-01
-5.956666666666667886e-01
-5.914222222222221825e-01
-5.868444444444445018e-01
-5.827777777777777279e-01
-5.790111111111111430e-01
-5.769999999999999574e-01
-5.743555555555555081e-01
-5.751888888888889717e-01
-5.761999999999999345e-01
-5.786777777777777354e-01
-5.808666666666666423e-01
-5.838222222222222424e-01
-5.874444444444444358e-01
-5.898777777777777231e-01
-5.923333333333333783e-01
-5.945777777777777606e-01
-5.964444444444444438e-01
-5.983111111111110159e-01
-5.989555555555555744e-01
-5.986111111111110938e-01
-5.977444444444444116e-01
-5.964666666666667005e-01
-5.950555555555555598e-01
-5.920666666666666300e-01
-5.898222222222222477e-01
-5.874666666666666925e-01
-5.846444444444445221e-01
-5.819444444444443754e-01
-5.810444444444443635e-01
-5.798111111111111660e-01
-5.790555555555555456e-01
-5.797777777777777253e-01
-5.814888888888888330e-01
-5.829999999999999627e-01
-5.856666666666667798e-01
-5.879999999999999671e-01
-5.904888888888889520e-01
-5.923111111111111216e-01
-5.939222222222222403e-01
-5.965222222222222870e-01
-5.973000000000000531e-01
-5.979111111111110599e-01
-5.975000000000000311e-01
-5.965333333333332488e-01
-5.952777777777777946e-01
-5.934666666666665868e-01
-5.910111111111110427e-01
-5.883111111111111180e-01
-5.855111111111110933e-01
-5.824555555555556152e-01
-5.805111111111110889e-01
-5.788111111111109430e-01
-5.778777777777777125e-01
-5.782666666666665956e-01
-5.801555555555556465e-01
-5.822333333333333805e-01
-5.855888888888887145e-01
-5.887444444444445146e-01
-5.931000000000000716e-01
-5.963444444444444548e-01
-6.000333333333333075e-01
-6.043555555555555348e-01
-6.062444444444445857e-01
-6.092999999999998417e-01
-6.076666666666665773e-01
-6.034000000000001585e-01
-5.993999999999999329e-01
-5.939666666666666428e-01
-5.882000000000000561e-01
-5.808666666666666423e-01
-5.743111111111111056e-01
-5.676333333333333231e-01
-5.622111111111112169e-01
-5.579555555555555379e-01
-5.589888888888888685e-01
-5.617555555555555635e-01
-5.663111111111110985e-01
-5.716777777777779512e-01
-5.770888888888888735e-01
-5.826111111111111907e-01
-5.878666666666666485e-01
-5.941333333333332911e-01
-5.974222222222221879e-01
-5.958000000000001073e-01
-5.905888888888888300e-01
-5.855000000000000204e-01
-5.804555555555556134e-01
-5.753999999999999115e-01
-5.688777777777777045e-01
-5.631888888888888500e-01
-5.588333333333334041e-01
-5.549000000000000599e-01
-5.541444444444444395e-01
-5.556111111111111667e-01
-5.595111111111111812e-01
-5.643333333333333535e-01
-5.686999999999999833e-01
-5.746333333333334403e-01
-5.802666666666667084e-01
-5.850777777777778077e-01
-5.905555555555556113e-01
-5.958555555555555827e-01
-5.975777777777777633e-01
-5.940333333333334132e-01
-5.881888888888888722e-01
-5.838000000000000966e-01
-5.789999999999999591e-01
-5.732666666666667021e-01
-5.680000000000000604e-01
-5.632777777777777661e-01
-5.592222222222221761e-01
-5.557333333333333014e-01
-5.547666666666666302e-01
-5.561777777777776599e-01
-5.595333333333333270e-01
-5.628111111111110398e-01
-5.672999999999999154e-01
-5.727222222222222436e-01
-5.762777777777776667e-01
-5.815000000000000169e-01
-5.858666666666666467e-01
-5.900333333333332986e-01
-5.937888888888890326e-01
-5.950333333333331920e-01
-5.934000000000000385e-01
-5.893222222222221918e-01
-5.852333333333333831e-01
-5.810666666666666202e-01
-5.769666666666666277e-01
-5.720777777777777962e-01
-5.678000000000000824e-01
-5.630222222222223127e-01
-5.596111111111111702e-01
-5.560444444444444523e-01
-5.541555555555555124e-01
-5.549000000000000599e-01
-5.581888888888888456e-01
-5.613000000000000211e-01
-5.647333333333333094e-01
-5.690444444444444638e-01
-5.728111111111110487e-01
-5.774444444444444269e-01
-5.807333333333333236e-01
-5.831222222222220974e-01
-5.850777777777778077e-01
-5.867444444444445129e-01
-5.872777777777778985e-01
-5.867999999999999883e-01
-5.858444444444443899e-01
-5.837555555555554720e-01
-5.819111111111110457e-01
-5.791444444444445727e-01
-5.775333333333333430e-01
-5.745888888888889268e-01
-5.716444444444443995e-01
-5.688555555555555587e-01
-5.662555555555556230e-01
-5.641333333333332645e-01
-5.631111111111111178e-01
-5.626000000000001000e-01
-5.636000000000001009e-01
-5.645666666666666611e-01
-5.672777777777777697e-01
-5.688000000000000833e-01
-5.719777777777778072e-01
-5.742111111111110056e-01
-5.771555555555555328e-01
-5.796888888888889202e-01
-5.819111111111110457e-01
-5.839888888888888907e-01
-5.857444444444444009e-01
-5.870777777777776985e-01
-5.884000000000000341e-01
-5.892888888888889731e-01
-5.872333333333332739e-01
-5.868222222222221340e-01
-5.846000000000000085e-01
-5.821999999999999398e-01
-5.791777777777777914e-01
-5.759666666666667378e-01
-5.719999999999999529e-01
-5.680555555555555358e-01
-5.635444444444444034e-01
-5.590999999999999304e-01
-5.545444444444443954e-01
-5.502555555555556088e-01
-5.479333333333333833e-01
-5.458777777777776841e-01
-5.456111111111110468e-01
-5.464333333333333265e-01
-5.482000000000000206e-01
-5.500777777777776656e-01
-5.527111111111110420e-01
-5.552333333333333565e-01
-5.583888888888888236e-01
-5.617888888888888932e-01
-5.648333333333331874e-01
-5.693444444444444308e-01
-5.725666666666666682e-01
-5.765222222222221582e-01
-5.804666666666666863e-01
-5.846666666666666679e-01
-5.862000000000000544e-01
-5.851222222222223213e-01
-5.819222222222221186e-01
-5.775777777777777455e-01
-5.745666666666666700e-01
-5.705000000000000071e-01
-5.677444444444444960e-01
-5.634111111111111958e-01
-5.592222222222222872e-01
-5.536222222222222378e-01
-5.487888888888888816e-01
-5.439111111111111230e-01
-5.388888888888889728e-01
-5.359666666666667023e-01
-5.335555555555555607e-01
-5.315888888888888886e-01
-5.305000000000000826e-01
-5.303444444444443961e-01
-5.325000000000000844e-01
-5.341777777777777514e-01
-5.354333333333333167e-01
-5.369777777777778871e-01
-5.385777777777777109e-01
-5.411222222222221712e-01
-5.439888888888888552e-01
-5.467888888888888799e-01
-5.497666666666667368e-01
-5.531888888888888411e-01
-5.563777777777777489e-01
-5.593555555555556058e-01
-5.631999999999999229e-01
-5.669777777777778027e-01
-5.693888888888888333e-01
-5.700333333333332808e-01
-5.694444444444444198e-01
-5.679000000000000714e-01
-5.669111111111111434e-01
-5.660333333333332773e-01
-5.657000000000000917e-01
-5.643666666666665721e-01
-5.631333333333333746e-01
-5.614111111111110830e-01
-5.599444444444444668e-01
-5.574333333333333362e-01
-5.550777777777777811e-01
-5.529333333333332767e-01
-5.499555555555555308e-01
-5.466444444444444883e-01
-5.440555555555555145e-01
-5.411333333333332440e-01
-5.388777777777777889e-01
-5.379999999999999227e-01
-5.366888888888888820e-01
-5.354888888888887921e-01
-5.345555555555555616e-01
-5.343222222222222539e-01
-5.349999999999999201e-01
-5.357222222222222108e-01
-5.367222222222223227e-01
-5.380555555555556202e-01
-5.399222222222221923e-01
-5.420555555555555127e-01
-5.462333333333332375e-01
-5.490777777777777757e-01
-5.526999999999999691e-01
-5.553222222222221616e-01
-5.584333333333333371e-01
-5.611888888888888482e-01
-5.642444444444444374e-01
-5.674222222222221612e-01
-5.689444444444444748e-01
-5.678666666666666307e-01
-5.656888888888889078e-01
-5.622222222222221788e-01
-5.600111111111112372e-01
-5.568999999999999506e-01
-5.530777777777777793e-01
-5.500222222222221902e-01
-5.457222222222221086e-01
-5.422888888888888204e-01
-5.391777777777776448e-01
-5.375333333333333075e-01
-5.360000000000000320e-01
-5.349555555555555175e-01
-5.344000000000000972e-01
-5.340111111111111031e-01
-5.338666666666667115e-01
-5.342888888888889243e-01
-5.349333333333334828e-01
-5.363888888888888040e-01
-5.378333333333332744e-01
-5.401111111111112084e-01
-5.439111111111111230e-01
-5.473333333333333384e-01
-5.518222222222221029e-01
-5.548333333333332895e-01
-5.598888888888888804e-01
-5.645555555555554772e-01
-5.683333333333333570e-01
-5.689888888888889884e-01
-5.661777777777776688e-01
-5.624000000000000110e-01
-5.587444444444443770e-01
-5.544888888888888090e-01
-5.499777777777777876e-01
-5.453777777777778502e-01
-5.399444444444444491e-01
-5.373666666666666591e-01
-5.351000000000001311e-01
-5.344444444444444997e-01
-5.318111111111111233e-01
-5.311777777777777487e-01
-5.331888888888889344e-01
-5.342555555555555946e-01
-5.364555555555556854e-01
-5.396444444444443711e-01
-5.449666666666667103e-01
-5.496333333333334181e-01
-5.547888888888888870e-01
-5.588666666666667338e-01
-5.624666666666665593e-01
-5.624888888888888161e-01
-5.596444444444443889e-01
-5.556111111111111667e-01
-5.510888888888889614e-01
-5.465222222222222426e-01
-5.407777777777778017e-01
-5.371444444444444244e-01
-5.342666666666665565e-01
-5.318333333333333801e-01
-5.277666666666667172e-01
-5.295444444444443732e-01
-5.341555555555556056e-01
-5.345888888888888912e-01
-5.365444444444444905e-01
-5.404666666666666508e-01
-5.464444444444445104e-01
-5.530666666666667064e-01
-5.591666666666665897e-01
-5.672888888888888426e-01
-5.729333333333334055e-01
-5.739444444444443683e-01
-5.712888888888889571e-01
-5.673000000000000265e-01
-5.622888888888888381e-01
-5.569777777777777938e-01
-5.505777777777777215e-01
-5.434444444444445077e-01
-5.382000000000000117e-01
-5.340333333333333599e-01
-5.305777777777778148e-01
-5.249000000000001442e-01
-5.246222222222223230e-01
-5.319666666666665877e-01
-5.348999999999999311e-01
-5.351000000000000201e-01
-5.365999999999999659e-01
-5.385888888888890058e-01
-5.413777777777777356e-01
-5.456555555555555603e-01
-5.491333333333332511e-01
-5.539222222222222047e-01
-5.579888888888888676e-01
-5.618666666666665144e-01
-5.627444444444444915e-01
-5.619222222222222118e-01
-5.604888888888889253e-01
-5.587333333333333041e-01
-5.572222222222220633e-01
-5.559444444444445743e-01
-5.549111111111111327e-01
-5.535111111111111759e-01
-5.535444444444443945e-01
-5.521777777777777674e-01
-5.525888888888889072e-01
-5.521888888888889513e-01
-5.517444444444444818e-01
-5.517777777777777004e-01
-5.516777777777778224e-01
-5.522111111111110970e-01
-5.525888888888887962e-01
-5.527111111111111530e-01
-5.531222222222221818e-01
-5.540000000000000480e-01
-5.535222222222222488e-01
-5.546444444444443844e-01
-5.542444444444444285e-01
-5.545333333333333226e-01
-5.542222222222222827e-01
-5.547555555555556683e-01
-5.548555555555555463e-01
-5.549777777777777921e-01
-5.546111111111111658e-01
-5.551777777777777700e-01
-5.555777777777777260e-01
-5.557555555555555582e-01
-5.560666666666667091e-01
-5.559777777777777930e-01
-5.563333333333333464e-01
-5.562555555555555031e-01
-5.564000000000000057e-01
-5.562333333333333574e-01
-5.562888888888888328e-01
-5.561555555555555141e-01
-5.563000000000000167e-01
-5.564000000000000057e-01
-5.560888888888888548e-01
-5.569888888888888667e-01
-5.572888888888888337e-01
-5.572888888888889447e-01
-5.569222222222222074e-01
-5.571666666666666989e-01
-5.571777777777777718e-01
-5.570444444444445642e-01
-5.568222222222221074e-01
-5.567555555555555591e-01
-5.567555555555556701e-01
-5.577333333333334142e-01
-5.574888888888889227e-01
-5.576555555555555710e-01
-5.573444444444444201e-01
-5.574777777777778498e-01
-5.574666666666666659e-01
-5.572000000000000286e-01
-5.576111111111110574e-01
-5.570333333333333803e-01
-5.572555555555555040e-01
-5.570444444444445642e-01
-5.579777777777779058e-01
-5.577777777777777057e-01
-5.575888888888890227e-01
-5.572333333333332472e-01
-5.575444444444443981e-01
-5.572555555555556150e-01
-5.574333333333333362e-01
-5.574333333333334473e-01
-5.571555555555556261e-01
-5.572444444444444311e-01
-5.569000000000000616e-01
-5.579333333333332812e-01
-5.574555555555554820e-01
-5.576777777777777168e-01
-5.576555555555555710e-01
-5.575444444444443981e-01
-5.572222222222221744e-01
-5.572444444444444311e-01
-5.570555555555556371e-01
-5.575222222222222523e-01
-5.572444444444444311e-01
-5.572555555555556150e-01
-5.579888888888889786e-01
-5.579777777777779058e-01
-5.576888888888889007e-01
-5.573111111111110905e-01
-5.574777777777777388e-01
-5.572888888888889447e-01
-5.573222222222222744e-01
-5.572111111111112125e-01
-5.570333333333333803e-01
-5.571777777777777718e-01
-5.572111111111111015e-01
-5.570555555555555260e-01
-5.577888888888888896e-01
-5.578888888888888786e-01
-5.575444444444443981e-01
-5.575222222222222523e-01
-5.574555555555557040e-01
-5.576222222222221303e-01
-5.573222222222222744e-01
-5.574333333333333362e-01
-5.572111111111111015e-01
-5.574333333333333362e-01
-5.568444444444443642e-01
-5.575333333333332142e-01
-5.573111111111112015e-01
-5.576555555555554600e-01
-5.576111111111111684e-01
-5.573222222222222744e-01
-5.576222222222222413e-01
-5.574111111111110795e-01
-5.576666666666666439e-01
-5.569333333333332803e-01
-5.576222222222222413e-01
-5.576666666666666439e-01
-5.579333333333333922e-01
-5.573888888888888227e-01
-5.574999999999998845e-01
-5.576111111111111684e-01
-5.575888888888889117e-01
-5.573111111111110905e-01
-5.573777777777777498e-01
-5.572333333333332472e-01
-5.572666666666666879e-01
-5.570777777777777828e-01
-5.570000000000000506e-01
-5.575888888888889117e-01
-5.576666666666667549e-01
-5.580444444444444541e-01
-5.572222222222221744e-01
-5.574666666666667769e-01
-5.573666666666666769e-01
-5.572777777777777608e-01
-5.570111111111111235e-01
-5.572555555555555040e-01
-5.570888888888889667e-01
-5.570777777777777828e-01
-5.576999999999999735e-01
-5.567999999999999616e-01
-5.576111111111110574e-01
-5.574333333333333362e-01
-5.576333333333334252e-01
-5.572777777777777608e-01
-5.573111111111110905e-01
-5.571333333333332583e-01
-5.574111111111110795e-01
-5.570333333333334913e-01
-5.568222222222222184e-01
-5.578111111111110354e-01
-5.574888888888889227e-01
-5.576888888888889007e-01
-5.572666666666665769e-01
-5.573555555555554930e-01
-5.574888888888889227e-01
-5.572888888888889447e-01
-5.569000000000000616e-01
-5.573777777777778608e-01
-5.574333333333333362e-01
-5.578222222222222193e-01
-5.573444444444444201e-01
-5.577111111111110464e-01
-5.577333333333334142e-01
-5.575777777777777278e-01
-5.573111111111110905e-01
-5.573777777777777498e-01
-5.574111111111110795e-01
-5.573666666666665659e-01
-5.574000000000000066e-01
-5.570555555555556371e-01
-5.581888888888889566e-01
-5.568222222222223294e-01
-5.575444444444445091e-01
-5.573444444444444201e-01
-5.576222222222222413e-01
-5.573222222222222744e-01
-5.573111111111112015e-01
-5.573555555555556040e-01
-5.573555555555556040e-01
-5.573666666666666769e-01
-5.568777777777778049e-01
-5.575999999999999845e-01
-5.574666666666666659e-01
-5.578111111111111464e-01
-5.573222222222223854e-01
-5.577111111111110464e-01
-5.574333333333334473e-01
-5.575777777777778388e-01
-5.570999999999999286e-01
-5.574999999999999956e-01
-5.572000000000001396e-01
-5.570444444444444532e-01
-5.569222222222223184e-01
-5.571333333333333693e-01
-5.578888888888888786e-01
-5.572222222222222854e-01
-5.576888888888889007e-01
-5.573555555555554930e-01
-5.574111111111110795e-01
-5.570333333333332693e-01
-5.572777777777777608e-01
-5.574222222222222634e-01
-5.571111111111110015e-01
-5.573333333333333472e-01
-5.575444444444445091e-01
-5.576222222222222413e-01
-5.575777777777778388e-01
-5.577111111111110464e-01
-5.573111111111110905e-01
-5.572666666666665769e-01
-5.574555555555555930e-01
-5.574222222222222634e-01
-5.571333333333332583e-01
-5.570777777777777828e-01
-5.572666666666665769e-01
-5.577777777777778168e-01
-5.576333333333334252e-01
-5.572111111111109905e-01
-5.575666666666667659e-01
-5.572888888888889447e-01
-5.574444444444445201e-01
-5.574222222222222634e-01
-5.574888888888889227e-01
-5.570555555555555260e-01
-5.572000000000000286e-01
-5.569111111111110235e-01
-5.579777777777779058e-01
-5.574555555555555930e-01
-5.575444444444443981e-01
-5.575888888888889117e-01
-5.575777777777778388e-01
-5.572666666666666879e-01
-5.571666666666666989e-01
-5.574666666666666659e-01
-5.571777777777778828e-01
-5.569777777777777938e-01
-5.567333333333333023e-01
-5.578333333333334032e-01
-5.575777777777778388e-01
-5.579555555555555379e-01
-5.573777777777777498e-01
-5.575111111111110684e-01
-5.574333333333333362e-01
-5.572444444444443201e-01
-5.573000000000001286e-01
-5.573000000000000176e-01
-5.571888888888888447e-01
-5.569333333333332803e-01
-5.579333333333332812e-01
-5.576777777777778278e-01
-5.575444444444445091e-01
-5.573777777777777498e-01
