0.000000000000000000e+00
5.200000000000000178e-01
1.040000000000000036e+00
1.560000000000000053e+00
2.080000000000000071e+00
2.600000000000000089e+00
3.120000000000000107e+00
3.639999999999999680e+00
4.160000000000000142e+00
4.679999999999999716e+00
5.200000000000000178e+00
5.719999999999999751e+00
6.240000000000000213e+00
6.759999999999999787e+00
7.280000000000000249e+00
7.800000000000000711e+00
8.320000000000000284e+00
8.839999999999999858e+00
9.359999999999999432e+00
9.880000000000000782e+00
1.040000000000000036e+01
1.091999999999999993e+01
1.143999999999999950e+01
1.196000000000000085e+01
1.248000000000000043e+01
1.300000000000000000e+01
1.351999999999999957e+01
1.403999999999999915e+01
1.456000000000000050e+01
1.508000000000000007e+01
1.560000000000000142e+01
1.612000000000000099e+01
1.664000000000000057e+01
1.716000000000000014e+01
1.767999999999999972e+01
1.819999999999999929e+01
1.871999999999999886e+01
1.923999999999999844e+01
1.976000000000000156e+01
2.028000000000000114e+01
2.080000000000000071e+01
2.132000000000000028e+01
2.183999999999999986e+01
2.235999999999999943e+01
2.287999999999999901e+01
2.339999999999999858e+01
2.392000000000000171e+01
2.444000000000000128e+01
2.496000000000000085e+01
2.548000000000000043e+01
2.600000000000000000e+01
2.651999999999999957e+01
2.703999999999999915e+01
2.755999999999999872e+01
2.807999999999999829e+01
2.860000000000000142e+01
2.912000000000000099e+01
2.964000000000000057e+01
3.016000000000000014e+01
3.067999999999999972e+01
3.119999999999999929e+01
3.171999999999999886e+01
3.224000000000000199e+01
3.275999999999999801e+01
3.328000000000000114e+01
3.379999999999999716e+01
3.432000000000000028e+01
3.484000000000000341e+01
3.535999999999999943e+01
3.588000000000000256e+01
3.639999999999999858e+01
3.692000000000000171e+01
3.743999999999999773e+01
3.796000000000000085e+01
3.847999999999999687e+01
3.900000000000000000e+01
3.952000000000000313e+01
4.003999999999999915e+01
4.056000000000000227e+01
4.107999999999999829e+01
4.160000000000000142e+01
4.211999999999999744e+01
4.264000000000000057e+01
4.315999999999999659e+01
4.367999999999999972e+01
4.420000000000000284e+01
4.471999999999999886e+01
4.524000000000000199e+01
