-1.152176413544431788e-01
-1.156565382695391442e-01
-1.149509932396643452e-01
-1.154898951537076668e-01
-1.152732390127218509e-01
-1.152565803722621629e-01
-1.145399242312762356e-01
-1.151899372564306745e-01
-1.148241968146256897e-01
-1.153705989334185000e-01
-1.153428316813213672e-01
-1.143817310958910594e-01
-1.145428527326829427e-01
-1.150595299250303793e-01
-1.139095404507111109e-01
-1.148817731986140345e-01
-1.144651170576281851e-01
-1.141484609166421027e-01
-1.145984714423230466e-01
-1.141707041902260134e-01
-1.149762702714622886e-01
-1.145151696860318702e-01
-1.140096246561570492e-01
-1.138485240707267643e-01
-1.144540876524893225e-01
-1.134596562331994241e-01
-1.142985556477689735e-01
-1.139485661734497834e-01
-1.136874655880194540e-01
-1.145374761137000763e-01
-1.137541508065739171e-01
-1.137550795309090756e-01
-1.140237038719241758e-01
-1.134292699531604942e-01
-1.138348335349230744e-01
-1.139292910045220930e-01
-1.133348570857583004e-01
-1.135182009447723850e-01
-1.140348781371198772e-01
-1.135737775516895143e-01
-1.133571214107035319e-01
-1.128404652697176380e-01
-1.140349202398427964e-01
-1.135849307655236173e-01
-1.126127190689820701e-01
-1.133293962613295958e-01
-1.130905178981213011e-01
-1.131405284238020670e-01
-1.130460945050384969e-01
-1.127294383640526365e-01
-1.134461155564000512e-01
-1.133739038598584603e-01
-1.129794699410948122e-01
-1.131628138001089523e-01
-1.128413775545008546e-01
-1.130321144186139382e-01
-1.121043471665169045e-01
-1.127988021366421734e-01
-1.127376990517380273e-01
-1.124766009657814370e-01
-1.116710559359066490e-01
-1.129432886838097061e-01
-1.126377436539346966e-01
-1.124877541796155400e-01
-1.123044288724892592e-01
-1.124655530087547706e-01
-1.122266746455465869e-01
-1.120655715606426184e-01
-1.115822487529899432e-01
-1.121100395559223584e-01
-1.121379678299089244e-01
-1.121325327768776248e-01
-1.115380988581138322e-01
-1.112992179954319649e-01
-1.116158976872531627e-01
-1.118325748796005770e-01
-1.122270298497258789e-01
-1.109722602707844397e-01
-1.114629946354238621e-01
-1.118241187716892959e-01
-1.116407959640367542e-01
-1.116241398230508053e-01
-1.107408170153982852e-01
-1.118241608744123261e-01
-1.116630577895081911e-01
-1.107352930368850075e-01
-1.109741924514546230e-01
-1.106464251993576342e-01
-1.112742135028160773e-01
-1.114242240284968322e-01
-1.106075653880371767e-01
-1.108020228576361843e-01
-1.114075889388725371e-01
-1.103131550201087441e-01
-1.106631655457894770e-01
-1.109687316270257518e-01
-1.105965199304843605e-01
-1.104798637894985336e-01
-1.104409829268166998e-01
-1.102132181741933281e-01
-1.107854509220963513e-01
-1.103197104802912110e-01
-1.105772237101951272e-01
-1.100161231247647753e-01
-1.098439114282233064e-01
-1.102939219539040283e-01
-1.098883769240291963e-01
-1.107272763385989123e-01
-1.096661757531686154e-01
-1.102606307232937843e-01
-1.100439745823078019e-01
-1.097717628857663441e-01
-1.095884400781138024e-01
-1.099717839371279204e-01
-1.099884611294751902e-01
-1.097718024890156352e-01
-1.092107044030590779e-01
-1.097940482620731739e-01
-1.096329451771689834e-01
-1.097940693134346057e-01
-1.097440798391153827e-01
-1.095940878653224315e-01
-1.094552095021142368e-01
-1.091496669717131884e-01
-1.096839265299081045e-01
-1.094747730931453500e-01
-1.092692280632703850e-01
-1.098081274778401895e-01
-1.097025824479653244e-01
-1.095859263069794975e-01
-1.095692701659936041e-01
-1.094859473583409404e-01
-1.085581801062440177e-01
-1.089415239652580247e-01
-1.080804208803539668e-01
-1.088193227943972663e-01
-1.085804444311890826e-01
-1.085304524573961205e-01
-1.083471321492173178e-01
-1.086638093415647210e-01
-1.085360420894678213e-01
-1.087416081707039961e-01
-1.087916186963847620e-01
-1.086971822781473418e-01
-1.092805286366352879e-01
-1.086972058289826237e-01
-1.077694385768855900e-01
-1.075480006649617848e-01
-1.086165169731684310e-01
-1.080109719432935655e-01
-1.079943158023076721e-01
-1.085221016062924426e-01
-1.081943368536691374e-01
-1.076554584904610423e-01
-1.087721331833347294e-01
-1.082777017640448314e-01
-1.076054900675033621e-01
-1.080777228154062297e-01
-1.077832888966426261e-01
-1.071777438667678717e-01
-1.076499766146707948e-01
-1.074333204736849234e-01
-1.068166643326988741e-01
-1.068333415250463658e-01
-1.071500187173938246e-01
-1.072111403541856633e-01
-1.076389286576440729e-01
-1.074557458205196991e-01
-1.070946152414047337e-01
-1.074113224274366729e-01
-1.069899958809529261e-01
-1.070251749677560427e-01
-1.065085188267700933e-01
-1.075918651852580399e-01
-1.065307645998275765e-01
-1.061918862366193483e-01
-1.066752300956335109e-01
-1.069363517324253832e-01
-1.067641375364101752e-01
-1.065030394504535849e-01
-1.058974919211049803e-01
-1.059363938351483569e-01
-1.067308488052735593e-01
-1.063030815531765816e-01
-1.063308698566350352e-01
-1.066808803823157681e-01
-1.062197772974116661e-01
-1.065364569892329749e-01
-1.057753564038024230e-01
-1.059920335961499482e-01
-1.062975996773862231e-01
-1.059920546475114356e-01
-1.059753985065255977e-01
-1.063698534766506221e-01
-1.068374463681790454e-01
-1.062727348763871094e-01
-1.056671923459858720e-01
-1.054505337055262615e-01
-1.053338800640140627e-01
-1.061950017008059799e-01
-1.056227875047908160e-01
-1.056839116410562829e-01
-1.058116999445148920e-01
-1.061283746373886672e-01
-1.056783876625431162e-01
-1.050506204104459940e-01
-1.048117420472378103e-01
-1.044284167401116070e-01
-1.053895408763771413e-01
-1.051173291798357390e-01
-1.052784508166275113e-01
-1.046617971751153675e-01
-1.053006940902112554e-01
-1.049173712825587357e-01
-1.050118237532102761e-01
-1.044507256672535522e-01
-1.044785114712382668e-01
-1.041016624177957817e-01
-1.044925089810330721e-01
-1.041869614516845455e-01
-1.043925300323946259e-01
-1.046425380586016862e-01
-1.042036621948672082e-01
-1.040870060538812703e-01
-1.043036832462287955e-01
-1.042759159941317182e-01
-1.048148129092277836e-01
-1.049426037121599098e-01
-1.041592809045073231e-01
-1.041315136524103568e-01
-1.042370772341728591e-01
-1.040426458148828726e-01
-1.037482118961191579e-01
-1.033760001995778222e-01
-1.040037885030363762e-01
-1.039649076403544870e-01
-1.037038070549241575e-01
-1.033315978578563943e-01
-1.036816083835371272e-01
-1.041760633536623626e-01
-1.034546268303349059e-01
-1.034009195277229010e-01
-1.034953744978480694e-01
-1.030453850235287794e-01
-1.032842844380984504e-01
-1.038231813531944048e-01
-1.031954141010973935e-01
-1.031232049040294863e-01
-1.036621043185992908e-01
-1.030232259553910401e-01
-1.030287920366273480e-01
-1.025788025623081690e-01
-1.028399241991000412e-01
-1.028788236136695677e-01
-1.029621674726836633e-01
-1.026677335539201152e-01
-1.032288551907119545e-01
-1.025566409946968016e-01
-1.023177651309623570e-01
-1.028233312121987209e-01
-1.027844528489904596e-01
-1.022344633746713471e-01
-1.022844739003519465e-01
-1.035409556807690423e-01
-1.023540244662285437e-01
-1.021262572141315439e-01
-1.023540455175901420e-01
-1.016707227099375999e-01
-1.013096221245071704e-01
-1.022151882057434347e-01
-1.022874209536464574e-01
-1.020485425904383847e-01
-1.021318864494524803e-01
-1.017263414195777593e-01
-1.019207938902290667e-01
-1.019485846931613704e-01
-1.019097063299532202e-01
-1.013374921339380563e-01
-1.016652804373966434e-01
-1.019041748530188363e-01
-1.005652964898107737e-01
-1.001486428482984969e-01
-9.973198670731253657e-02
-9.847089112082951790e-02
-9.716534609095472952e-02
-9.587091217219112504e-02
-9.501628284149710169e-02
-8.906268496028996173e-02
-8.439047326374859992e-02
-8.466270601165148957e-02
-8.492382764844319532e-02
-8.424050484079070866e-02
-8.441273758869372035e-02
-8.411830366993000574e-02
-8.452386975116632506e-02
-8.456276916573601810e-02
-8.409055746919447127e-02
-8.370723466154195158e-02
-8.372387936073100168e-02
-8.365170015734790798e-02
-8.435725624068923789e-02
-8.598505204256901013e-02
-8.872395395661242246e-02
-9.274062365053864498e-02
-9.665730584183346297e-02
-9.841842747862550311e-02
-9.964621828155756367e-02
-1.003962288072383635e-01
-9.985735044403026839e-02
-1.004740251369040105e-01
-9.950828580597603779e-02
-9.982135598003211152e-02
-1.000158109501571579e-01
-1.004658214758379353e-01
-9.939360977929651009e-02
-9.977695363831062814e-02
-1.008158530528803221e-01
-9.946586357856090910e-02
-9.969364938254571262e-02
-9.973255129658920026e-02
-1.001936729333810505e-01
-1.002881279035062190e-01
-9.922702731807581111e-02
-9.925481562153448678e-02
-9.944927059165958871e-02
-9.885483667289590715e-02
-9.963818053190998114e-02
-9.929930216870180848e-02
-9.947153491660487568e-02
-9.904376766450778691e-02
-9.867155596796639561e-02
-9.821045288306229359e-02
-9.890491035266119058e-02
-9.842791827377833647e-02
-9.862976652672167388e-02
-9.891310788626217487e-02
-9.877423202252777479e-02
-9.860202032598630595e-02
-9.816314196277803328e-02
-9.911315248845886661e-02
-9.879649634747306175e-02
-9.821317353982039755e-02
-9.827429517661218084e-02
-9.833541681340413065e-02
-9.836320511686269530e-02
-9.824654897587675739e-02
-9.850767061266862967e-02
-9.859101447168261423e-02
-9.778546944180782630e-02
-9.774659107859978713e-02
-9.742993493761392676e-02
-9.764661212996122996e-02
-9.754106710008647596e-02
-9.715774179296016166e-02
-9.705219676308529664e-02
-9.796887645490648389e-02
-9.825869018006039290e-02
-9.758286896575374403e-02
-9.769954865757496387e-02
-9.770511473881132725e-02
-9.804401415338087622e-02
-9.731624690128382049e-02
-9.735514631585356904e-02
-9.799404573042330702e-02
-9.697738958943719068e-02
-9.729406678178476042e-02
-9.716629952968774964e-02
-9.752742116647955539e-02
-9.732187613660475689e-02
-9.729410888450767958e-02
-9.705523052129960693e-02
-9.692746326920259614e-02
-9.657747379488329509e-02
-9.620526209834190379e-02
-9.703305040180038032e-02
-9.571639676028820265e-02
-9.629973811982855958e-02
-9.691641531217592975e-02
-9.655531472674555582e-02
-9.592290761827393375e-02
-9.558042084817786055e-02
-9.571932026274737604e-02
-9.560266412176143813e-02
-9.677489686966456173e-02
-9.580268517312306997e-02
-9.566380680991476426e-02
-9.648048400226227894e-02
-9.605271675016524568e-02
-9.594717172029038066e-02
-9.493051557930459738e-02
-9.504719277165191160e-02
-9.454164774177714614e-02
-9.362499160079118532e-02
-9.429722434869425296e-02
-9.339167931881953155e-02
-9.195280095561125799e-02
-8.962503370351415644e-02
-8.083059978475054530e-02
-6.535838808820915169e-02
6.418471569416657196e-01
6.651304797493184928e-01
6.813026914458596428e-01
7.656860142535124591e-01
7.352036991397619126e-01
7.566602622987469440e-01
7.785038467383438299e-01
8.007922710520728460e-01
8.235616587362606378e-01
8.468123596475944925e-01
8.705780809068141002e-01
8.948614176828781908e-01
9.197316992525973456e-01
9.451819325691458440e-01
9.712163386484169436e-01
9.978920218094781136e-01
1.025216125090485875e+00
1.053168192327772035e+00
1.081769200398020825e+00
1.110863428377612872e+00
1.140310148709251958e+00
1.152822065152587783e+00
1.165065537331057888e+00
1.177218008119877091e+00
1.187544707608225281e+00
1.198897581791368516e+00
1.209996840349703895e+00
1.220821164815952153e+00
1.231324924945049748e+00
1.241509622277983560e+00
1.251282669458970265e+00
1.260597844232445919e+00
1.269200759400300971e+00
1.259436157074776297e+00
1.247740906080421874e+00
1.217238524770337893e+00
1.185117247404030794e+00
1.151495113299318973e+00
1.116334457494390531e+00
1.079576982314804257e+00
1.041132103445128188e+00
1.000994101199598418e+00
9.595526287021381995e-01
9.167651438238645367e-01
8.725983267205803529e-01
8.270797272580606707e-01
7.801496187321770304e-01
7.317646093000348406e-01
6.819422638633129141e-01
6.306221365178734661e-01
5.778587506340717717e-01
5.236221953666430062e-01
6.729827154545373613e-01
6.306549271510787369e-01
-8.429508337460211997e-02
-9.121176056694935141e-02
-9.160621553707465337e-02
-9.222289272942202354e-02
-9.161734769954732460e-02
-9.253402489189482827e-02
-9.228403541757534967e-02
-9.212293483214506473e-02
-9.210627869115922683e-02
-9.298962255017323431e-02
-9.268407752029855784e-02
-9.193408804597913431e-02
-9.277298746054885026e-02
-9.185633131956288944e-02
-9.246189740079924224e-02
-9.164524125981338143e-02
-9.229525178549408126e-02
-9.195637342228596411e-02
-9.181749505907788045e-02
-9.172953239505049483e-02
-9.162037895828772927e-02
-9.227038948396854012e-02
-9.158706667631599796e-02
-9.078152164644115452e-02
-9.130930745042592500e-02
-9.121487353166213286e-02
-9.084266433459453616e-02
-9.087045263805315631e-02
-9.157601871928933157e-02
-9.102602924497005255e-02
-9.107603977065092948e-02
-9.151493918522052295e-02
-9.123161637756793674e-02
-9.115940468102640137e-02
-9.116497076226270924e-02
-9.087053684349910565e-02
-9.126499181362440760e-02
-9.054833567263825822e-02
-9.134279064276362714e-02
-9.089280116844433710e-02
-9.014281169412508010e-02
-9.067059999758364519e-02
-9.100949941215319416e-02
-9.001042563701477928e-02
-9.009016108914102983e-02
-9.040683828148826651e-02
-9.041240186325094630e-02
-9.046241238893176773e-02
-9.000131430297508839e-02
-9.047354705087812254e-02
-8.987911313211432995e-02
-9.080690143557290650e-02
-9.027913418347588426e-02
-8.952914470915673828e-02
-9.013471079039281353e-02
-8.987361020496248409e-02
-9.003473184175436739e-02
-9.021807570076850746e-02
-9.002364178200478184e-02
-8.897364980821187430e-02
-8.973477394447737510e-02
-8.987367085957337354e-02
-8.990146166250567727e-02
-8.970702774374184063e-02
-9.019036910328226408e-02
-8.949593768399233262e-02
-8.969672366060643665e-02
-8.967634941360841383e-02
-8.907080438373365938e-02
-8.935414574327404935e-02
-8.902638099065068866e-02
-8.907639151633145458e-02
-8.971529093090108153e-02
-8.922085701213744446e-02
-8.845975642670700356e-02
-8.770976695238774656e-02
-8.659311081140186328e-02
-7.873201022597164922e-02
5.554624236927921954e-01
6.651457465004447789e-01
6.867957359747640655e-01
6.991235032268611205e-01
1.557190482567357703e-01
1.306407321754994300e-01
9.910893067759651842e-02
6.962901277908046804e-01
6.868067839317905099e-01
6.635789956283317803e-01
1.735512073248733911e-01
-7.991638556665475734e-02
-8.501834324100315810e-02
-8.699057598890597154e-02
-8.782947540347563198e-02
-8.820170815137862164e-02
-8.727392590243937542e-02
-8.781284031385139244e-02
-8.805173722894721333e-02
-8.825730331018355468e-02
-8.760731633533797025e-02
-8.797954908324107093e-02
-8.770733738669955759e-02
-8.783512569015800020e-02
-8.741846954917215085e-02
-8.754625785263070448e-02
-8.756293504497808522e-02
-8.755739001510332020e-02
-8.769628942967289120e-02
-8.759074439979808169e-02
-8.651853270325671197e-02
-8.662409628501926973e-02
-8.757410681070010305e-02
-8.725744817024039257e-02
-8.688060022767513102e-02
-8.726033456892406948e-02
-8.719923648296740160e-02
-8.709368645414516941e-02
-8.692147725707743966e-02
-8.711593222720259710e-02
-8.763260692007635022e-02
-8.700484216745307808e-02
-8.707707491535598976e-02
-8.657152738600754072e-02
-8.678820957730221108e-02
-8.622710649239834213e-02
-8.675489479585685171e-02
-8.631601643264863455e-02
-8.575491334774459906e-02
-8.601603998348378299e-02
-8.641049245413545687e-02
-8.596050048034231672e-02
-8.579940239438565985e-02
-8.563830180895543043e-02
-8.586609261188754560e-02
-8.589388091534622127e-02
-8.605500255213810457e-02
-8.634481766588852913e-02
-8.620233089579237840e-02
-8.569678586591755742e-02
-8.575790750270950724e-02
-8.565236247283464222e-02
-8.586903966518216746e-02
-8.548571685752959226e-02
-8.474683599484766905e-02
-8.537462429830622312e-02
-8.485797065679406836e-02
-8.499686757188995578e-02
-8.504687809757066619e-02
-8.443022445605857795e-02
-8.500245720396149007e-02
-8.479691217408669157e-02
-8.504692269976743546e-02
-8.511915544767045816e-02
-8.541361041779566010e-02
-8.526362094347628151e-02
-8.492474258026810885e-02
-8.515253088372670698e-02
-8.363587474274092326e-02
-8.396366304619934384e-02
-8.398034023854683561e-02
-8.479223732627200194e-02
-8.458297419038512954e-02
-8.433298471606587299e-02
-8.436077301952443763e-02
-8.429967243409414168e-02
-8.413856934919000663e-02
-8.382191570767766331e-02
-8.429414845558075298e-02
-8.416638120348374219e-02
-8.437194728472008354e-02
-8.454418003262303971e-02
-8.396085722497043102e-02
-8.411086775065113041e-02
-8.391643383188751582e-02
-8.397755296920567103e-02
-8.370534127266426871e-02
-8.347757402056710241e-02
-8.411647343513684039e-02
-8.385537284970645544e-02
-8.347205254152767484e-02
-8.426650751165276620e-02
-8.308318470400011257e-02
-8.335541745190311325e-02
-8.302301034343140262e-02
-8.335830135111310657e-02
-8.366386743234949241e-02
-8.362498656966749211e-02
-8.278611070593311361e-02
-8.312501012050271809e-02
-8.324168731285019884e-02
-8.339169783853100926e-02
-8.339726391976737263e-02
-8.320282750152990792e-02
-8.318617136054395900e-02
-8.331395966400245712e-02
-8.301952074629131983e-02
-8.313620293758622326e-02
-8.228621096379329369e-02
-8.140288815614077356e-02
-7.984176257597314086e-02
-7.866958087311626269e-02
-7.830848028768611080e-02
-7.910293525781109114e-02
-7.825294578349184516e-02
-7.601406742028371522e-02
-7.101963350152012966e-02
-6.905389305971504355e-02
-6.934473962295217842e-02
-7.428363903752188691e-02
-7.703364956320252199e-02
-7.861699342221667441e-02
-7.770033728123071359e-02
-7.842812558468936768e-02
-7.772257555586703504e-02
-7.817258858102160701e-02
-7.556702855430452725e-02
-6.759482685565793014e-02
-6.605594849244972311e-02
-6.620596401707801171e-02
-6.704485843270008294e-02
-6.899485646101227720e-02
-7.143376087452929513e-02
-7.487265778962531870e-02
-7.641155970366875216e-02
-7.829490606215644410e-02
-7.983380797619976654e-02
-8.073938155585724807e-02
-8.047828346990076875e-02
-8.160606927388547316e-02
-8.152922022044306605e-02
-8.146450872865107495e-02
-8.090341064269424010e-02
-8.100897672393064797e-02
-8.082565391627810625e-02
-8.088677555306983402e-02
-8.049233913483250236e-02
-8.044235215998690736e-02
-8.049236268566767327e-02
-8.088681515631918062e-02
-8.074793929258483605e-02
-8.038683870715435109e-02
-8.111462701061294966e-02
-8.042019309184927911e-02
-7.990353695086332975e-02
-7.938688080987743589e-02
-8.082578022444708576e-02
-8.082023519457226524e-02
-8.024802349803078494e-02
-7.963136485757116301e-02
-8.025915566050345618e-02
-7.958694396396198689e-02
-7.962584087905788532e-02
-7.978696501532350771e-02
-7.988775099193767826e-02
-8.000071007827291858e-02
-8.038405393728703663e-02
-7.992295335185656269e-02
-7.951740832198178621e-02
-7.912297440321813813e-02
-7.936187381778792016e-02
-7.762299545457973515e-02
-7.731745042470483664e-02
-7.626746095038555717e-02
-7.556191592051081374e-02
-7.068970422396936293e-02
-6.600638141631687272e-02
-6.298972527533075461e-02
-5.669529135656703467e-02
-5.710085743780346501e-02
-5.946197907459549459e-02
-6.078976737805397157e-02
-6.667311123706798348e-02
-6.981201065163761266e-02
-7.291757673287391217e-02
-7.443425392522134976e-02
-7.652870889534657550e-02
-7.636296539862913457e-02
-7.748714835011205615e-02
-7.858160332023728101e-02
-7.787605579088863195e-02
-7.920384409434721995e-02
-7.870941267505721095e-02
-7.850386764518252347e-02
-7.850943372641883133e-02
-7.832611091876628961e-02
-7.807611894497318294e-02
-7.811501835954282047e-02
-7.834280666300141860e-02
-7.781503941090434084e-02
-7.847616104769628009e-02
-7.797061601782157014e-02
-7.777618459853158361e-02
-7.791508151362747103e-02
-7.846509203930807086e-02
-7.822621617557379281e-02
-7.729844642400290899e-02
-7.758179028301703806e-02
-7.708735886372702906e-02
-7.680403605607444284e-02
-7.757162589269039898e-02
-7.702914217750667092e-02
-7.573470575926932735e-02
-7.522916072939445087e-02
-7.503472931010451985e-02
-7.508473733631165770e-02
-7.355697258368826263e-02
-7.406253866492457094e-02
-7.266810474616086646e-02
-6.927367082739721571e-02
-6.516812329804877457e-02
-5.558480298986989698e-02
5.661096309288938810e-01
6.577818426254353756e-01
6.705762765441990458e-01
6.825484882407407694e-01
6.895095888261708605e-01
6.900818005227123964e-01
6.888206788859208007e-01
6.803928905824621065e-01
6.640095467234480298e-01
-4.469601935778833024e-02
-6.177936321680249643e-02
-7.016917833055302811e-02
-7.314891378267907029e-02
-7.519892430835989350e-02
-7.657115705626293956e-02
-7.633227869305475588e-02
-7.609340032984651669e-02
-7.584341085552737116e-02
-7.652675471454145617e-02
-7.649898746244448988e-02
-7.523788687701399303e-02
-7.527678629158363055e-02
-7.527124126170875451e-02
-7.596569623183413444e-02
-7.587126231307045332e-02
-7.645460617208449383e-02
-7.627128336443195211e-02
-7.575462722344594724e-02
-7.487130441579337159e-02
-7.506575938591858455e-02
-7.598243657826603270e-02
-7.569911377061344648e-02
-7.460467985184976447e-02
-7.518802371086397152e-02
-7.479358979210021241e-02
-7.566104215766167318e-02
-7.529622124446488929e-02
-7.539067371511631865e-02
-7.454068424079696165e-02
-7.290180587758882114e-02
-7.174069779373737354e-02
-6.963514276596771690e-02
-6.896291357311018499e-02
-6.976848465329399396e-02
-7.075181601493957251e-02
-7.259072792687770725e-02
-7.382962484197364006e-02
-7.400185758987659623e-02
-7.420743616848152202e-02
-7.479079752381156965e-02
-7.549636360504791144e-02
-7.451303079950050146e-02
-7.547416243418725301e-02
-7.517973351437096108e-02
-7.467418598502240101e-02
-7.411308539959204911e-02
-7.455198231468807002e-02
-7.471310895042732048e-02
-7.366958684277413738e-02
-7.298265701683009921e-02
-7.332155893087355381e-02
-7.262712501210982774e-02
-6.442157998223502213e-02
6.786061872698618824e-01
6.975728434108477982e-01
6.988890828851670456e-01
6.833200341650419452e-01
6.647849539345001002e-01
6.456663555729740267e-01
6.260504920214305935e-01
6.059404795822800338e-01
5.853567448730706557e-01
5.642232756709105734e-01
5.425427250632723908e-01
5.203244639471803490e-01
4.975572743441056822e-01
4.742077083201783338e-01
4.502701004151997699e-01
4.257561384085457590e-01
4.005983503312108285e-01
3.748028703770451830e-01
3.483950602102086069e-01
3.213410489948099746e-01
2.934601785281180097e-01
6.994086564387997917e-01
3.313642369089664363e-02
-6.726913989086596990e-02
-7.137470847157612042e-02
-7.151360788614574693e-02
-7.208584063404854803e-02
-7.225807338195161522e-02
-7.176363946318792264e-02
-7.298031665553544878e-02
-7.275254940343828247e-02
-7.205811548467450089e-02
-7.199701489924431597e-02
-7.239146736989576780e-02
-7.134148039505022743e-02
-7.203594536307023066e-02
-7.176372366863392749e-02
-7.146928974987026839e-02
-7.211930027555107925e-02
-7.234708857900967738e-02
-7.201932132691252209e-02
-7.174246977399645342e-02
-7.229998300390022559e-02
-7.142777130735872282e-02
-7.093333738859508575e-02
-7.038334541480212314e-02
-6.854446955106774375e-02
-6.810559118785947108e-02
-6.797781643734146506e-02
-6.590559724237876615e-02
-6.447784998607142271e-02
-5.518341106836044396e-02
-5.501119937181897512e-02
-5.496120989749964103e-02
-5.447788708984702133e-02
-5.442789761552779826e-02
-5.526679703009751421e-02
-5.829458533355597050e-02
-6.393348474812560189e-02
-6.920571749602866252e-02
-7.078905885556896482e-02
-7.108351632516790586e-02
-7.060019351751528616e-02
-7.078352987810820895e-02
-7.069538475249970144e-02
-7.035281050082348164e-02
-7.034728546673840732e-02
-7.096396265908588852e-02
-6.980285707470806900e-02
-7.090843315383921208e-02
-6.992510784671296387e-02
-7.019734059461590903e-02
-7.013624250865940768e-02
-7.003069747878465368e-02
-6.989181911557634796e-02
-6.846405186347931382e-02
-6.518072905582689147e-02
-5.090851985875899377e-02
6.705192498928119749e-01
7.090136838115752571e-01
4.768531177303391155e-01
4.534003408162956550e-01
4.291011084156151068e-01
4.040598121347258598e-01
3.783631781544011252e-01
3.519967674765990262e-01
3.249388356838827097e-01
2.971854280817129990e-01
2.687632420756722595e-01
2.395933820145041970e-01
2.097593270978888036e-01
1.791726155159444334e-01
1.479485975187045943e-01
7.013106711047228936e-01
-4.390600608762462720e-02
-6.445601661330546683e-02
-6.771713825009734178e-02
-6.900048210911141622e-02
-6.876160374590323254e-02
-6.891161427158393193e-02
-6.828384701948703173e-02
-6.847830198961224468e-02
-6.845053473751527839e-02
-6.853387859652920744e-02
-6.832833356665446445e-02
-6.868945520344638123e-02
-6.865057684023823104e-02
-6.833392069925231516e-02
-6.871726455826637769e-02
-6.796727258447338160e-02
-6.831728560962785357e-02
-6.726265627893390775e-02
-6.888683367603071206e-02
-6.750351086837819148e-02
-6.885352139405903626e-02
-6.790353191973974578e-02
-6.802020411313974835e-02
-6.892577269384975169e-02
-6.727577322163563744e-02
-6.754800846901232170e-02
-6.846468816083339792e-02
-6.784803451932130969e-02
-6.828693393389090316e-02
-6.831472723629694599e-02
-6.742028831858559723e-02
-6.683696051198573240e-02
-6.805363770433314752e-02
-6.731476683954606965e-02
-6.732033542025611661e-02
-6.680367927927022276e-02
-6.650924785998030275e-02
-6.550370033063174224e-02
-6.170926641186808004e-02
6.676851650074220323e-01
7.039645196152504170e-01
7.236953991637674610e-01
7.432726610339202011e-01
7.630439380473019728e-01
7.657768583602712065e-01
7.680107408330958396e-01
7.698581095197719604e-01
7.693054126867568954e-01
7.529620931405029971e-01
7.360328297576236301e-01
7.185260294977589002e-01
7.005811428278726494e-01
6.821063842543813038e-01
6.632087847574725803e-01
6.438097177585052622e-01
6.239319243477059462e-01
6.035576030314452334e-01
5.826854517231978559e-01
5.612621913398307960e-01
5.392548774877993223e-01
4.985008532748311794e-01
4.559377798302658436e-01
4.119785537443494405e-01
7.161979410366879906e-01
6.968516483393000227e-01
6.787127489247304357e-01
5.800516272879386870e-01
-5.034282768218673043e-02
-5.808172709675629708e-02
-6.319840178963020971e-02
-6.322619009308860782e-02
-6.505397839654708525e-02
-6.524843086719861462e-02
-6.567622167013087431e-02
-6.535956552914490292e-02
-6.592068716593685318e-02
-6.498180380378126841e-02
-6.584292544057301910e-02
-6.514847902444076411e-02
-6.540960316070643099e-02
-6.481516924194274942e-02
-6.478740448931946672e-02
-6.554852612611122842e-02
-6.547631442956980408e-02
-6.509299662086470706e-02
-6.474300464707166691e-02
-6.443746711561798568e-02
-6.509394111989474929e-02
-6.458479795874610963e-02
-6.354591959553801406e-02
-6.127371039847029355e-02
-3.803482953578840586e-02
7.041151624380045382e-01
3.495462605239612053e-01
3.227282752765844309e-01
2.949524846114885968e-01
2.664213221592507397e-01
2.370881334708097032e-01
2.070334208838550127e-01
1.762183129675907178e-01
1.446387998387841378e-01
1.122829935893436826e-01
7.921065355792056284e-02
6.787094861010134483e-01
-5.584052442466747035e-02
-6.170164606145928099e-02
-6.301832325380668509e-02
-6.367944489059873536e-02
-6.355167763850161355e-02
-6.347946594196007819e-02
-6.312483661126611079e-02
-6.319345845280754936e-02
-6.333235536790338127e-02
-6.281570422586491009e-02
-6.358793447429411660e-02
-6.301572527722654193e-02
-6.367684191507083646e-02
-6.308241299525452206e-02
-6.331019879923938110e-02
-6.353798710269792371e-02
-6.343244207282316971e-02
-6.289355871066759640e-02
-6.301024090196233329e-02
-6.281580698319871869e-02
-6.313248417554617742e-02
-6.283805025678251832e-02
-6.351028050521173585e-02
-6.273807130814396116e-02
-6.272140766873696149e-02
-6.236031208225395472e-02
-6.318809788623880319e-02
-6.267143424683169206e-02
-6.167700032806816557e-02
-6.165555408456518949e-02
-6.215740455926299646e-02
-6.177421172424363283e-02
-6.251321361723560788e-02
-6.220756610893851679e-02
-6.230200858169510081e-02
-6.154104296784546069e-02
-6.167995987873103880e-02
-6.128552845944112981e-02
-6.192442787401075677e-02
-6.138554951080260613e-02
-6.126889336981666823e-02
-6.175223722883083077e-02
-6.138002553228932845e-02
-6.169670272463678717e-02
-6.193560213920629165e-02
-6.127450155377606178e-02
-6.201340096834556670e-02
-6.151896704958204065e-02
-6.175786646415176717e-02
-6.145232143427675764e-02
-6.146899862662424940e-02
-6.180789804119390940e-02
-6.114201540710634264e-02
-6.105497643747670455e-02
-6.156054251871290184e-02
-6.038833082217165416e-02
-6.054944995948968733e-02
-5.787724076242184434e-02
-5.408280684365812663e-02
-4.917727181167835804e-02
-4.629393900613076873e-02
-4.407728286514511762e-02
-4.290507116860353687e-02
-4.307730391650654855e-02
-4.379398110885379669e-02
-4.379954219114279290e-02
-4.359400216021525054e-02
-4.284401268589610456e-02
-4.386068987824365273e-02
-4.331070040392426268e-02
-4.307182204071624554e-02
-4.353294367750804028e-02
-4.268295420318890532e-02
-4.369963139553623144e-02
-4.628297525455027372e-02
-5.009965244689768005e-02
-5.594502311620364043e-02
-5.864698079055208346e-02
-5.929698631728547165e-02
-5.943589073080246532e-02
-5.927479014537218038e-02
-5.950257844883066749e-02
-5.988592230784473003e-02
-5.919148838908111498e-02
-5.968593086183776597e-02
-5.988039083091029058e-02
-5.931926025179529161e-02
-5.923593994361647797e-02
-5.926373574549614887e-02
-5.915820071351624021e-02
-5.944154957147784746e-02
-5.910267370774324736e-02
-5.896379284506148011e-02
-5.900269725857865133e-02
-5.897493500542905220e-02
-5.932494303163604599e-02
-5.835273133509455423e-02
-5.793607769358238846e-02
-5.904164377481868620e-02
-5.822034222307198581e-02
-5.925563378619236321e-02
-5.896119986742870411e-02
-5.835564983860636046e-02
-5.861677147539817723e-02
-5.837789811113758276e-02
-5.796123697120419971e-02
-5.904457583127076248e-02
-5.888347274636673845e-02
-5.836682160432832278e-02
-5.812793824217271643e-02
-5.736684015621607013e-02
-5.909463595809572034e-02
-5.862241426365932817e-02
-5.786132617559769376e-02
-5.804467503355908997e-02
-5.806134722695910355e-02
-5.811136275158734765e-02
-5.852804244340847895e-02
-5.722249491405984045e-02
-5.769472516248919103e-02
-5.741140235483666032e-02
-5.782807204876289076e-02
-5.757330496929524699e-02
-5.765292572334979049e-02
-5.722514597388417279e-02
-5.759739121915569138e-02
-5.713630563056765199e-02
-5.731963449273935751e-02
-5.772535554134611280e-02
-5.658644718445343669e-02
-5.809190328884616950e-02
-5.709760934061058890e-02
-5.675870098371793571e-02
-5.744207483641661227e-02
-5.705886200560739141e-02
-5.715317700520461397e-02
-5.706988419123654177e-02
-5.692000469376079508e-02
-5.703668188610844236e-02
-5.698668991231525816e-02
-5.648111238928216205e-02
-5.658669096788715436e-02
-5.615893121421111633e-02
-5.609783062878082038e-02
-5.635895476504637625e-02
-5.652640824148513765e-02
-5.598382343647556603e-02
-5.574493507537259251e-02
-5.635050865503005157e-02
-5.620051918071078401e-02
-5.665052470744408319e-02
-5.543387106593189451e-02
-5.647277297997521650e-02
-5.594499073103592623e-02
-5.511720098367556275e-02
-5.496724900146210402e-02
-5.556170647106084548e-02
-5.592282810785276226e-02
-5.523950530020016458e-02
-5.265618249254760963e-02
-4.183952635156162891e-02
-3.810064798835355315e-02
-3.831732518070107840e-02
-3.920066903971508587e-02
-3.863956845428473397e-02
-3.853402342440992445e-02
-3.896181172786838953e-02
-3.920071114243794952e-02
-4.117294389034109603e-02
-4.400720344853598087e-02
-4.515360556732883612e-02
-4.628139387078733513e-02
-4.444251550757916114e-02
-4.183698547454672845e-02
-3.906475878116288936e-02
-3.659254708462134076e-02
-3.655366872141330159e-02
-3.650367924709407852e-02
-3.659813421721924698e-02
-3.622592502015153926e-02
-3.632037749080307965e-02
-3.669261023870584726e-02
-3.672039854216446741e-02
-3.724818684562303250e-02
-3.610930848241489244e-02
-3.703709678587352450e-02
-3.842044064488747690e-02
-4.069267339279042384e-02
-4.372046169624904666e-02
-4.540380555526302153e-02
-4.773159385872177696e-02
-4.924827105106899250e-02
-4.890475283148620900e-02
-4.879559939472349894e-02
-4.792338769818188515e-02
-4.567339822386268233e-02
-4.310118652732136679e-02
-3.908453038633535881e-02
-3.765676313423826915e-02
-3.739566254880788421e-02
-3.651233974115530856e-02
-3.648457248905845329e-02
-3.665680523696135396e-02
-3.624014909597539358e-02
-3.652349295498946713e-02
-3.637350348067025507e-02
-3.631240289523984810e-02
-3.638463564314298182e-02
-3.641242394660137993e-02
-3.537354558339333988e-02
-3.629022277574078803e-02
-3.568468274481340075e-02
-3.564579938265766135e-02
-3.594025435278291880e-02
-3.433470932290816346e-02
-3.551327279958094163e-02
-3.705956549696887148e-02
-4.076513157820499389e-02
-4.532625571447052026e-02
-5.000959707401092524e-02
-5.228182982191392769e-02
-5.194295145870586605e-02
-5.212629531771995062e-02
-5.242075028784504154e-02
-5.252645633960956184e-02
-5.230991017546710031e-02
-5.152644739728651224e-02
-5.226537680554066423e-02
-5.269326508794774933e-02
-5.197644398169670721e-02
-5.175981783439526085e-02
-5.150980336533894643e-02
-4.913763166037693475e-02
-3.633220910471418597e-02
6.902844445367978254e-01
7.192788784555617099e-01
7.288733198727465057e-01
7.213344129597557552e-01
6.922336286494572555e-01
-3.824599876986034541e-02
-4.957378207437146411e-02
-5.155713593128041783e-02
-5.118491673631780925e-02
-5.167937170644293365e-02
-5.130713501516426245e-02
-5.125713554295030505e-02
-5.182941078190644868e-02
-5.112386575203164973e-02
-5.095165405549018089e-02
-4.866833124783759290e-02
-3.739611955129618082e-02
-3.383501896586571522e-02
-3.465169615821317439e-02
-3.463504751564838724e-02
-3.396282832068564517e-02
-3.194617217969986100e-02
-3.270729381649173373e-02
-3.266841545328358354e-02
-3.312953709007537828e-02
-3.363511566868038205e-02
-3.360733591921472030e-02
-3.337492881074299866e-02
-3.339910870731344072e-02
-3.308245256632769138e-02
-3.245468531423068015e-02
-3.223802917324480877e-02
-3.181026192114777551e-02
-3.207138355793959228e-02
-3.274361630584254890e-02
-3.301584905374554957e-02
-3.374363735720409263e-02
-3.626031454955147559e-02
-4.029921396412111667e-02
-4.578255782313511713e-02
-4.914367945992709208e-02
-4.971591220783011522e-02
-4.955481162239971926e-02
-4.963815548141370382e-02
-4.932149934042795447e-02
-5.039373208833092255e-02
-4.977707594734492869e-02
-4.938264202858128060e-02
-4.923265255426201303e-02
-4.958266307994274591e-02
-4.993267360562358981e-02
-4.901137760826285161e-02
-4.952444639372238777e-02
-4.941890136384763377e-02
-5.009113411175042385e-02
-4.957447797076453000e-02
-4.994671071866751966e-02
-4.988561013323722371e-02
-4.998006510336250319e-02
-4.870785340682093345e-02
-4.844675282139060402e-02
-4.868565223596021951e-02
-5.085788498386323297e-02
-5.314122884287725279e-02
-5.264679492411361572e-02
-5.249680544979434815e-02
-5.233570486436395219e-02
-5.249682150220835730e-02
-5.205794813794772935e-02
-5.141906727526601717e-02
-4.965796668983546436e-02
-4.911909082610116384e-02
-4.735799024067077756e-02
-4.734133409968488415e-02
-4.766434202080194193e-02
-4.786618027585054502e-02
-4.829397357825654380e-02
-4.785508521715348129e-02
-4.808286352271712305e-02
-4.797731599336862995e-02
-4.848289207249989463e-02
-4.829957426379466456e-02
-4.737180451222389177e-02
-4.791070892574089690e-02
-4.824959834241571155e-02
-4.814406580990954199e-02
-4.789407133664291827e-02
-4.756629908559839581e-02
-4.790517600490462602e-02
-4.736633763327585678e-02
-4.768315479615148345e-02
-4.689980199481424972e-02
-4.673873140306850082e-02
-4.764440746114839698e-02
-4.577205579407878089e-02
-3.522209631344419556e-02
-3.027221681596836689e-02
-3.059522473708564672e-02
-3.081929521225124091e-02
-2.974708351570976017e-02
-2.811931626361274805e-02
-2.835821567818253008e-02
-3.083044842608528846e-02
-3.790268117398820635e-02
-4.664158058855788491e-02
-5.099159111423867685e-02
-5.079715719547495123e-02
-5.072494549893358240e-02
-5.063051158016979025e-02
-5.048052210585063371e-02
-5.041942152042017122e-02
-5.045832093498997528e-02
-4.978611673686961225e-02
-5.039167531968463676e-02
-4.919724140092107678e-02
-3.624725192660183115e-02
-3.043060078456322204e-02
-2.886949769965907464e-02
-2.795283905919965228e-02
-2.771396819441263037e-02
-2.737044747535599676e-02
-2.768351126186807676e-02
-2.838907734310447406e-02
-2.977242120211853749e-02
-2.933354283891020930e-02
-2.951688669792451591e-02
-2.933356389027186317e-02
-2.875024108261925448e-02
-2.842247383052209919e-02
-2.857248435620296512e-02
-2.791138377077262422e-02
-2.811694985200896557e-02
-2.768918259991182129e-02
-2.859474868114808555e-02
-2.868920365127336503e-02
-2.821699195473192923e-02
-2.810033581374604683e-02
-2.780590189498244325e-02
-2.835591242066304307e-02
-2.847258961301057933e-02
-2.864482236091348000e-02
-2.778372177548305011e-02
-2.798928785671928043e-02
-2.691707616017802174e-02
-2.637355794059492720e-02
-2.669773783716578031e-02
-2.746997058506861489e-02
-2.776442555519376132e-02
-3.505888052531908050e-02
-4.822000216211086432e-02
-4.821445713223609930e-02
-4.837557876902798260e-02
-4.862558929470872648e-02
-4.888671093150070979e-02
-4.890338812384797951e-02
-4.813117642730652124e-02
-4.770340917520954349e-02
-4.800897525644581831e-02
-4.645898578212664942e-02
-2.834232964114069553e-02
-2.670345127793249951e-02
-2.608679513694667218e-02
-2.520347232929398551e-02
-2.458681618830826920e-02
-2.602571560287769703e-02
-2.759794835078088759e-02
-2.729240332090598908e-02
-2.768207790868981721e-02
-2.748392616163330970e-02
-2.758949224286955104e-02
-2.728394721299465253e-02
-2.760062440534216677e-02
-2.701730159768955808e-02
-2.748953434559253672e-02
-2.597287820460647545e-02
-2.840066650806510884e-02
-3.386178814485696353e-02
-4.127846533720447297e-02
-4.291736475177404531e-02
-4.321181972189913623e-02
-4.372849691424668395e-02
-4.320072966214960619e-02
-4.381741435291824915e-02
-4.321186182462238845e-02
-4.368409457252514505e-02
-4.320077176487263637e-02
-4.329522673499791585e-02
-4.344523726067861524e-02
-4.202858111969276500e-02
-4.237859164537338685e-02
-4.184618453690169826e-02
-4.230369776680575900e-02
-4.479815273693082966e-02
-4.634816326261154140e-02
-4.577595156607011662e-02
-4.594818431397312830e-02
-4.607597261743162642e-02
-4.564820536533453765e-02
-4.562043811323757136e-02
-4.515933752780720845e-02
-4.599823694237686889e-02
-4.634824746805760176e-02
-4.565381354929387570e-02
-4.509271296386363481e-02
-4.570939015621100499e-02
-4.412606734855845092e-02
-3.639830009646150000e-02
-3.023719951103098769e-02
-2.705387670337844330e-02
-2.507055389572587778e-02
-2.373167553251775974e-02
-2.327057494708739682e-02
-2.275391880610144746e-02
-2.281040058651850888e-02
-2.404569159420022473e-02
-2.432903545321440930e-02
-2.407904597889509724e-02
-2.494016761568695895e-02
-2.450128925247885281e-02
-2.555129977815961961e-02
-2.639019919272916903e-02
-2.916243194063217192e-02
-3.363466468853520963e-02
-3.805134188088260538e-02
-4.017913018434110528e-02
-4.115136293224408437e-02
-4.053470679125825704e-02
-4.111805065027246409e-02
-4.047917228706410242e-02
-4.155140503496718152e-02
-4.079030444953679613e-02
-4.045142608632867898e-02
-4.081254772312048473e-02
-4.149589158213456974e-02
-4.077923544114875343e-02
-4.072924596682941933e-02
-4.004128330280209980e-02
-4.040990764381713340e-02
-4.058214039172020060e-02
-4.079881758406761483e-02
-3.998216144308153197e-02
-3.980994974654017415e-02
-3.934884916110981123e-02
-3.932108190901284495e-02
-3.888220354580468330e-02
-3.952110296037431025e-02
-3.924889126383279692e-02
-4.099890178951359765e-02
-4.232669009297218565e-02
-4.428781172976403724e-02
-4.297115558877806496e-02
-4.284338833668099866e-02
-4.290450997347294848e-02
-4.307674272137601568e-02
-4.302675324705657056e-02
-4.242120821718181611e-02
-4.299344096508483926e-02
-4.296567371298781746e-02
-4.343790646089085161e-02
-4.209902809768256704e-02
-4.058870268546643789e-02
-3.903499538285426507e-02
-3.835167257520166739e-02
-3.829057198977137144e-02
-3.749613807100776741e-02
-3.793503748557736088e-02
-3.824060356681369122e-02
-3.841283631471653637e-02
-3.806284684039740185e-02
-3.921285736607815764e-02
-3.904064566953657778e-02
-3.862398952855078393e-02
-3.988511116534265710e-02
-3.812401057991227082e-02
-3.854068777225971854e-02
-3.815736496460703231e-02
-3.898515326806561987e-02
-3.862405268263524594e-02
-3.886295209720502797e-02
-3.879074040066338158e-02
-3.840741759301080638e-02
-3.847965034091382908e-02
-3.771854975548349920e-02
-3.880836486923394668e-02
-3.817698921024892389e-02
-3.756033306926309656e-02
-3.722145470605497941e-02
-3.872702078729117758e-02
-3.805480909074981932e-02
-3.837148628309722254e-02
-3.799927458655583123e-02
-3.740484066779214967e-02
-3.763262897125052575e-02
-3.801597283026458829e-02
-3.733265002261215715e-02
-3.713821610384832050e-02
-3.701044885175142074e-02
-3.757157048854314896e-02
-3.681046990311276357e-02
-3.670492487323806508e-02
-3.675493539891888650e-02
-3.658272370237741766e-02
-3.662162311694694417e-02
-3.658274475373884949e-02
-3.676608861275298956e-02
-3.703832136065593472e-02
-3.783924758551754364e-02
-3.913009414875473491e-02
-3.919121578554668472e-02
-3.996344853344963033e-02
-3.988012572579702208e-02
-3.959680291814443587e-02
-3.994681344382516874e-02
-3.973015730283924185e-02
-4.000239005074218701e-02
-3.973017835420078470e-02
-3.876907776877042133e-02
-3.760797718334008000e-02
-3.578020993124297888e-02
-3.593022045692378930e-02
-3.539134209371563866e-02
-3.507468595272977829e-02
-3.576914092285493618e-02
-3.493026255964676308e-02
-3.516916197421643409e-02
-3.515250583323059619e-02
-3.598029413668918375e-02
-3.543030466236990472e-02
-3.624698185471730838e-02
-3.618124141291212403e-02
-3.579431019837148176e-02
-3.523320961294129638e-02
-3.556099791639982799e-02
-3.579989733096944349e-02
-3.523879674553909158e-02
-3.587769616010871854e-02
-3.427215113023379667e-02
-3.338882832258144306e-02
-3.178328329270663222e-02
-3.045551604060953155e-02
-3.073885989962354959e-02
-2.876664820308216797e-02
-2.807221428431849741e-02
-2.788889147666595569e-02
-2.755001311345783854e-02
-2.571113475024955353e-02
-2.383892305370816089e-02
-2.186671135716666825e-02
-1.982783299395857179e-02
-1.862228796408371689e-02
-1.803896515643110821e-02
-1.774453123766739360e-02
-1.806120843001490783e-02
-1.765088301779871305e-02
-1.730828682629770299e-02
-1.691385290753388837e-02
-1.596386343321465340e-02
-1.590276284778435745e-02
-1.594166226235405048e-02
-1.653611723247916387e-02
-1.713057470207812738e-02
-1.832502717272954662e-02
-3.100837103174369780e-02
-3.772504822409106229e-02
-3.756394763866077735e-02
-3.721395816434147630e-02
-3.931952424557783043e-02
-4.061397921570297775e-02
-3.930843418582824489e-02
-3.705844471150904207e-02
-3.696401079274524992e-02
-3.659180159567748669e-02
-3.575292073299563000e-02
-3.709182014756540191e-02
-3.965294178435713190e-02
-4.014739675448247835e-02
-4.069276742378846734e-02
-3.848361398702571101e-02
-3.770029117937306884e-02
-3.685030170505382285e-02
-3.635586778629013027e-02
-3.687254497863762248e-02
-3.686699994876274644e-02
-3.401701047444338766e-02
-1.808924322234650717e-02
-1.628369819247177386e-02
-1.533370871815242786e-02
-1.527260813272190987e-02
-1.485595199173617154e-02
-1.423929585075023319e-02
-1.385597304309771349e-02
-1.381709467988956330e-02
-1.457821631668143603e-02
-1.501711573125108501e-02
-1.546712625693180687e-02
-1.559491456039041601e-02
-1.552270286384882514e-02
-1.572826894508505546e-02
-1.627827947076598836e-02
-1.572365014007182094e-02
-1.532560781442027231e-02
-1.574228500676766451e-02
-1.581451775467090926e-02
-1.586452828035156415e-02
-1.545898325047667665e-02
-1.512010488726844848e-02
-1.522567096850491186e-02
-1.535345927196329896e-02
-1.550346979764405386e-02
-1.497570254554725366e-02
-1.500349084900565177e-02
-1.498683470801975837e-02
-1.462573412258949546e-02
-1.463130020382563679e-02
-1.425908850728418997e-02
-1.485354347740952541e-02
-1.460355400309021334e-02
-1.384245341765977244e-02
-1.370357505445152224e-02
-1.346469669124350510e-02
-1.275915166136876167e-02
-1.233138440927161739e-02
-1.268786618968875679e-02
-1.213426830848163274e-02
-1.227316772305120374e-02
-1.261206713762097475e-02
-1.279541099663505932e-02
-1.265653263342692014e-02
-1.225098760355214367e-02
-1.264544257367739011e-02
-1.265100865491353144e-02
-1.246768584726098972e-02
-1.171769637294173272e-02
-1.153437356528919100e-02
-1.122882853541440351e-02
-1.134550572776182875e-02
-1.099551625344252770e-02
-1.123441566801219871e-02
-1.090664841591515444e-02
-1.123443671937374155e-02
-1.064000280061005999e-02
-1.075667999295737420e-02
-1.098446829641597233e-02
-1.132336771098563233e-02
-1.054004490333304567e-02
-1.149005542901382348e-02
-1.131306335013082531e-02
-1.074824493640769152e-02
-1.063158879542169810e-02
-1.078159932110245300e-02
-1.124272095789446979e-02
-1.077050926135292297e-02
-1.133163089814470670e-02
-1.104830809049228701e-02
-1.116498528283960123e-02
-1.138166247518701546e-02
-1.103167300086782543e-02
-1.095946130432634558e-02
-1.123169405222934625e-02
-1.138170457790987911e-02
-1.106504843692412976e-02
-1.131505896260487365e-02
-1.184284726606343874e-02
-1.181508001396647245e-02
-1.155397942853597648e-02
-1.153732328755008307e-02
-1.149844492434215493e-02
-1.165956656113376066e-02
-1.067624375348130705e-02
-1.151050331167624563e-02
-1.121246098602446395e-02
-1.152913817837197819e-02
-1.084581537071926949e-02
-1.116249256306667270e-02
-1.161250308874750559e-02
-1.112918028109499691e-02
-1.114585747344243316e-02
-1.080697911023431601e-02
-1.045698963591501496e-02
-1.178477793937349194e-02
-1.091256624283221122e-02
-1.157368787962398393e-02
-1.064592062752689472e-02
-1.070704226431873352e-02
-1.123483056777740963e-02
-1.138484109345805351e-02
-1.050151828580558888e-02
-1.096263992259738362e-02
-1.076820600383376902e-02
-1.042932764062554085e-02
-1.039044927741739066e-02
-1.057379313643158625e-02
-1.057471936129317225e-02
-1.054334370230813889e-02
-1.020446533910002174e-02
-1.077669808700287835e-02
-1.068226416823936376e-02
-1.071005247169787289e-02
-1.034895188626738793e-02
-1.023229574528150554e-02
-1.000452849318445026e-02
-9.898983463309751762e-03
-9.837882877879344790e-03
-1.013233784800449122e-02
-9.660126151463055422e-03
-9.621247788254905231e-03
-9.560147202824609280e-03
-9.310157728505408237e-03
-1.017127936529715893e-02
-9.621289890977879899e-03
-8.782411527769817816e-03
-9.199088720117321039e-03
-9.582432579131494599e-03
-8.776887549256540133e-03
-8.638009186048400956e-03
-8.750046522021159845e-03
-8.829781974147299373e-03
-8.835348055383440702e-03
-8.707580803286596449e-03
-8.879813551189497112e-03
-9.018712965759290157e-03
-8.646501269217621299e-03
-8.740956239342789758e-03
-8.502077876134772616e-03
-8.840977290704432612e-03
-8.824321149718428181e-03
-8.240998342065819493e-03
-8.079897756635534556e-03
-8.129908282316189450e-03
-8.379918807997044361e-03
-7.607707111455752624e-03
-8.135495414914095669e-03
-8.241061496150337007e-03
-8.368849799608946149e-03
-8.263304769733914590e-03
-8.157759739859438142e-03
-8.141103598873433711e-03
-7.602225235665227565e-03
-7.758566767835040068e-03
-7.993748076392526158e-03
-7.643758602073336128e-03
-7.893769127753857973e-03
-7.921557431212478129e-03
-7.738234623559936409e-03
-7.488245149240735365e-03
-7.116033452699399575e-03
-7.521599533935496851e-03
-7.904943392949559389e-03
-6.954953918630324416e-03
-7.393853333199973399e-03
-7.632752747769755430e-03
-7.604985495672678120e-03
-7.410551576908952498e-03
-7.305006547034254005e-03
-7.077239294937198721e-03
-6.993916487284645989e-03
-7.199482568520876313e-03
-7.427270871979363420e-03
-6.743948064326876768e-03
-6.693958590007764720e-03
-6.555080226799403498e-03
-6.449535196924593983e-03
-6.783794755119365583e-03
-6.674641318356600017e-03
-6.724651844037587978e-03
-6.130217925273795387e-03
-5.835784006510191801e-03
-6.019127865524165344e-03
-6.424693946760595686e-03
-5.719148916885741230e-03
-6.691381664788775829e-03
-5.974725523802848492e-03
-6.113624938372530515e-03
-6.663635464053241364e-03
-6.002534878622789449e-03
-6.063656515414739268e-03
-5.469222596650946677e-03
-6.030344233442952451e-03
-5.458132536901416643e-03
-5.352587507026607128e-03
-6.024820254929674768e-03
-5.008164113943780471e-03
-6.124841306291095577e-03
-5.874851831971894534e-03
-5.769306802097085018e-03
-5.103566360291966753e-03
-5.449968479084854600e-03
-4.888867893654391672e-03
-5.349989530446297437e-03
-5.544444500571565904e-03
-5.594455026252220797e-03
-5.544465551932997727e-03
-5.516698299836031438e-03
-5.300042158850049034e-03
-4.761163795641953911e-03
-5.300063210211480857e-03
-5.361184847003541698e-03
-5.300084261573134725e-03
-4.683428120587307397e-03
-5.533438646267874184e-03
-4.516782505281979887e-03
-4.344570808740400025e-03
-5.216803556643556661e-03
-5.089036304546379341e-03
-4.650157941338384227e-03
-4.200168467019094187e-03
-4.716845659366586396e-03
-4.433522851713944668e-03
-4.234449076575663717e-03
-4.669740084257356649e-03
-4.730861721048973401e-03
-4.836427802285436783e-03
-3.730882772410515358e-03
-4.114226631424799940e-03
-4.130903823772125172e-03
-4.269803238341807194e-03
-4.086480430689154453e-03
-3.792046511925439845e-03
-3.219834815383904036e-03
-4.069845341064692867e-03
-3.997633644523324037e-03
-3.914310836870660282e-03
-3.753210251440375345e-03
-3.036554110454448008e-03
-3.386564636135180884e-03
-3.336575161815957813e-03
-3.708807909718836449e-03
-3.236596213177511672e-03
-2.831051183302624175e-03
-3.636617264538899441e-03
-3.542183345775273828e-03
-3.165191544611700714e-03
-3.355928408724673240e-03
-3.372605601072109494e-03
-3.355949460086216085e-03
-2.761515541322645539e-03
-3.289303844780988584e-03
-2.739314370461931603e-03
-3.389324896142520416e-03
-2.928224310712268519e-03
-2.778234836393056462e-03
-3.017134250962505426e-03
-2.833811443310074729e-03
-2.406044191213041472e-03
-2.000499161338264997e-03
-2.494954131463389402e-03
-2.856075768255306180e-03
-2.528308516158150887e-03
-2.300541264061317648e-03
-2.750551789741928488e-03
-2.667228982089375755e-03
-2.595017285547895902e-03
-1.522805589006415161e-03
-2.039482781353907370e-03
-1.967271084812538540e-03
-1.812641754118549109e-03
-2.147932761800142032e-03
-1.686832176369779113e-03
-2.692398257606143375e-03
-1.864631005509043149e-03
-2.225752642300959927e-03
-1.409096501315154626e-03
-1.592440360329017146e-03
-1.786895330454285613e-03
-1.514683633912827787e-03
-1.598027492927034388e-03
-1.348038018607722321e-03
-1.531381877621806886e-03
-1.281392403302494820e-03
-1.664736262316668380e-03
-1.359191232441880892e-03
-1.431423980344903590e-03
-1.125878950470005080e-03
-1.231445031706246418e-03
-1.214788890720464032e-03
-8.981327497344926414e-04
-6.814766087486212598e-04
-1.075931578873645655e-03
-1.099080025957599460e-03
-7.677043669725991393e-04
-6.621593370976786019e-04
-5.010587516675046871e-04
-3.288470551260358476e-04
-5.566353585845229546e-04
-1.955347731540379996e-04
-4.455452988348929111e-04
-1.084444713404630889e-03
-2.344552390853849033e-04
-8.733546536549008366e-04
-6.678096237801023349e-04
-4.955979272387445178e-04
-3.344973418083485583e-04
-2.067300897112822611e-04
9.926051274589120510e-06
-4.623066966282785017e-04
2.432383332465759551e-04
-2.899441465653573857e-05
-3.456049589289911239e-05
2.043178673153400737e-04
-2.456926583654928109e-04
1.540792706489213515e-05
9.225947998103833925e-05
-3.192041658950373062e-05
4.514023910631159708e-04
2.347251987155907216e-04
4.736035619238299077e-04
5.013708140209072184e-04
3.069158438956387513e-04
8.569053182148067549e-04
3.291170147563526882e-04
5.124398224088944076e-04
1.395762630061470055e-03
8.235298821586134466e-04
1.051297134255557708e-03
8.346199419081434812e-04
7.734983051161936629e-04
1.223487779435594724e-03
1.506810587088125430e-03
9.456889502962306793e-04
1.584567313504314789e-03
1.301223454490296749e-03
1.184546262142815998e-03
1.012313514239804313e-03
1.784525210781484628e-03
1.228183678611605156e-03
1.604113481165292399e-03
1.631880733262203176e-03
2.237425763137124157e-03
2.276304126345163326e-03
1.404071378442228735e-03
1.876283074983720045e-03
1.792939215969624467e-03
1.654039801399942444e-03
2.070695942385958332e-03
2.009574305594008514e-03
1.981786002135554892e-03
2.276219920899158478e-03
1.759542728551721780e-03
2.087309980648655028e-03
2.081743899412402676e-03
2.031733373731692271e-03
2.203945070273161111e-03
2.287267877925769355e-03
2.892812907800523803e-03
2.476135715453020580e-03
2.481680745328007642e-03
2.631670219647164188e-03
2.326104138410833855e-03
2.802955691326991516e-03
2.612109128089679100e-03
2.673209713520141584e-03
2.345421410061554468e-03
2.795410884380788996e-03
3.089844803144503604e-03
3.150945388575077111e-03
2.812045974005306093e-03
2.617591003880204159e-03
2.789802700421561976e-03
3.028681063629801162e-03
3.100892760171225504e-03
2.895326678934884157e-03
3.323093931031806392e-03
3.184194516462290903e-03
3.678628435225927973e-03
3.561951242878613755e-03
4.211940717197659723e-03
3.417485747072623870e-03
3.767475221391813900e-03
3.395242473488879753e-03
3.223009725585757046e-03
4.139665866571662356e-03
3.483184086154667014e-03
4.036781967361791068e-03
4.431215886125661196e-03
3.692316471555823210e-03
4.375639279208420884e-03
4.192295420194391831e-03
3.431173783402519106e-03
4.103385479943932879e-03
3.764486065374328394e-03
4.403364428582468015e-03
4.242242791790529211e-03
4.581121154998757383e-03
4.397777295984728330e-03
3.781100103637247134e-03
4.531089577956448622e-03
4.292190163386888635e-03
3.997735193261631181e-03
4.592169112025368261e-03
4.942158586344613802e-03
4.225481393997254642e-03
3.853248646094153962e-03
4.958793675968964365e-03
4.731005372510421747e-03
5.363552729229559279e-03
4.550453672366172597e-03
4.744777614286488365e-03
4.761433755272381774e-03
5.389201007369281982e-03
5.516968259466348279e-03
5.044735511563425145e-03
5.094724985882648216e-03
5.278047793535245447e-03
5.050259490076647317e-03
5.344693408840361926e-03
5.439127327604154072e-03
5.055783468590036023e-03
5.772439609575963360e-03
4.955762417228504191e-03
5.672418558214376016e-03
5.533519143644693994e-03
5.961286395741893784e-03
5.655720314505452428e-03
5.750154233269189064e-03
6.055699263144032063e-03
5.839022070796506814e-03
6.055678211782544729e-03
5.588225568501470342e-03
6.408599815499682606e-03
6.114144845374425152e-03
5.941912097471413468e-03
5.725234905123943729e-03
6.253002157221132506e-03
6.647436075984669568e-03
6.797425550304048159e-03
6.369637246845527567e-03
6.575182276720326069e-03
6.758505084373034322e-03
6.619605669803352299e-03
6.658484033011391467e-03
7.097362396219442093e-03
6.725129648316618969e-03
6.886230233747014928e-03
6.325108596955009155e-03
6.986209182385461069e-03
7.102865323371287953e-03
6.552854797690577104e-03
6.813955383120906539e-03
7.463944857440174552e-03
7.302823220648291258e-03
6.535230329120067516e-03
7.277717099216096663e-03
6.783262129090916748e-03
7.166584936743658485e-03
7.349907744396144693e-03
7.333230552048708439e-03
7.772108915256703554e-03
