4.843222222222222650e-01
4.838333333333333375e-01
4.844888888888889134e-01
4.838999999999999968e-01
4.840666666666665896e-01
4.840333333333333155e-01
4.847000000000000197e-01
4.839999999999999858e-01
4.843111111111110811e-01
4.837111111111110917e-01
4.836888888888888904e-01
4.845999999999999752e-01
4.843888888888888689e-01
4.838222222222222091e-01
4.849222222222222545e-01
4.838999999999999968e-01
4.842666666666666231e-01
4.845333333333334824e-01
4.840333333333333155e-01
4.844111111111110146e-01
4.835555555555555163e-01
4.839666666666667116e-01
4.844222222222223095e-01
4.845333333333333714e-01
4.838777777777778510e-01
4.848222222222221545e-01
4.839333333333333820e-01
4.842333333333333489e-01
4.844444444444444553e-01
4.835444444444444989e-01
4.842777777777776960e-01
4.842222222222222761e-01
4.838999999999999968e-01
4.844444444444444553e-01
4.839888888888889129e-01
4.838444444444444104e-01
4.843888888888888689e-01
4.841555555555555612e-01
4.835888888888888459e-01
4.839999999999999858e-01
4.841666666666667451e-01
4.846333333333333049e-01
4.833888888888889235e-01
4.837888888888888794e-01
4.847111111111112036e-01
4.839444444444444549e-01
4.841333333333334155e-01
4.840333333333334265e-01
4.840777777777777735e-01
4.843444444444444108e-01
4.835777777777777731e-01
4.836000000000000298e-01
4.839444444444444549e-01
4.837111111111110917e-01
4.839777777777778400e-01
4.837333333333333485e-01
4.846111111111111591e-01
4.838666666666665561e-01
4.838777777777777400e-01
4.840888888888888464e-01
4.848444444444444112e-01
4.835222222222221311e-01
4.837777777777778065e-01
4.838777777777777400e-01
4.840111111111110587e-01
4.838000000000000633e-01
4.839888888888889129e-01
4.841000000000000303e-01
4.845333333333333714e-01
4.839555555555554722e-01
4.838777777777777400e-01
4.838333333333333375e-01
4.843777777777777960e-01
4.845666666666667011e-01
4.842000000000000193e-01
4.839333333333333820e-01
4.834888888888888570e-01
4.846888888888888358e-01
4.841444444444443773e-01
4.837333333333333485e-01
4.838666666666666671e-01
4.838333333333333930e-01
4.846666666666666901e-01
4.835333333333333150e-01
4.836444444444444879e-01
4.845222222222221875e-01
4.842333333333333489e-01
4.845111111111111146e-01
4.838333333333333375e-01
4.836333333333333595e-01
4.844000000000000528e-01
4.841555555555555612e-01
4.834999999999999853e-01
4.845444444444444443e-01
4.841444444444444883e-01
4.837888888888889904e-01
4.841111111111111587e-01
4.841777777777777625e-01
4.841666666666666341e-01
4.843444444444444108e-01
4.837222222222221646e-01
4.841333333333333044e-01
4.838222222222222091e-01
4.843333333333333379e-01
4.844555555555555837e-01
4.839555555555555277e-01
4.843111111111111367e-01
4.834222222222221976e-01
4.844333333333332714e-01
4.837888888888888794e-01
4.839555555555555277e-01
4.841777777777777625e-01
4.843111111111110811e-01
4.838777777777777400e-01
4.838111111111111362e-01
4.839777777777777290e-01
4.844888888888888023e-01
4.838555555555554832e-01
4.839666666666667116e-01
4.837555555555554943e-01
4.837555555555554943e-01
4.838555555555554832e-01
4.839444444444444549e-01
4.842000000000000193e-01
4.836111111111111027e-01
4.837666666666666782e-01
4.839222222222223091e-01
4.833333333333332815e-01
4.833888888888889235e-01
4.834555555555555273e-01
4.834222222222221976e-01
4.834555555555555273e-01
4.843333333333332269e-01
4.838999999999999968e-01
4.847111111111110926e-01
4.839222222222223091e-01
4.841111111111111587e-01
4.841111111111111587e-01
4.842444444444444773e-01
4.838777777777778510e-01
4.839555555555555277e-01
4.837000000000000188e-01
4.836000000000000298e-01
4.836444444444444879e-01
4.830111111111110578e-01
4.835444444444444989e-01
4.844222222222221985e-01
4.845888888888889023e-01
4.834666666666666002e-01
4.840222222222222426e-01
4.839888888888889129e-01
4.834111111111111803e-01
4.836888888888888904e-01
4.841777777777777625e-01
4.830111111111111133e-01
4.834555555555555273e-01
4.840777777777777735e-01
4.835555555555555718e-01
4.837999999999999523e-01
4.843555555555554837e-01
4.838333333333333375e-01
4.839999999999999858e-01
4.845666666666667011e-01
4.844999999999999862e-01
4.841333333333333044e-01
4.840222222222222426e-01
4.835444444444444989e-01
4.836777777777778176e-01
4.839888888888889129e-01
4.836222222222222866e-01
4.839888888888889129e-01
4.838999999999999413e-01
4.843666666666666676e-01
4.832333333333332370e-01
4.842444444444443663e-01
4.845333333333333714e-01
4.839999999999999858e-01
4.836888888888888904e-01
4.838111111111111362e-01
4.840222222222221315e-01
4.845777777777777739e-01
4.844888888888889134e-01
4.836444444444444879e-01
4.840222222222221315e-01
4.839444444444444549e-01
4.835444444444444989e-01
4.839555555555556388e-01
4.835888888888888459e-01
4.843000000000000638e-01
4.840333333333333155e-01
4.836777777777778176e-01
4.839333333333333820e-01
4.838999999999999968e-01
4.834555555555556383e-01
4.829333333333333256e-01
4.834444444444443434e-01
4.839999999999999858e-01
4.841666666666666341e-01
4.842333333333333489e-01
4.833222222222222086e-01
4.838444444444444104e-01
4.837333333333333485e-01
4.835555555555555163e-01
4.831888888888887790e-01
4.835888888888888459e-01
4.841666666666666341e-01
4.843555555555555947e-01
4.846888888888888358e-01
4.836777777777778176e-01
4.838999999999999968e-01
4.836888888888888904e-01
4.842555555555555502e-01
4.835666666666667002e-01
4.838999999999999968e-01
4.837555555555554943e-01
4.842666666666666231e-01
4.841888888888889464e-01
4.845111111111111701e-01
4.840666666666667006e-01
4.843222222222222650e-01
4.840666666666667006e-01
4.837666666666666782e-01
4.841555555555555612e-01
4.842222222222222761e-01
4.839555555555555277e-01
4.839333333333333820e-01
4.833444444444443544e-01
4.831666666666666332e-01
4.838999999999999968e-01
4.838777777777777400e-01
4.837222222222222756e-01
4.838666666666666671e-01
4.841111111111111587e-01
4.844333333333332714e-01
4.837555555555554943e-01
4.837444444444444214e-01
4.839555555555555277e-01
4.842777777777776960e-01
4.838777777777777400e-01
4.833333333333332815e-01
4.839999999999999858e-01
4.839999999999999858e-01
4.838555555555554832e-01
4.842555555555555502e-01
4.839666666666666561e-01
4.833777777777777396e-01
4.839555555555555277e-01
4.839777777777778400e-01
4.833888888888888125e-01
4.839777777777778400e-01
4.839222222222223091e-01
4.843222222222222650e-01
4.840111111111110587e-01
4.839222222222223091e-01
4.837888888888889904e-01
4.840333333333333155e-01
4.834222222222222531e-01
4.840444444444444438e-01
4.842333333333332934e-01
4.836777777777777065e-01
4.836666666666667447e-01
4.841666666666666341e-01
4.840666666666667006e-01
4.827555555555556044e-01
4.838888888888889239e-01
4.840666666666667006e-01
4.837888888888888794e-01
4.844222222222221985e-01
4.847333333333334049e-01
4.837777777777778065e-01
4.836555555555555608e-01
4.838444444444444104e-01
4.837111111111110917e-01
4.840666666666665896e-01
4.838222222222222091e-01
4.837444444444444214e-01
4.837333333333333485e-01
4.842555555555555502e-01
4.838777777777777400e-01
4.835888888888888459e-01
4.848777777777776854e-01
4.852444444444443672e-01
4.856111111111111045e-01
4.868222222222222673e-01
4.880777777777778326e-01
4.893222222222222140e-01
4.901222222222222369e-01
4.960222222222221977e-01
5.006444444444443365e-01
5.003222222222222237e-01
5.000111111111111839e-01
5.006444444444444475e-01
5.004222222222222127e-01
5.006666666666667043e-01
5.002111111111111619e-01
5.001222222222221347e-01
5.005444444444444585e-01
5.008777777777777551e-01
5.008111111111110958e-01
5.008333333333333526e-01
5.000777777777778432e-01
4.983999999999999542e-01
4.956111111111110579e-01
4.915444444444443950e-01
4.875777777777778321e-01
4.857666666666665689e-01
4.844888888888889134e-01
4.836888888888888904e-01
4.841777777777777625e-01
4.835111111111110582e-01
4.844222222222221985e-01
4.840555555555555167e-01
4.838111111111111362e-01
4.833111111111111358e-01
4.843333333333333379e-01
4.838999999999999968e-01
4.828111111111110798e-01
4.841111111111111587e-01
4.838333333333333930e-01
4.837444444444444214e-01
4.832333333333333480e-01
4.830888888888888455e-01
4.841000000000000303e-01
4.840222222222221315e-01
4.837777777777778065e-01
4.843222222222222650e-01
4.834888888888888570e-01
4.837777777777778065e-01
4.835555555555555163e-01
4.839333333333333820e-01
4.842555555555555502e-01
4.846666666666666901e-01
4.839222222222221981e-01
4.843444444444444108e-01
4.840888888888889574e-01
4.837555555555554943e-01
4.838444444444444104e-01
4.839666666666666561e-01
4.843555555555555947e-01
4.833555555555555383e-01
4.836222222222221201e-01
4.841555555555555612e-01
4.840444444444444438e-01
4.839333333333332710e-01
4.838555555555554832e-01
4.839222222222221981e-01
4.836111111111111027e-01
4.834777777777777841e-01
4.842333333333333489e-01
4.842222222222221650e-01
4.844888888888888023e-01
4.842222222222222761e-01
4.842777777777776960e-01
4.846111111111110481e-01
4.846666666666666901e-01
4.837000000000000188e-01
4.833555555555555383e-01
4.839777777777778400e-01
4.838111111111111362e-01
4.837555555555554387e-01
4.833666666666666667e-01
4.840444444444444994e-01
4.839555555555555277e-01
4.832666666666665667e-01
4.842333333333333489e-01
4.838666666666665561e-01
4.839444444444443438e-01
4.835333333333333150e-01
4.836888888888888904e-01
4.836666666666666337e-01
4.838555555555554832e-01
4.839333333333332710e-01
4.842333333333333489e-01
4.845555555555555172e-01
4.836777777777777065e-01
4.849444444444444002e-01
4.843111111111110811e-01
4.836444444444444879e-01
4.839555555555555277e-01
4.845333333333332604e-01
4.848222222222221545e-01
4.846333333333333049e-01
4.847000000000000197e-01
4.834777777777776731e-01
4.843999999999999417e-01
4.844888888888889134e-01
4.836222222222221756e-01
4.839999999999999858e-01
4.840555555555556277e-01
4.850222222222221879e-01
4.848555555555555396e-01
4.853111111111110820e-01
4.861777777777778198e-01
4.854555555555555291e-01
4.863111111111110274e-01
4.876999999999999669e-01
4.899777777777778454e-01
4.987222222222222334e-01
5.141444444444444040e-01
1.221300000000000052e+00
1.244533333333333491e+00
1.260655555555555418e+00
1.344988888888889011e+00
1.314451944444444464e+00
1.335854909722222317e+00
1.357648504687499980e+00
1.379886939526909773e+00
1.402606335237304602e+00
1.425807049173792862e+00
1.449522780958693247e+00
1.473756128260438114e+00
1.498576420355838046e+00
1.523976664198067210e+00
1.549961080803019087e+00
1.576586774489761034e+00
1.603860888296449572e+00
1.631762966059416398e+00
1.660313984655346076e+00
1.689358223160618788e+00
1.718754956517412280e+00
1.731216885985902731e+00
1.743410363691106024e+00
1.755512845005605893e+00
1.765789555019634971e+00
1.777092439728459095e+00
1.788141711311948656e+00
1.798911263699781937e+00
1.809361316248548235e+00
1.819496024107162713e+00
1.829219081813830083e+00
1.838484267112986625e+00
1.847037192806522565e+00
1.837222601006678557e+00
1.825477360538004801e+00
1.794924989753601707e+00
1.762753722912975274e+00
1.729081599333944341e+00
1.693870954054696343e+00
1.657063489400790957e+00
1.618568621056795553e+00
1.578380629336946672e+00
1.536889167365167230e+00
1.494051693012574233e+00
1.449834886434970826e+00
1.404266297498131921e+00
1.357286199497929058e+00
1.308851200591467645e+00
1.258978865680426384e+00
1.207608748860667713e+00
1.154790733646172018e+00
1.100500580497536074e+00
1.249811111111111206e+00
1.207433333333333358e+00
4.924333333333332785e-01
4.854666666666667130e-01
4.850222222222221879e-01
4.843555555555555947e-01
4.849111111111110706e-01
4.839444444444443438e-01
4.841444444444444883e-01
4.842555555555555502e-01
4.842222222222221650e-01
4.832888888888889345e-01
4.835444444444443879e-01
4.842444444444444773e-01
4.833555555555555383e-01
4.842222222222222761e-01
4.835666666666667002e-01
4.843333333333333379e-01
4.836333333333333040e-01
4.839222222222221981e-01
4.840111111111110587e-01
4.840444444444444438e-01
4.841000000000000303e-01
4.833999999999999964e-01
4.840333333333333155e-01
4.847888888888888248e-01
4.842111111111110922e-01
4.842555555555556612e-01
4.845777777777777739e-01
4.844999999999999307e-01
4.837444444444444214e-01
4.842444444444444773e-01
4.841444444444443773e-01
4.836555555555555608e-01
4.838888888888888129e-01
4.839111111111111252e-01
4.838555555555555943e-01
4.840999999999999748e-01
4.836555555555554498e-01
4.843222222222222650e-01
4.834777777777776731e-01
4.838777777777777400e-01
4.845777777777777739e-01
4.839999999999999858e-01
4.836111111111111027e-01
4.845555555555556282e-01
4.844222222222221985e-01
4.840555555555556277e-01
4.839999999999999858e-01
4.838999999999999413e-01
4.843111111111111367e-01
4.837888888888887684e-01
4.843333333333333379e-01
4.833555555555555383e-01
4.838333333333333375e-01
4.845333333333332604e-01
4.838777777777778510e-01
4.840888888888889574e-01
4.838777777777778510e-01
4.836444444444444879e-01
4.837888888888889904e-01
4.847888888888889358e-01
4.839777777777778400e-01
4.837888888888888794e-01
4.837111111111110917e-01
4.838555555555555943e-01
4.833222222222222086e-01
4.839666666666666561e-01
4.837111111111112027e-01
4.836777777777778176e-01
4.842333333333333489e-01
4.838999999999999968e-01
4.841777777777777625e-01
4.840777777777777735e-01
4.833888888888889235e-01
4.838333333333333375e-01
4.845444444444444443e-01
4.852444444444444782e-01
4.863111111111111384e-01
4.941222222222221294e-01
1.128266666666666751e+00
1.237900000000000000e+00
1.259500000000000064e+00
1.271777777777777896e+00
7.283233333333333226e-01
7.031950277777777591e-01
6.716132368055555135e-01
1.268744444444444452e+00
1.259211111111111059e+00
1.235933333333333106e+00
7.458555555555554939e-01
4.923333333333333450e-01
4.871777777777777652e-01
4.851555555555556176e-01
4.842666666666667341e-01
4.838444444444445214e-01
4.847222222222222210e-01
4.841333333333333044e-01
4.838444444444445214e-01
4.835888888888888459e-01
4.841888888888889464e-01
4.837666666666666226e-01
4.839888888888889129e-01
4.838111111111111362e-01
4.841777777777777625e-01
4.839999999999999858e-01
4.839333333333333820e-01
4.838888888888889239e-01
4.837000000000000188e-01
4.837555555555556053e-01
4.847777777777777519e-01
4.846222222222222320e-01
4.836222222222221756e-01
4.838888888888889239e-01
4.842111111111110922e-01
4.837777777777778065e-01
4.837888888888888794e-01
4.838444444444444104e-01
4.839666666666666561e-01
4.837222222222222756e-01
4.831555555555555603e-01
4.837333333333332375e-01
4.836111111111111027e-01
4.840666666666665896e-01
4.838000000000000633e-01
4.843111111111110811e-01
4.837333333333332375e-01
4.841222222222222316e-01
4.846333333333333049e-01
4.843222222222222650e-01
4.838777777777777400e-01
4.842777777777778070e-01
4.843888888888889799e-01
4.844999999999999862e-01
4.842222222222222761e-01
4.841444444444443773e-01
4.839333333333332710e-01
4.835888888888888459e-01
4.836777777777778176e-01
4.841333333333334155e-01
4.840222222222222426e-01
4.840777777777777735e-01
4.838111111111110252e-01
4.841444444444443773e-01
4.848333333333333384e-01
4.841555555555555612e-01
4.846222222222221210e-01
4.844333333333332714e-01
4.843333333333333379e-01
4.848999999999999422e-01
4.842777777777778070e-01
4.844333333333332714e-01
4.841333333333333044e-01
4.840111111111110587e-01
4.836666666666666337e-01
4.837666666666666782e-01
4.840555555555556277e-01
4.837777777777778065e-01
4.852444444444443672e-01
4.848666666666667235e-01
4.847999999999998977e-01
4.839333333333333820e-01
4.840888888888888464e-01
4.842888888888888799e-01
4.842111111111110922e-01
4.842222222222221650e-01
4.843333333333333379e-01
4.846000000000000862e-01
4.840777777777777735e-01
4.841555555555555612e-01
4.838999999999999968e-01
4.836777777777778176e-01
4.842111111111110922e-01
4.840111111111111697e-01
4.841555555555555612e-01
4.840444444444444438e-01
4.842666666666666231e-01
4.844444444444444553e-01
4.837555555555554943e-01
4.839666666666666561e-01
4.842999999999999527e-01
4.834555555555555273e-01
4.845888888888889579e-01
4.842666666666667341e-01
4.845444444444444443e-01
4.841555555555555612e-01
4.837999999999999523e-01
4.837888888888889904e-01
4.845777777777777739e-01
4.841888888888889464e-01
4.840222222222222426e-01
4.838222222222222091e-01
4.837666666666666226e-01
4.839111111111111252e-01
4.838777777777777400e-01
4.837000000000000188e-01
4.839444444444444549e-01
4.837777777777778065e-01
4.845777777777777739e-01
4.854111111111110710e-01
4.869222222222222007e-01
4.880444444444445029e-01
4.883555555555554317e-01
4.875111111111111173e-01
4.883111111111111402e-01
4.905000000000000471e-01
4.954444444444444096e-01
4.973555555555554952e-01
4.970111111111111812e-01
4.920222222222222497e-01
4.892222222222222805e-01
4.875888888888889050e-01
4.884555555555556428e-01
4.876777777777777656e-01
4.883333333333333970e-01
4.878333333333333410e-01
4.903888888888888742e-01
4.983111111111110936e-01
4.997999999999999665e-01
4.995999999999999330e-01
4.987111111111111605e-01
4.967111111111111588e-01
4.942222222222222849e-01
4.907333333333332992e-01
4.891444444444443818e-01
4.872111111111110948e-01
4.856222222222222884e-01
4.846666666666666901e-01
4.848777777777776854e-01
4.837000000000000188e-01
4.837222222222221646e-01
4.837333333333332375e-01
4.842444444444444773e-01
4.840888888888888464e-01
4.842222222222221650e-01
4.841111111111112142e-01
4.844555555555555837e-01
4.844555555555555837e-01
4.843555555555555947e-01
4.839111111111111252e-01
4.839999999999999858e-01
4.843111111111111367e-01
4.835333333333333150e-01
4.841777777777777625e-01
4.846444444444444888e-01
4.851111111111111596e-01
4.836222222222221756e-01
4.835777777777777731e-01
4.841000000000000303e-01
4.846666666666666901e-01
4.839888888888889129e-01
4.846111111111110481e-01
4.845222222222221875e-01
4.843111111111110811e-01
4.841555555555555612e-01
4.839888888888889129e-01
4.835555555555555718e-01
4.839666666666667116e-01
4.843222222222222650e-01
4.846666666666666901e-01
4.843777777777776850e-01
4.860666666666666469e-01
4.863222222222222113e-01
4.873222222222222677e-01
4.879777777777777881e-01
4.928000000000000158e-01
4.974333333333332829e-01
5.004000000000000670e-01
5.066444444444445638e-01
5.061888888888889104e-01
5.037777777777776578e-01
5.023999999999999577e-01
4.964666666666666117e-01
4.932777777777777595e-01
4.901222222222222369e-01
4.885555555555555762e-01
4.864111111111111274e-01
4.865222222222222448e-01
4.853444444444444672e-01
4.841999999999999083e-01
4.848555555555555951e-01
4.834777777777777841e-01
4.839222222222223091e-01
4.840777777777777735e-01
4.840222222222221315e-01
4.841555555555554502e-01
4.843555555555555947e-01
4.842666666666667341e-01
4.839888888888889129e-01
4.844666666666666566e-01
4.837555555555554943e-01
4.842111111111109811e-01
4.843555555555554837e-01
4.841666666666666341e-01
4.835666666666667002e-01
4.837555555555554943e-01
4.846333333333334159e-01
4.843000000000000638e-01
4.847444444444444778e-01
4.849777777777778409e-01
4.841555555555555612e-01
4.846444444444444333e-01
4.858888888888888147e-01
4.863444444444444681e-01
4.864888888888889151e-01
4.863888888888888151e-01
4.878666666666666152e-01
4.873111111111110838e-01
4.886555555555555652e-01
4.919999999999999929e-01
4.960555555555554719e-01
5.055888888888887545e-01
1.127233333333333309e+00
1.218855555555555581e+00
1.231600000000000028e+00
1.243522222222222418e+00
1.250433333333333286e+00
1.250955555555555598e+00
1.249644444444444780e+00
1.241166666666666751e+00
1.224733333333333452e+00
5.159777777777778685e-01
4.988444444444444792e-01
4.903999999999999471e-01
4.873666666666667258e-01
4.852666666666666795e-01
4.838444444444444104e-01
4.840333333333332599e-01
4.842222222222222761e-01
4.844222222222221985e-01
4.836888888888888904e-01
4.836666666666666337e-01
4.848777777777777964e-01
4.847888888888889358e-01
4.847444444444445888e-01
4.839999999999999858e-01
4.840444444444444438e-01
4.834111111111110692e-01
4.835444444444443879e-01
4.840111111111111697e-01
4.848444444444445223e-01
4.845999999999999752e-01
4.836333333333333040e-01
4.838666666666666671e-01
4.849111111111111261e-01
4.842777777777776960e-01
4.846222222222221210e-01
4.837000000000000188e-01
4.840111111111110587e-01
4.838666666666665561e-01
4.846666666666666901e-01
4.862555555555556075e-01
4.873666666666667258e-01
4.894222222222222030e-01
4.900444444444444492e-01
4.891888888888888953e-01
4.881555555555555093e-01
4.862666666666666249e-01
4.849777777777777299e-01
4.847555555555555507e-01
4.844999999999999862e-01
4.838666666666666671e-01
4.831111111111111023e-01
4.840444444444444438e-01
4.830333333333333146e-01
4.832777777777777506e-01
4.837333333333333485e-01
4.842444444444444773e-01
4.837555555555554943e-01
4.835444444444443879e-01
4.845333333333333714e-01
4.851666666666666905e-01
4.847777777777777519e-01
4.854222222222222549e-01
4.935777777777778375e-01
1.236555555555555408e+00
1.255472222222222101e+00
1.256738472222222125e+00
1.241119434027777801e+00
1.222534364322916733e+00
1.203365778986545065e+00
1.183699923461208670e+00
1.163539921547738887e+00
1.142906197364210286e+00
1.121722741187204608e+00
1.099992198605773464e+00
1.077723948015362199e+00
1.054906768937968309e+00
1.031507215939195365e+00
1.007519618559897578e+00
9.829556645794506053e-01
9.577478895272701909e-01
9.319024200987853224e-01
9.054399806012547458e-01
8.783323690051751953e-01
8.504015115636377464e-01
1.256300000000000194e+00
5.899777777777778232e-01
4.895222222222222475e-01
4.853666666666666130e-01
4.851777777777777634e-01
4.845555555555556282e-01
4.843333333333333379e-01
4.847777777777778074e-01
4.835111111111110582e-01
4.836888888888888904e-01
4.843333333333334489e-01
4.843444444444444108e-01
4.838999999999999968e-01
4.849000000000000532e-01
4.841555555555555612e-01
4.843777777777777960e-01
4.846222222222222320e-01
4.839222222222221981e-01
4.836444444444443769e-01
4.839222222222221981e-01
4.841444444444443773e-01
4.835333333333333150e-01
4.843555555555555947e-01
4.848000000000000087e-01
4.853000000000000091e-01
4.870888888888889046e-01
4.874777777777778431e-01
4.875555555555555198e-01
4.895777777777777784e-01
4.909555555555555895e-01
5.001999999999999780e-01
5.003222222222221127e-01
5.003222222222222237e-01
5.007555555555556204e-01
5.007555555555556204e-01
4.998666666666666814e-01
4.967888888888888910e-01
4.911000000000000365e-01
4.857777777777777528e-01
4.841444444444444883e-01
4.837999999999999523e-01
4.842333333333333489e-01
4.840000000000000968e-01
4.840333333333333155e-01
4.843222222222222650e-01
4.842777777777778070e-01
4.836111111111111027e-01
4.847222222222222210e-01
4.835666666666667002e-01
4.844999999999999862e-01
4.841777777777778180e-01
4.841888888888888354e-01
4.842444444444443663e-01
4.843333333333333379e-01
4.857111111111111490e-01
4.889444444444443483e-01
5.031666666666666510e-01
1.224544444444444657e+00
1.262988888888888717e+00
1.030778333333333352e+00
1.007275569444444407e+00
9.829263475694445251e-01
9.578350618142360551e-01
9.320884383595920974e-01
9.056720382074707754e-01
8.785641169404352357e-01
8.507607198639461910e-01
8.222839045272115621e-01
7.930604465848362095e-01
7.631764021939015930e-01
7.325397011376379997e-01
7.012656936660789375e-01
1.254577777777778014e+00
5.093111111111111589e-01
4.887111111111110962e-01
4.853999999999999981e-01
4.840666666666667006e-01
4.842555555555556612e-01
4.840555555555556277e-01
4.846333333333333049e-01
4.843888888888888689e-01
4.843666666666666121e-01
4.842333333333333489e-01
4.843888888888888689e-01
4.839777777777777290e-01
4.839666666666666561e-01
4.842333333333333489e-01
4.837999999999999523e-01
4.844999999999999862e-01
4.841000000000000303e-01
4.850999999999999757e-01
4.834222222222222531e-01
4.847555555555555507e-01
4.833555555555554828e-01
4.842555555555555502e-01
4.840888888888888464e-01
4.831333333333333591e-01
4.847333333333332939e-01
4.844111111111111256e-01
4.834444444444444544e-01
4.840111111111110587e-01
4.835222222222222421e-01
4.834444444444443434e-01
4.842888888888889909e-01
4.848222222222221545e-01
4.835555555555555163e-01
4.842444444444444773e-01
4.841888888888889464e-01
4.846555555555556172e-01
4.848999999999999422e-01
4.858555555555555405e-01
4.895999999999999797e-01
1.218944444444444608e+00
1.255169166666666669e+00
1.274846451388888857e+00
1.294373723784722374e+00
1.314095011323784812e+00
1.316777942162434822e+00
1.318961835160940232e+00
1.320759214373297130e+00
1.320156528065962842e+00
1.303763219045389610e+00
1.286783966188191020e+00
1.269227176454007067e+00
1.251232300309801593e+00
1.232707552261991024e+00
1.213759963290762967e+00
1.194310906817476425e+00
1.174383123932357886e+00
1.153958813141777950e+00
1.133036672359211350e+00
1.111563422501524956e+00
1.089506119175174259e+00
1.048702105487886893e+00
1.006089040069528595e+00
9.620798270087667081e-01
1.266244444444444506e+00
1.246844444444444422e+00
1.228655555555555612e+00
1.129944444444444640e+00
4.994999999999999996e-01
4.917111111111110988e-01
4.865444444444443350e-01
4.864666666666666028e-01
4.845888888888889023e-01
4.843444444444444108e-01
4.838666666666666671e-01
4.841333333333333044e-01
4.835222222222221311e-01
4.844111111111111256e-01
4.835000000000000409e-01
4.841444444444444883e-01
4.838333333333333375e-01
4.843777777777777960e-01
4.843555555555554837e-01
4.835444444444444989e-01
4.835666666666667002e-01
4.838999999999999413e-01
4.842000000000000193e-01
4.844555555555555837e-01
4.837444444444444214e-01
4.842000000000000193e-01
4.851888888888888918e-01
4.874111111111111283e-01
5.105999999999999428e-01
1.252699999999999925e+00
8.980811111111111078e-01
8.712131388888888495e-01
8.433873562500000531e-01
8.148062068229166011e-01
7.854230286601563416e-01
7.553183265988824280e-01
7.244532292082987990e-01
6.928237266051729959e-01
6.604179308814133176e-01
6.272956013756709748e-01
1.226744444444444637e+00
4.921444444444443844e-01
4.862333333333333507e-01
4.848666666666667235e-01
4.841555555555554502e-01
4.842333333333333489e-01
4.842555555555555502e-01
4.845555555555556282e-01
4.844333333333332714e-01
4.842444444444444773e-01
4.847111111111110926e-01
4.838888888888889239e-01
4.844111111111110146e-01
4.837000000000000188e-01
4.842444444444444773e-01
4.839666666666666561e-01
4.836888888888888904e-01
4.837444444444444214e-01
4.842333333333332934e-01
4.840666666666667006e-01
4.842111111111110922e-01
4.838444444444444104e-01
4.840888888888888464e-01
4.833666666666666667e-01
4.840888888888888464e-01
4.840555555555555167e-01
4.843666666666666676e-01
4.834888888888888570e-01
4.839555555555556388e-01
4.848999999999999422e-01
4.848666666666666125e-01
4.843111111111111367e-01
4.846444444444444888e-01
4.838555555555555943e-01
4.841111111111111587e-01
4.839666666666666561e-01
4.846777777777777629e-01
4.844888888888889134e-01
4.848333333333333384e-01
4.841444444444444883e-01
4.846333333333333049e-01
4.847000000000000197e-01
4.841666666666666341e-01
4.844888888888889134e-01
4.841222222222222316e-01
4.838333333333333930e-01
4.844444444444443998e-01
4.836555555555556718e-01
4.840999999999999748e-01
4.838111111111110252e-01
4.840666666666667006e-01
4.839999999999999858e-01
4.836111111111111027e-01
4.842222222222221650e-01
4.842555555555555502e-01
4.837000000000000188e-01
4.848222222222221545e-01
4.846111111111110481e-01
4.872333333333334071e-01
4.909777777777779018e-01
4.958333333333332926e-01
4.986666666666667025e-01
5.008333333333331305e-01
5.019555555555554882e-01
5.017333333333332535e-01
5.009666666666666712e-01
5.009111111111110848e-01
5.010666666666667712e-01
5.017666666666666941e-01
5.006999999999999229e-01
5.011999999999999789e-01
5.013888888888887729e-01
5.008777777777777551e-01
5.016777777777776670e-01
5.006111111111111178e-01
4.979777777777777414e-01
4.941111111111111120e-01
4.882111111111111512e-01
4.854555555555555291e-01
4.847555555555555507e-01
4.845666666666667011e-01
4.846777777777777629e-01
4.844000000000000528e-01
4.839666666666666561e-01
4.846111111111110481e-01
4.840666666666665896e-01
4.838222222222222091e-01
4.843333333333333379e-01
4.843666666666666676e-01
4.842888888888888799e-01
4.843444444444444108e-01
4.840111111111110587e-01
4.843000000000000638e-01
4.843888888888888689e-01
4.842999999999999527e-01
4.842777777777776960e-01
4.838777777777777400e-01
4.848000000000000087e-01
4.851666666666665795e-01
4.840111111111110587e-01
4.847777777777778074e-01
4.836888888888888349e-01
4.839333333333332710e-01
4.844888888888889134e-01
4.841777777777777625e-01
4.843666666666666121e-01
4.847333333333332939e-01
4.836000000000000298e-01
4.837111111111110917e-01
4.841777777777777625e-01
4.843666666666666676e-01
4.850777777777777189e-01
4.833000000000000629e-01
4.837222222222222756e-01
4.844333333333332714e-01
4.842000000000000193e-01
4.841333333333334155e-01
4.840333333333333155e-01
4.835666666666667002e-01
4.848222222222222655e-01
4.842999999999999527e-01
4.845333333333332604e-01
4.840666666666667006e-01
4.842666666666666231e-01
4.841333333333333044e-01
4.845111111111111146e-01
4.840888888888888464e-01
4.844999999999999862e-01
4.842666666666667341e-01
4.838111111111111362e-01
4.848999999999999422e-01
4.833444444444444654e-01
4.842888888888888799e-01
4.845777777777777739e-01
4.838444444444444104e-01
4.841777777777778180e-01
4.840333333333333155e-01
4.840666666666667006e-01
4.841666666666667451e-01
4.839999999999998748e-01
4.839999999999999858e-01
4.844555555555555837e-01
4.842999999999999527e-01
4.846777777777778740e-01
4.846888888888889468e-01
4.843777777777777960e-01
4.841555555555555612e-01
4.846444444444444333e-01
4.848333333333333384e-01
4.841777777777777625e-01
4.842777777777778070e-01
4.837777777777778065e-01
4.849444444444445113e-01
4.838555555555555943e-01
4.843333333333333379e-01
4.851111111111110485e-01
4.852111111111110375e-01
4.845666666666667011e-01
4.841555555555555612e-01
4.847888888888889358e-01
4.873222222222222677e-01
4.980888888888889143e-01
5.017777777777777670e-01
5.015111111111110187e-01
5.005777777777777882e-01
5.010888888888888060e-01
5.011444444444443924e-01
5.006666666666667043e-01
5.003777777777779212e-01
4.983555555555555516e-01
4.954666666666666663e-01
4.942666666666666320e-01
4.930888888888889099e-01
4.948777777777777498e-01
4.974333333333332829e-01
5.001555555555555754e-01
5.025777777777779010e-01
5.025666666666667171e-01
5.025666666666666060e-01
5.024222222222222145e-01
5.027444444444444382e-01
5.025999999999999357e-01
5.021777777777778340e-01
5.020999999999999908e-01
5.015222222222222026e-01
5.026111111111111196e-01
5.016333333333332645e-01
5.001999999999999780e-01
4.978777777777778080e-01
4.947999999999999621e-01
4.930666666666667641e-01
4.906888888888887856e-01
4.891222222222222360e-01
4.894111111111111301e-01
4.894666666666666610e-01
4.902888888888889407e-01
4.924888888888889205e-01
4.950111111111110129e-01
4.989777777777777978e-01
5.003555555555555534e-01
5.005666666666667153e-01
5.014000000000000679e-01
5.013777777777777001e-01
5.011555555555555763e-01
5.015222222222222026e-01
5.011888888888889060e-01
5.012888888888888950e-01
5.013000000000000789e-01
5.011777777777777221e-01
5.010999999999999899e-01
5.020888888888888069e-01
5.011222222222221356e-01
5.016777777777776670e-01
5.016666666666667052e-01
5.013222222222222246e-01
5.028777777777777569e-01
5.016444444444443373e-01
5.000444444444442915e-01
4.962888888888889460e-01
4.916777777777778247e-01
4.869444444444444575e-01
4.846222222222222320e-01
4.849111111111110706e-01
4.846777777777777629e-01
4.843333333333333379e-01
4.841777777777777625e-01
4.843444444444444108e-01
4.850777777777777189e-01
4.842888888888888799e-01
4.838111111111111362e-01
4.844777777777777295e-01
4.846444444444444888e-01
4.848444444444444112e-01
4.871666666666666923e-01
4.999222222222222123e-01
1.226488888888888740e+00
1.255433333333333401e+00
1.264977777777777757e+00
1.257388888888888889e+00
1.228233333333333288e+00
4.977000000000000313e-01
4.863222222222222113e-01
4.842888888888888799e-01
4.846111111111111591e-01
4.840666666666667006e-01
4.843888888888889799e-01
4.843888888888888689e-01
4.837666666666666226e-01
4.844222222222221985e-01
4.845444444444444443e-01
4.867777777777778092e-01
4.979999999999999982e-01
5.015111111111111297e-01
5.006444444444444475e-01
5.006111111111111178e-01
5.012333333333334195e-01
5.032000000000000917e-01
5.023888888888888848e-01
5.023777777777778120e-01
5.018666666666667941e-01
5.013111111111111518e-01
5.012888888888888950e-01
5.014666666666667272e-01
5.013888888888889950e-01
5.016555555555555213e-01
5.022333333333333094e-01
5.023999999999999577e-01
5.027777777777777679e-01
5.024666666666666170e-01
5.017444444444444374e-01
5.014222222222222136e-01
5.006444444444444475e-01
4.980777777777778415e-01
4.939888888888888663e-01
4.884555555555556428e-01
4.850444444444444447e-01
4.844222222222221985e-01
4.845333333333333714e-01
4.844000000000000528e-01
4.846666666666665790e-01
4.835444444444443879e-01
4.841111111111111587e-01
4.844555555555555837e-01
4.845555555555555172e-01
4.841555555555555612e-01
4.837555555555554943e-01
4.846222222222222320e-01
4.840555555555555167e-01
4.841111111111110477e-01
4.833888888888889235e-01
4.838555555555555943e-01
4.834333333333333815e-01
4.834444444444444544e-01
4.832999999999999519e-01
4.845222222222221875e-01
4.847333333333332939e-01
4.844444444444444553e-01
4.822222222222222188e-01
4.798888888888889759e-01
4.803333333333332789e-01
4.804333333333333234e-01
4.805444444444444962e-01
4.803333333333333899e-01
4.807222222222222729e-01
4.813111111111110230e-01
4.830222222222222417e-01
4.835111111111110582e-01
4.852222222222222214e-01
4.851888888888888918e-01
4.848111111111110816e-01
4.845555555555555172e-01
4.840777777777777735e-01
4.844666666666666566e-01
4.841888888888889464e-01
4.842444444444444773e-01
4.836888888888888349e-01
4.838222222222222091e-01
4.847000000000000197e-01
4.841111111111111587e-01
4.837222222222222756e-01
4.837777777777778065e-01
4.839777777777777290e-01
4.842555555555555502e-01
4.838666666666666671e-01
4.843555555555555947e-01
4.839888888888889129e-01
4.847222222222222765e-01
4.848333333333333384e-01
4.838777777777777400e-01
4.856999999999999651e-01
4.961999999999999744e-01
5.010999999999999899e-01
5.007222222222220687e-01
5.004444444444443585e-01
5.014666666666666162e-01
5.030444444444444052e-01
5.027555555555554001e-01
5.002333333333333076e-01
4.931111111111111667e-01
4.843222222222222650e-01
4.799222222222222500e-01
4.800666666666667526e-01
4.800888888888887873e-01
4.801333333333333564e-01
4.802333333333332899e-01
4.802444444444444183e-01
4.801555555555555022e-01
4.807777777777777484e-01
4.801222222222222835e-01
4.812666666666666204e-01
4.941666666666666430e-01
4.999333333333333962e-01
5.014444444444445814e-01
5.023111111111110416e-01
5.024999999999999467e-01
5.027888888888889518e-01
5.024222222222222145e-01
5.016666666666665941e-01
5.002333333333331966e-01
5.006222222222223017e-01
5.003888888888887720e-01
5.005222222222222017e-01
5.010555555555555873e-01
5.013333333333334085e-01
5.011333333333333195e-01
5.017444444444444374e-01
5.014888888888888729e-01
5.018666666666667941e-01
5.009111111111111958e-01
5.007666666666666933e-01
5.011888888888889060e-01
5.012555555555555653e-01
5.014999999999999458e-01
5.009000000000000119e-01
5.007333333333332526e-01
5.005111111111111288e-01
5.013222222222223357e-01
5.010666666666667712e-01
5.020888888888888069e-01
5.025777777777779010e-01
5.021999999999998687e-01
5.013777777777778111e-01
5.010333333333334416e-01
4.936888888888888993e-01
4.804777777777777814e-01
4.804333333333333234e-01
4.802222222222222170e-01
4.799222222222222500e-01
4.796111111111110437e-01
4.795444444444444398e-01
4.802666666666666750e-01
4.806444444444444297e-01
4.802888888888889318e-01
4.817888888888888776e-01
4.998555555555554974e-01
5.014444444444444704e-01
5.020111111111110747e-01
5.028444444444445383e-01
5.034111111111110315e-01
5.019222222222222696e-01
5.002999999999998559e-01
5.005555555555555314e-01
5.001111111111110619e-01
5.002555555555554534e-01
5.000999999999999890e-01
5.003555555555556644e-01
4.999888888888888161e-01
5.005222222222222017e-01
5.000000000000000000e-01
5.014666666666667272e-01
4.989888888888888707e-01
4.934777777777777930e-01
4.860111111111110604e-01
4.843222222222222650e-01
4.839777777777778400e-01
4.834111111111110692e-01
4.838888888888889239e-01
4.832222222222221641e-01
4.837777777777776955e-01
4.832555555555556048e-01
4.836888888888888904e-01
4.835444444444443879e-01
4.833444444444444654e-01
4.847111111111110926e-01
4.843111111111111367e-01
4.847888888888889358e-01
4.842777777777776960e-01
4.817333333333332912e-01
4.801333333333333564e-01
4.806555555555555581e-01
4.804333333333333234e-01
4.802555555555556022e-01
4.806333333333333568e-01
4.806111111111111001e-01
4.810222222222222399e-01
4.801333333333333564e-01
4.797333333333334005e-01
4.803777777777777924e-01
4.808888888888888102e-01
4.802222222222222170e-01
4.817555555555555480e-01
4.894333333333332758e-01
4.955444444444444541e-01
4.986777777777777754e-01
5.006111111111111178e-01
5.019000000000000128e-01
5.023111111111110416e-01
5.027777777777777679e-01
5.026666666666667060e-01
5.013777777777778111e-01
5.010444444444444034e-01
5.012444444444444924e-01
5.003333333333334076e-01
5.007222222222221797e-01
4.996222222222221898e-01
4.987333333333334173e-01
4.959111111111111914e-01
4.913888888888889306e-01
4.869222222222222007e-01
4.847444444444444778e-01
4.837222222222222756e-01
4.842888888888888799e-01
4.836555555555554498e-01
4.842444444444444773e-01
4.831222222222221752e-01
4.838333333333333375e-01
4.841222222222222316e-01
4.837111111111112027e-01
4.829777777777777836e-01
4.836444444444443769e-01
4.836444444444444879e-01
4.842777777777778070e-01
4.838555555555555943e-01
4.836333333333333040e-01
4.833666666666666667e-01
4.841333333333334155e-01
4.842555555555555502e-01
4.846666666666666901e-01
4.846444444444444333e-01
4.850333333333333719e-01
4.843444444444444108e-01
4.845666666666667011e-01
4.827666666666666773e-01
4.813888888888888662e-01
4.793777777777777915e-01
4.806444444444444297e-01
4.807222222222222729e-01
4.806111111111111001e-01
4.803888888888888098e-01
4.803888888888889208e-01
4.809444444444444522e-01
4.803222222222222060e-01
4.803000000000000047e-01
4.797777777777777475e-01
4.810666666666666980e-01
4.825222222222221857e-01
4.840222222222222426e-01
4.846555555555556172e-01
4.846666666666666901e-01
4.854111111111110710e-01
4.849222222222222545e-01
4.845666666666665900e-01
4.843444444444445218e-01
4.846444444444444333e-01
4.834444444444444544e-01
4.835666666666667002e-01
4.839333333333332710e-01
4.826222222222221747e-01
4.843333333333333379e-01
4.838666666666666671e-01
4.842000000000000193e-01
4.833222222222222086e-01
4.836333333333333595e-01
4.833444444444443544e-01
4.833666666666666667e-01
4.837000000000000188e-01
4.835777777777777731e-01
4.842888888888888799e-01
4.831444444444444319e-01
4.837222222222222756e-01
4.842888888888888799e-01
4.845777777777777739e-01
4.830222222222222417e-01
4.836444444444443769e-01
4.832777777777777506e-01
4.835999999999999188e-01
4.841444444444443773e-01
4.838666666666666671e-01
4.834333333333333815e-01
4.840666666666665896e-01
4.842111111111112032e-01
4.842888888888888799e-01
4.836777777777778176e-01
4.843888888888889799e-01
4.844444444444444553e-01
4.843444444444444108e-01
4.844666666666666566e-01
4.843777777777777960e-01
4.843666666666666676e-01
4.841333333333333044e-01
4.838111111111111362e-01
4.829555555555555268e-01
4.816111111111111565e-01
4.814999999999999836e-01
4.806777777777777039e-01
4.807111111111110890e-01
4.809444444444444522e-01
4.805444444444444962e-01
4.807111111111110890e-01
4.803888888888889208e-01
4.806111111111111001e-01
4.815222222222222404e-01
4.826333333333333586e-01
4.844111111111111256e-01
4.842111111111110922e-01
4.847000000000000197e-01
4.849666666666666570e-01
4.842222222222222761e-01
4.850111111111111151e-01
4.847222222222222210e-01
4.846888888888888358e-01
4.838111111111110252e-01
4.843111111111110811e-01
4.834444444444443434e-01
4.834555555555555273e-01
4.837888888888889904e-01
4.842999999999999527e-01
4.839222222222221981e-01
4.836333333333333595e-01
4.841444444444444883e-01
4.834555555555555273e-01
4.850111111111112261e-01
4.858444444444443566e-01
4.873999999999999444e-01
4.886777777777777110e-01
4.883444444444444699e-01
4.902666666666666284e-01
4.909111111111110759e-01
4.910444444444443945e-01
4.913333333333332886e-01
4.931222222222222396e-01
4.949444444444444091e-01
4.968666666666666787e-01
4.988555555555555521e-01
5.000111111111110729e-01
5.005444444444444585e-01
5.007888888888889500e-01
5.004222222222222127e-01
5.007777777777777661e-01
5.010666666666666602e-01
5.014111111111111407e-01
5.023111111111111526e-01
5.023222222222222255e-01
5.022333333333333094e-01
5.015888888888889730e-01
5.009444444444444144e-01
4.997000000000000330e-01
4.869666666666666588e-01
4.802000000000000712e-01
4.803111111111111331e-01
4.806111111111111001e-01
4.784555555555555229e-01
4.771111111111111525e-01
4.783666666666666623e-01
4.805666666666666420e-01
4.806111111111112111e-01
4.809333333333333793e-01
4.817222222222222738e-01
4.803333333333332789e-01
4.777222222222222148e-01
4.771777777777777563e-01
4.765777777777777668e-01
4.787333333333332330e-01
4.794666666666666521e-01
4.802666666666666750e-01
4.807111111111111446e-01
4.801444444444444293e-01
4.800999999999999712e-01
4.829000000000001069e-01
4.987777777777777644e-01
5.005333333333332746e-01
5.014333333333333975e-01
5.014444444444445814e-01
5.018111111111110967e-01
5.023777777777778120e-01
5.027111111111111086e-01
5.027000000000000357e-01
5.018888888888888289e-01
5.013999999999999568e-01
5.009000000000000119e-01
5.007222222222221797e-01
5.007444444444444365e-01
5.004888888888889831e-01
4.998888888888888271e-01
5.003888888888889941e-01
5.007333333333333636e-01
5.002666666666667483e-01
5.001444444444442805e-01
5.000444444444442915e-01
5.003999999999999559e-01
5.006888888888889610e-01
5.005333333333332746e-01
5.003555555555556644e-01
5.001555555555555754e-01
5.006333333333332636e-01
5.005555555555555314e-01
5.005222222222222017e-01
5.008333333333332416e-01
5.007777777777777661e-01
5.010999999999999899e-01
5.004555555555554314e-01
5.006555555555555204e-01
5.013666666666666272e-01
5.014555555555556543e-01
5.016444444444444484e-01
5.022999999999999687e-01
5.026777777777778899e-01
5.022666666666667501e-01
5.027666666666666950e-01
5.025777777777779010e-01
5.021888888888889069e-01
5.019555555555554882e-01
5.020444444444444043e-01
5.023999999999999577e-01
5.019555555555554882e-01
5.019000000000000128e-01
5.020333333333333314e-01
5.027333333333333654e-01
5.028666666666666840e-01
5.031222222222221374e-01
5.029555555555556001e-01
5.032555555555555671e-01
5.029666666666666730e-01
5.032444444444444942e-01
5.028666666666665730e-01
5.034111111111110315e-01
5.032444444444444942e-01
5.029666666666666730e-01
5.025777777777777899e-01
5.033111111111110425e-01
5.023111111111110416e-01
5.024333333333333984e-01
5.029444444444444162e-01
5.030111111111111866e-01
5.028111111111112086e-01
5.022999999999999687e-01
5.027222222222222925e-01
5.021111111111111747e-01
5.023444444444443713e-01
5.021777777777778340e-01
5.019111111111111967e-01
5.022111111111110526e-01
5.022333333333333094e-01
5.019111111111110857e-01
5.017111111111112187e-01
5.019777777777778560e-01
5.016777777777777780e-01
5.010999999999999899e-01
5.010777777777777331e-01
5.012888888888888950e-01
5.012555555555555653e-01
5.012444444444442704e-01
5.010333333333334416e-01
5.019666666666666721e-01
5.010777777777777331e-01
5.013222222222223357e-01
5.009555555555555983e-01
5.015888888888889730e-01
5.012222222222223467e-01
5.007222222222222907e-01
5.011555555555555763e-01
5.010888888888889170e-01
5.013777777777777001e-01
5.016777777777777780e-01
5.003000000000000780e-01
5.011222222222221356e-01
5.004111111111110288e-01
5.012888888888888950e-01
5.011777777777778331e-01
5.005999999999999339e-01
5.004000000000000670e-01
5.012333333333333085e-01
5.007222222222221797e-01
5.008666666666665712e-01
5.011555555555555763e-01
5.011444444444443924e-01
5.009111111111110848e-01
5.008555555555554983e-01
5.008333333333332416e-01
5.011222222222222467e-01
5.005000000000000560e-01
5.005444444444443475e-01
5.004666666666666153e-01
5.007777777777777661e-01
5.008444444444444255e-01
5.010222222222222577e-01
5.010777777777777331e-01
5.010888888888889170e-01
5.007444444444444365e-01
5.011666666666666492e-01
5.011555555555555763e-01
5.011666666666666492e-01
5.013666666666666272e-01
5.004555555555555424e-01
5.009555555555555983e-01
5.017444444444444374e-01
5.012777777777777111e-01
5.008444444444443144e-01
5.016000000000000458e-01
5.016888888888888509e-01
5.015222222222222026e-01
5.013888888888887729e-01
5.013333333333334085e-01
5.014111111111110297e-01
5.011888888888889060e-01
5.009999999999998899e-01
5.013222222222222246e-01
5.011777777777778331e-01
5.013666666666666272e-01
5.009777777777776331e-01
5.009444444444444144e-01
5.014777777777778001e-01
5.015888888888888619e-01
5.014888888888889840e-01
5.011888888888889060e-01
5.019111111111109746e-01
5.013333333333332975e-01
5.011777777777778331e-01
5.010000000000000009e-01
5.010555555555556984e-01
5.011111111111109517e-01
5.010777777777777331e-01
5.015666666666667162e-01
5.013555555555555543e-01
5.010666666666666602e-01
5.013666666666666272e-01
5.010666666666667712e-01
5.009888888888889280e-01
5.011222222222222467e-01
5.013222222222222246e-01
5.016444444444443373e-01
5.011888888888889060e-01
5.007555555555556204e-01
5.016555555555556323e-01
5.011666666666667602e-01
5.008777777777777551e-01
5.008555555555554983e-01
5.010000000000000009e-01
5.010555555555554763e-01
5.012333333333333085e-01
5.012666666666666382e-01
5.010111111111110738e-01
5.007333333333333636e-01
5.013666666666666272e-01
5.013666666666665162e-01
5.014555555555555433e-01
5.015111111111111297e-01
5.011222222222223577e-01
5.011777777777779441e-01
5.010777777777777331e-01
5.016222222222223026e-01
5.018666666666666831e-01
5.016333333333333755e-01
5.011777777777777221e-01
5.018333333333333535e-01
5.008111111111110958e-01
5.014777777777778001e-01
5.012888888888888950e-01
5.006888888888888500e-01
5.013000000000000789e-01
5.011888888888889060e-01
5.017333333333334755e-01
5.011222222222221356e-01
5.016444444444444484e-01
5.017000000000000348e-01
5.009777777777777441e-01
5.019444444444444153e-01
5.007777777777777661e-01
5.009777777777777441e-01
5.010333333333333306e-01
5.016444444444444484e-01
5.012444444444443814e-01
5.017555555555556213e-01
5.012444444444443814e-01
5.010000000000000009e-01
5.009000000000000119e-01
5.009000000000000119e-01
5.008777777777777551e-01
5.010444444444444034e-01
5.015333333333332755e-01
5.009444444444445255e-01
5.008333333333332416e-01
5.008444444444444255e-01
5.014111111111110297e-01
5.005111111111111288e-01
5.014777777777778001e-01
5.016000000000001569e-01
5.006777777777777771e-01
5.007555555555556204e-01
5.011444444444443924e-01
5.015444444444444594e-01
5.009777777777777441e-01
5.012111111111111628e-01
5.013555555555554433e-01
5.008666666666665712e-01
5.007555555555556204e-01
5.005999999999999339e-01
5.016555555555556323e-01
5.012222222222221246e-01
5.011555555555555763e-01
5.009666666666666712e-01
5.010999999999999899e-01
5.013444444444444814e-01
5.018666666666667941e-01
5.009666666666666712e-01
5.009888888888888170e-01
5.010222222222222577e-01
5.011333333333333195e-01
5.018000000000000238e-01
5.014000000000000679e-01
5.014000000000000679e-01
5.009777777777778551e-01
5.013999999999999568e-01
5.017555555555556213e-01
5.009000000000000119e-01
5.009444444444444144e-01
5.012666666666666382e-01
5.010222222222222577e-01
5.009555555555555983e-01
5.009222222222222687e-01
5.014666666666666162e-01
5.008888888888889390e-01
5.013888888888888840e-01
5.006888888888889610e-01
5.010999999999999899e-01
5.011999999999999789e-01
5.009111111111111958e-01
5.010444444444444034e-01
5.014222222222222136e-01
5.017777777777777670e-01
5.012333333333333085e-01
5.008222222222221687e-01
5.011000000000001009e-01
5.012777777777777111e-01
5.007777777777778772e-01
5.008111111111110958e-01
5.008333333333333526e-01
5.018555555555556102e-01
5.012888888888888950e-01
5.013111111111110407e-01
5.014111111111110297e-01
5.010222222222222577e-01
5.014333333333333975e-01
5.003777777777776992e-01
5.011555555555555763e-01
5.007444444444444365e-01
5.015111111111110187e-01
5.012777777777778221e-01
5.010333333333333306e-01
5.012555555555555653e-01
5.011222222222221356e-01
5.013222222222222246e-01
5.010888888888888060e-01
5.012888888888888950e-01
5.008555555555554983e-01
5.011111111111110628e-01
5.009888888888888170e-01
5.012444444444443814e-01
5.010888888888889170e-01
5.010555555555554763e-01
5.013222222222222246e-01
5.014888888888888729e-01
5.010444444444445145e-01
5.009666666666665602e-01
5.012444444444443814e-01
5.013000000000000789e-01
5.014111111111110297e-01
5.015333333333332755e-01
5.012555555555555653e-01
5.015666666666667162e-01
5.012666666666666382e-01
5.005777777777776771e-01
5.013777777777777001e-01
5.006888888888889610e-01
5.008444444444444255e-01
5.009666666666665602e-01
5.010777777777777331e-01
5.011555555555555763e-01
5.013222222222221136e-01
5.008000000000000229e-01
5.014555555555556543e-01
5.011333333333333195e-01
5.010777777777777331e-01
5.012666666666666382e-01
5.007666666666666933e-01
5.009777777777777441e-01
5.009999999999998899e-01
5.008222222222221687e-01
5.012555555555555653e-01
5.009888888888888170e-01
5.011777777777778331e-01
5.011555555555555763e-01
5.009111111111110848e-01
5.014111111111110297e-01
5.008333333333333526e-01
5.009666666666666712e-01
5.017999999999999128e-01
5.011777777777778331e-01
5.013555555555555543e-01
5.010888888888888060e-01
5.009777777777777441e-01
5.013777777777778111e-01
5.016111111111111187e-01
5.010000000000000009e-01
5.015888888888888619e-01
5.012555555555555653e-01
5.010888888888888060e-01
5.008666666666665712e-01
5.015888888888889730e-01
5.009777777777777441e-01
5.013000000000000789e-01
5.012777777777777111e-01
5.018333333333333535e-01
5.018222222222221696e-01
5.009000000000000119e-01
5.013222222222222246e-01
5.011888888888889060e-01
5.010000000000000009e-01
5.013666666666667382e-01
5.012555555555555653e-01
5.011777777777778331e-01
5.014222222222222136e-01
5.008555555555554983e-01
5.011333333333332085e-01
5.010777777777777331e-01
5.009777777777777441e-01
5.010999999999999899e-01
5.011333333333333195e-01
5.016888888888888509e-01
5.012222222222221246e-01
5.011777777777778331e-01
5.012777777777777111e-01
5.009222222222221577e-01
5.013444444444443704e-01
5.010999999999998789e-01
5.011111111111110628e-01
5.007333333333332526e-01
5.011333333333332085e-01
5.013777777777777001e-01
5.013888888888889950e-01
5.010000000000000009e-01
5.007555555555556204e-01
5.008777777777777551e-01
5.010666666666667712e-01
5.010888888888889170e-01
5.008333333333333526e-01
5.012111111111110517e-01
5.010222222222222577e-01
5.014666666666666162e-01
5.013000000000000789e-01
5.018999999999999018e-01
5.010555555555555873e-01
5.013555555555555543e-01
5.009333333333333416e-01
5.007111111111109958e-01
5.015777777777776780e-01
5.008666666666666822e-01
5.013666666666666272e-01
5.017111111111112187e-01
5.009222222222221577e-01
5.015555555555555323e-01
5.013222222222222246e-01
5.005111111111111288e-01
5.011333333333333195e-01
5.007444444444444365e-01
5.013333333333332975e-01
5.011222222222221356e-01
5.014111111111111407e-01
5.011777777777778331e-01
5.005111111111111288e-01
5.012111111111110517e-01
5.009222222222222687e-01
5.005777777777777882e-01
5.011222222222222467e-01
5.014222222222222136e-01
5.006555555555556314e-01
5.002333333333333076e-01
5.012888888888888950e-01
5.010111111111110738e-01
5.015888888888888619e-01
5.007222222222221797e-01
5.008666666666666822e-01
5.008333333333333526e-01
5.014111111111110297e-01
5.014888888888888729e-01
5.009666666666666712e-01
5.009666666666666712e-01
5.010999999999999899e-01
5.008222222222221687e-01
5.010666666666666602e-01
5.011111111111111738e-01
5.006777777777777771e-01
5.013444444444444814e-01
5.004777777777777992e-01
5.011444444444443924e-01
5.009555555555554873e-01
5.013333333333334085e-01
5.009777777777777441e-01
5.010222222222222577e-01
5.012777777777778221e-01
5.010111111111110738e-01
5.011777777777778331e-01
5.006555555555554093e-01
5.014222222222222136e-01
5.010777777777777331e-01
5.008555555555554983e-01
5.005888888888887500e-01
5.010666666666666602e-01
5.014111111111110297e-01
5.015111111111111297e-01
5.010333333333333306e-01
5.011888888888889060e-01
5.013222222222223357e-01
5.011333333333334306e-01
5.011222222222222467e-01
5.015111111111110187e-01
5.010888888888889170e-01
5.012000000000000899e-01
5.005888888888888610e-01
5.012000000000000899e-01
5.012666666666666382e-01
5.006666666666667043e-01
5.008777777777777551e-01
5.014777777777778001e-01
5.012666666666666382e-01
5.004444444444444695e-01
5.011333333333333195e-01
5.005888888888888610e-01
5.009222222222223797e-01
5.010555555555555873e-01
5.009888888888889280e-01
5.013777777777777001e-01
