1.912500000000000311e-01
2.112509999999999943e-01
2.312510000000000121e-01
2.512499999999999734e-01
2.712499999999999911e-01
2.912510000000000376e-01
3.112509999999999999e-01
3.312499999999999889e-01
3.531063333333332999e-01
3.745499999999999940e-01
3.945500000000000118e-01
4.145500000000000296e-01
4.345499999999999918e-01
4.545499999999999541e-01
4.745500000000000829e-01
4.945499999999999896e-01
5.145500000000000629e-01
5.345499999999999696e-01
5.545499999999999874e-01
5.745499999999998941e-01
5.945500000000001339e-01
6.145499999999999297e-01
6.345500000000000584e-01
6.545499999999999652e-01
6.745509999999999007e-01
6.945500000000000007e-01
7.145499999999999075e-01
7.345500000000000362e-01
7.545499999999999430e-01
7.745500000000000718e-01
7.945509999999998962e-01
8.164063333333333450e-01
8.378499999999999837e-01
8.578499999999998904e-01
8.778510000000000479e-01
8.978500000000000369e-01
9.178500000000000547e-01
9.378499999999999615e-01
9.578499999999999792e-01
9.778500000000001080e-01
9.978499999999999037e-01
1.017850000000000144e+00
1.037849999999999939e+00
1.057850000000000179e+00
1.077849999999999975e+00
1.097850000000000215e+00
1.117849999999999788e+00
1.137849999999999806e+00
1.157849999999999824e+00
1.177850000000000064e+00
1.197849999999999859e+00
1.217850000000000099e+00
1.237849999999999895e+00
1.257850000000000135e+00
1.279762444444444425e+00
1.301250000000000018e+00
1.321250000000000036e+00
1.341250000000000053e+00
1.361251000000000211e+00
1.381250000000000089e+00
1.401250000000000107e+00
1.421249999999999902e+00
1.441250000000000142e+00
1.461250000000000160e+00
1.481250999999999873e+00
1.501249999999999751e+00
1.521250000000000213e+00
1.541250999999999927e+00
1.561251000000000166e+00
1.581249999999999822e+00
1.601194000000000006e+00
1.621150000000000091e+00
1.641150000000000109e+00
1.661150999999999822e+00
1.681150000000000144e+00
1.701149999999999940e+00
1.721150000000000180e+00
1.743062444444444470e+00
1.764550999999999981e+00
1.784549999999999859e+00
1.804550000000000098e+00
1.824550000000000116e+00
1.844549999999999690e+00
1.864549999999999708e+00
1.884550999999999865e+00
1.904549999999999965e+00
1.924549999999999983e+00
1.944550000000000001e+00
1.964550000000000018e+00
1.984550000000000258e+00
2.004551000000000194e+00
2.024550000000000072e+00
2.044550000000000090e+00
2.064550000000000107e+00
2.084550000000000125e+00
2.104550000000000143e+00
2.124550000000000161e+00
2.144550000000000178e+00
2.164551000000000336e+00
2.184549999999999770e+00
2.204549999999999788e+00
2.226406333333333265e+00
2.247850000000000126e+00
2.267850000000000144e+00
2.287850000000000161e+00
2.307850000000000179e+00
2.327849999999999753e+00
2.347850000000000215e+00
2.367850000000000232e+00
2.387850000000000250e+00
2.407849999999999824e+00
2.427850000000000286e+00
2.447849999999999859e+00
2.467849999999999877e+00
2.487849999999999895e+00
2.507851000000000052e+00
2.527850000000000374e+00
2.547849999999999948e+00
2.567851000000000550e+00
2.587849999999999984e+00
2.607850000000000001e+00
2.627851000000000159e+00
2.647851000000000177e+00
2.667849999999999611e+00
2.689706333333333088e+00
2.711149999999999949e+00
2.731149999999999967e+00
2.751149999999999984e+00
2.771150000000000002e+00
2.791150000000000020e+00
2.811150000000000038e+00
2.831150000000000055e+00
2.851150000000000073e+00
2.871150000000000091e+00
2.891150999999999804e+00
2.911150000000000126e+00
2.931150000000000144e+00
2.951150999999999858e+00
2.971149999999999736e+00
2.991149999999999753e+00
3.011149999999999771e+00
3.031150000000000233e+00
3.051150000000000251e+00
3.071150999999999964e+00
3.091149999999999842e+00
3.111150000000000304e+00
3.131149999999999878e+00
3.153063111111110928e+00
3.174549999999999983e+00
3.194550000000000001e+00
3.214550000000000018e+00
3.234551000000000620e+00
3.254550000000000054e+00
3.274550000000000072e+00
3.294551000000000229e+00
3.314549999999999663e+00
3.334550000000000125e+00
3.354550000000000587e+00
3.374550000000000161e+00
3.394550000000000178e+00
3.414550000000000196e+00
3.434549999999999770e+00
3.454549999999999788e+00
3.474549999999999805e+00
3.494550000000000267e+00
3.514550000000000285e+00
3.534550000000000303e+00
3.554494000000000042e+00
3.574505999999999517e+00
3.594493999999999634e+00
3.616362555555554970e+00
3.637850999999999946e+00
3.657850999999999964e+00
3.677850000000000286e+00
3.697850000000000303e+00
3.717850000000000321e+00
3.737849999999999895e+00
3.757849999999999913e+00
3.777851000000000514e+00
3.797849999999999948e+00
3.817850999999999662e+00
3.837849999999999984e+00
3.857850000000000001e+00
3.877850000000000019e+00
3.897850000000000481e+00
3.917849999999999611e+00
3.937851000000000212e+00
3.957849999999999646e+00
3.977849999999999664e+00
3.997849999999999682e+00
4.017850000000000144e+00
4.037850000000000605e+00
4.057849999999999291e+00
4.077850000000000641e+00
4.099706333333333674e+00
4.121151000000000231e+00
4.141150000000000553e+00
4.161151000000000266e+00
4.181149999999999700e+00
4.201150000000001050e+00
4.221151000000000764e+00
4.241150000000000198e+00
4.261149999999999771e+00
4.281150999999999485e+00
4.301150000000000695e+00
4.321150000000000269e+00
4.341150000000000730e+00
4.361151000000000444e+00
4.381150000000000766e+00
4.401149999999999451e+00
4.421150000000000801e+00
4.441149000000000235e+00
4.461149999999999949e+00
4.481149999999999523e+00
4.501151000000000124e+00
4.521150000000000446e+00
4.541151000000001048e+00
4.563006333333333053e+00
4.584450000000000358e+00
4.604451000000000072e+00
4.624450000000000394e+00
4.644451000000000107e+00
4.664449999999999541e+00
4.684450000000000891e+00
4.704449999999998688e+00
4.724450000000000038e+00
4.744451000000000640e+00
4.764450000000000074e+00
4.784450000000000536e+00
4.804450000000000109e+00
4.824450999999999823e+00
4.844449999999999257e+00
4.864449999999999719e+00
4.884449999999999292e+00
4.904450000000000642e+00
4.924450999999999468e+00
4.944450999999999929e+00
4.964449999999999363e+00
4.984449999999999825e+00
5.004450000000000287e+00
5.026362555555556000e+00
5.047850000000000392e+00
5.067849999999999966e+00
5.087850000000000428e+00
5.107849999999999113e+00
5.127851000000000603e+00
5.147851000000000177e+00
5.167849999999999611e+00
5.187850000000000072e+00
5.207850000000000534e+00
5.227850000000000108e+00
5.247849999999999682e+00
5.267850000000000144e+00
5.287849999999999717e+00
5.307849999999999291e+00
5.327850000000000641e+00
5.347850000000000215e+00
5.367850999999999928e+00
5.387850000000000250e+00
5.407849999999999824e+00
5.427850000000000286e+00
5.447849999999998971e+00
5.467850000000000321e+00
5.489706333333334243e+00
5.511150000000000659e+00
5.531150000000000233e+00
5.551150000000000695e+00
5.571149999999999380e+00
5.591150000000000730e+00
5.611149999999999416e+00
5.631150000000000766e+00
5.651149999999999451e+00
5.671150000000000801e+00
5.691150000000000375e+00
5.711151000000000089e+00
5.731149999999999523e+00
5.751149999999999096e+00
5.771150999999999698e+00
5.791151000000001048e+00
5.811153000000000901e+00
5.831153000000000475e+00
5.851152000000000797e+00
5.871151999999999482e+00
5.891149999999999665e+00
5.911150000000000126e+00
5.931149999999998812e+00
5.953006333333332734e+00
5.974450000000000038e+00
5.994450000000000500e+00
6.014450000000000074e+00
6.034450000000000536e+00
6.054449999999999221e+00
6.074450000000000571e+00
6.094449999999999257e+00
6.114450000000000607e+00
6.134449999999999292e+00
6.154450000000000642e+00
6.174450000000000216e+00
6.194463000000000719e+00
6.214450000000001140e+00
6.234453999999999496e+00
6.254450999999999539e+00
6.274449999999999861e+00
6.294453000000000742e+00
6.314451000000000924e+00
6.334450999999999610e+00
6.354449999999999932e+00
6.374449999999999505e+00
6.394449999999999967e+00
6.414450999999999681e+00
6.436306888888888800e+00
6.457750000000000767e+00
6.477749999999999453e+00
6.497749999999999915e+00
6.517750000000000377e+00
6.537749999999999950e+00
6.557750000000000412e+00
6.577749999999999098e+00
6.597750999999999699e+00
6.617750000000000021e+00
6.637750000000000483e+00
6.657750000000000057e+00
6.677749999999999631e+00
6.697750000000000981e+00
6.717749999999999666e+00
6.737750000000001016e+00
6.757749999999999702e+00
6.777750000000000163e+00
6.797749999999999737e+00
6.817750000000000199e+00
6.837749999999999773e+00
6.857751000000000374e+00
6.877750000000000696e+00
6.899662555555554633e+00
6.921150000000000801e+00
6.941151000000000515e+00
6.961149999999999949e+00
6.981149999999999523e+00
7.001149999999999984e+00
7.021150000000000446e+00
7.041150000000000020e+00
7.061150000000000482e+00
7.081150000000000055e+00
7.101150000000000517e+00
7.121150000000000091e+00
7.141150000000000553e+00
7.161150000000000126e+00
7.181150000000000588e+00
7.201150000000000162e+00
7.221149999999998847e+00
7.241150000000000198e+00
7.261150000000000659e+00
7.281150000000000233e+00
7.301150999999999947e+00
7.321151000000000408e+00
7.341150000000000730e+00
7.363006888888888213e+00
7.384451000000000320e+00
7.404450000000000642e+00
7.424450000000001104e+00
7.444449999999999790e+00
7.464450000000001140e+00
7.484449999999999825e+00
7.504450000000001175e+00
7.524449999999999861e+00
7.544449999999999434e+00
7.564449999999999896e+00
7.584449999999999470e+00
7.604449999999999932e+00
7.624450000000000394e+00
7.644449999999999967e+00
7.664450000000000429e+00
7.684450000000000003e+00
7.704449999999998688e+00
7.724450000000000038e+00
7.744448999999999472e+00
7.764450000000000074e+00
7.784450000000000536e+00
7.804449999999999221e+00
7.826306333333333143e+00
7.847750000000000448e+00
7.867750000000000909e+00
7.887750000000000483e+00
7.907750000000000945e+00
7.927749999999999631e+00
7.947750000000000981e+00
7.967749999999999666e+00
7.987750000000001016e+00
8.007749999999999702e+00
8.027750000000001052e+00
8.047750000000000625e+00
8.067749999999998423e+00
8.087750000000001549e+00
8.107750000000001123e+00
8.127749999999998920e+00
8.147750000000000270e+00
8.167750000000001620e+00
8.187750000000001194e+00
8.207749999999998991e+00
8.227750000000000341e+00
8.247749999999999915e+00
8.267749999999999488e+00
8.287750000000000838e+00
8.309606333333332984e+00
8.331049999999999400e+00
8.351049999999998974e+00
8.371050000000000324e+00
8.391050999999999149e+00
8.411049999999997695e+00
8.431050000000000821e+00
8.451050000000000395e+00
8.471049999999998192e+00
8.491049999999999542e+00
8.511050000000000892e+00
8.531050000000000466e+00
8.551050000000000040e+00
8.571050000000001390e+00
8.591050000000000963e+00
8.611049999999998761e+00
8.631048999999999083e+00
8.651047999999999405e+00
8.671050000000001035e+00
8.691049999999998832e+00
8.711050000000000182e+00
8.731049999999999756e+00
8.751049000000001854e+00
8.772962444444443619e+00
8.794450000000001211e+00
8.814450000000000784e+00
8.834449999999998582e+00
8.854450000000001708e+00
8.874450000000001282e+00
8.894449999999999079e+00
8.914450000000000429e+00
8.934450000000000003e+00
8.954450000000001353e+00
8.974449999999999150e+00
8.994450000000000500e+00
9.014450000000000074e+00
9.034449999999999648e+00
9.054449999999999221e+00
9.074450000000000571e+00
9.094450000000000145e+00
9.114449999999999719e+00
9.134449999999999292e+00
9.154450000000000642e+00
9.174450000000000216e+00
9.194449999999998013e+00
9.214450000000001140e+00
9.236306333333335061e+00
9.257749999999999702e+00
9.277750000000001052e+00
9.297750000000000625e+00
9.317749999999998423e+00
9.337750000000001549e+00
9.357750000000001123e+00
9.377749999999998920e+00
9.397750000000000270e+00
9.417750000000001620e+00
9.437750000000001194e+00
9.457749999999998991e+00
9.477749999999998565e+00
9.497749999999999915e+00
9.517749999999999488e+00
9.537750000000000838e+00
9.557750000000002188e+00
9.577750000000001762e+00
9.597749999999999559e+00
9.617749999999999133e+00
9.637750000000000483e+00
9.657750000000000057e+00
9.677749999999999631e+00
9.699606333333333552e+00
9.721049999999998192e+00
9.741049999999999542e+00
9.761050000000000892e+00
9.781050000000000466e+00
9.801050999999999291e+00
9.821051000000000641e+00
9.841050000000000963e+00
9.861049999999998761e+00
9.881050000000000111e+00
9.901050000000001461e+00
9.921050000000001035e+00
9.941049999999998832e+00
9.961049999999998406e+00
9.981049999999999756e+00
1.000104999999999933e+01
1.002104999999999890e+01
1.004105000000000025e+01
1.006105000000000160e+01
1.008104999999999762e+01
1.010104999999999897e+01
1.012105000000000032e+01
1.014104999999999990e+01
1.016104999999999769e+01
1.018290633333333339e+01
1.020434999999999803e+01
1.022434999999999938e+01
1.024435100000000176e+01
1.026435099999999778e+01
1.028434999999999810e+01
1.030435000000000123e+01
1.032435000000000080e+01
1.034434999999999860e+01
1.036434999999999995e+01
1.038435000000000130e+01
1.040435000000000088e+01
1.042434999999999867e+01
1.044435000000000180e+01
1.046435000000000137e+01
1.048434999999999917e+01
1.050435100000000155e+01
1.052435000000000187e+01
1.054435099999999892e+01
1.056434999999999924e+01
1.058434999999999881e+01
1.060435100000000119e+01
1.062434999999999974e+01
1.064626244444444403e+01
1.066774999999999984e+01
1.068775000000000119e+01
1.070775100000000002e+01
1.072774999999999856e+01
1.074774999999999991e+01
1.076774999999999949e+01
1.078775000000000084e+01
1.080775000000000219e+01
1.082775000000000176e+01
1.084774999999999778e+01
1.086774999999999913e+01
1.088775000000000048e+01
1.090775000000000006e+01
1.092774999999999963e+01
1.094775000000000098e+01
1.096775000000000055e+01
1.098774999999999835e+01
1.100774999999999970e+01
1.102775000000000105e+01
1.104775000000000063e+01
1.106774999999999842e+01
1.108775000000000155e+01
1.110960633333333547e+01
1.113105000000000011e+01
1.115105000000000146e+01
1.117105000000000103e+01
1.119104999999999883e+01
1.121105600000000102e+01
1.123105000000000153e+01
1.125105099999999858e+01
1.127105100000000171e+01
1.129105000000000025e+01
1.131105000000000160e+01
1.133104999999999762e+01
1.135104999999999897e+01
1.137105000000000032e+01
1.139104999999999990e+01
1.141104999999999769e+01
1.143105000000000082e+01
1.145105000000000040e+01
1.147104999999999819e+01
1.149104999999999954e+01
1.151105100000000014e+01
1.153105099999999794e+01
1.155105200000000210e+01
1.157290688888888752e+01
1.159435099999999785e+01
1.161434999999999995e+01
1.163435199999999980e+01
1.165435099999999835e+01
1.167435099999999970e+01
1.169435200000000030e+01
1.171435100000000062e+01
1.173435100000000020e+01
1.175435199999999902e+01
1.177435000000000187e+01
1.179435099999999892e+01
1.181435100000000027e+01
1.183435100000000162e+01
1.185435199999999867e+01
1.187434999999999974e+01
1.189435099999999856e+01
1.191435200000000094e+01
1.193435099999999949e+01
1.195435099999999906e+01
1.197434999999999938e+01
1.199435000000000073e+01
1.201435000000000031e+01
1.203620633333333245e+01
1.205765000000000065e+01
1.207764999999999844e+01
1.209764999999999979e+01
1.211765000000000114e+01
1.213765000000000072e+01
1.215764999999999851e+01
1.217765100000000089e+01
1.219765100000000047e+01
1.221764999999999901e+01
1.223765100000000139e+01
1.225765100000000096e+01
1.227765000000000128e+01
1.229764999999999908e+01
1.231764999999999866e+01
1.233765000000000001e+01
1.235764999999999958e+01
1.237764999999999738e+01
1.239765000000000228e+01
1.241765000000000185e+01
1.243764999999999787e+01
1.245764999999999922e+01
1.247765000000000057e+01
1.249765000000000015e+01
1.251956244444444266e+01
1.254105000000000025e+01
1.256105000000000160e+01
1.258104999999999762e+01
1.260104999999999897e+01
1.262105100000000135e+01
1.264104999999999990e+01
1.266104999999999769e+01
1.268105000000000082e+01
1.270105000000000040e+01
1.272104999999999819e+01
1.274104999999999954e+01
1.276104999999999912e+01
1.278105000000000047e+01
1.280105099999999929e+01
1.282105099999999887e+01
1.284105100000000022e+01
1.286105099999999979e+01
1.288105100000000114e+01
1.290105000000000146e+01
1.292105000000000103e+01
1.294104999999999883e+01
1.296104999999999841e+01
1.298290633333333410e+01
1.300434999999999697e+01
1.302435000000000187e+01
1.304435099999999892e+01
1.306434999999999924e+01
1.308434999999999881e+01
1.310435000000000016e+01
1.312434999999999974e+01
1.314434999999999931e+01
1.316435099999999991e+01
1.318435099999999949e+01
1.320435099999999906e+01
1.322435300000000069e+01
1.324435099999999998e+01
1.326435199999999881e+01
1.328435200000000016e+01
1.330436200000000113e+01
1.332435000000000080e+01
1.334434999999999860e+01
1.336434999999999995e+01
1.338434999999999953e+01
1.340435000000000088e+01
1.342434999999999867e+01
1.344620633333333437e+01
1.346764999999999901e+01
1.348764999999999858e+01
1.350764999999999993e+01
1.352765000000000128e+01
1.354764999999999908e+01
1.356764999999999866e+01
1.358765199999999851e+01
1.360765099999999883e+01
1.362765700000000102e+01
1.364765299999999826e+01
1.366765299999999961e+01
1.368765099999999713e+01
1.370765300000000053e+01
1.372765799999999814e+01
1.374765599999999921e+01
1.376765700000000159e+01
1.378765600000000191e+01
1.380765500000000046e+01
1.382765400000000078e+01
1.384765100000000082e+01
1.386765000000000114e+01
1.388765099999999819e+01
1.390950633333333286e+01
1.393095100000000031e+01
1.395094999999999885e+01
1.397094999999999843e+01
1.399095000000000155e+01
1.401095000000000113e+01
1.403095099999999995e+01
1.405094999999999850e+01
1.407095000000000162e+01
1.409095099999999867e+01
1.411094999999999899e+01
1.413095000000000034e+01
1.415094999999999992e+01
1.417094999999999771e+01
1.419094999999999906e+01
1.421095000000000041e+01
1.423094999999999999e+01
1.425094999999999779e+01
1.427094999999999914e+01
1.429095099999999974e+01
1.431095000000000006e+01
1.433094999999999786e+01
1.435095100000000023e+01
1.437095000000000056e+01
1.439286244444444485e+01
1.441435000000000066e+01
1.443435000000000201e+01
1.445434999999999803e+01
1.447434999999999938e+01
1.449435000000000073e+01
1.451435000000000031e+01
1.453434999999999810e+01
1.455434999999999945e+01
1.457435000000000080e+01
1.459435000000000038e+01
1.461434999999999818e+01
1.463434999999999953e+01
1.465435000000000088e+01
1.467435000000000045e+01
1.469435000000000180e+01
1.471434999999999960e+01
1.473434999999999917e+01
1.475434999999999697e+01
1.477435000000000187e+01
1.479435000000000144e+01
1.481434999999999924e+01
1.483434999999999704e+01
1.485620755555555661e+01
1.487764999999999738e+01
1.489765000000000228e+01
1.491765099999999933e+01
1.493765099999999713e+01
1.495764999999999745e+01
1.497764999999999880e+01
1.499765000000000015e+01
1.501764999999999972e+01
1.503765100000000210e+01
1.505765100000000167e+01
1.507765099999999947e+01
1.509765100000000082e+01
1.511765099999999862e+01
1.513765099999999819e+01
1.515764999999999851e+01
1.517765100000000089e+01
1.519765100000000047e+01
1.521765000000000079e+01
1.523765099999999606e+01
1.525765100000000096e+01
1.527765000000000128e+01
1.529765000000000086e+01
1.531950755555555332e+01
1.534095000000000120e+01
1.536095099999999647e+01
1.538095100000000137e+01
1.540095000000000169e+01
1.542095099999999874e+01
1.544094999999999906e+01
1.546095000000000041e+01
1.548094999999999999e+01
1.550094999999999779e+01
1.552095100000000016e+01
1.554095000000000049e+01
1.556095000000000006e+01
1.558094999999999786e+01
1.560094999999999921e+01
1.562095000000000056e+01
1.564095000000000013e+01
1.566095000000000148e+01
1.568095000000000283e+01
1.570094999999999885e+01
1.572094999999999665e+01
1.574095000000000155e+01
1.576095000000000113e+01
1.578280633333333327e+01
1.580424999999999969e+01
1.582424999999999926e+01
1.584424999999999706e+01
1.586425000000000196e+01
1.588425000000000153e+01
1.590424999999999933e+01
1.592424999999999713e+01
1.594424999999999848e+01
1.596425000000000161e+01
1.598424999999999940e+01
1.600424999999999898e+01
1.602425000000000210e+01
1.604424999999999812e+01
1.606425000000000125e+01
1.608424999999999727e+01
1.610425000000000040e+01
1.612425000000000352e+01
1.614424999999999955e+01
1.616424999999999912e+01
1.618425000000000225e+01
1.620424999999999827e+01
1.622424999999999784e+01
1.624425000000000097e+01
1.626616255555555668e+01
1.628765100000000032e+01
1.630765200000000092e+01
1.632765199999999695e+01
1.634765200000000007e+01
1.636765499999999918e+01
1.638765899999999931e+01
1.640766599999999897e+01
1.642766400000000360e+01
1.644766900000000120e+01
1.646766399999999919e+01
1.648766500000000335e+01
1.650766499999999937e+01
1.652766000000000091e+01
1.654765300000000039e+01
1.656765299999999996e+01
1.658765700000000010e+01
1.660765299999999911e+01
1.662765100000000018e+01
1.664765200000000078e+01
1.666765199999999680e+01
1.668765299999999741e+01
1.670765099999999848e+01
1.672950888888888699e+01
1.675095199999999807e+01
1.677095100000000016e+01
1.679095099999999974e+01
1.681095100000000286e+01
1.683095099999999888e+01
1.685095099999999846e+01
1.687095100000000159e+01
1.689095099999999761e+01
1.691095100000000073e+01
1.693095000000000283e+01
1.695095099999999988e+01
1.697095099999999945e+01
1.699095100000000258e+01
1.701095000000000113e+01
1.703095100000000173e+01
1.705095099999999775e+01
1.707095100000000087e+01
1.709095000000000297e+01
1.711094999999999899e+01
1.713095099999999960e+01
1.715094999999999814e+01
1.717094999999999771e+01
1.719280633333333341e+01
1.721425100000000086e+01
1.723424999999999940e+01
1.725424999999999898e+01
1.727425000000000210e+01
1.729425099999999915e+01
1.731425000000000125e+01
1.733424999999999727e+01
1.735425000000000040e+01
1.737425000000000352e+01
1.739424999999999955e+01
1.741424999999999912e+01
1.743425000000000225e+01
1.745424999999999827e+01
1.747424999999999784e+01
1.749425100000000199e+01
1.751424999999999699e+01
1.753424600000000311e+01
1.755424999999999969e+01
1.757424999999999926e+01
1.759425000000000239e+01
1.761424999999999841e+01
1.763425000000000153e+01
1.765610633333333368e+01
1.767754999999999654e+01
1.769754999999999967e+01
1.771755000000000280e+01
1.773755099999999629e+01
1.775754999999999839e+01
1.777755000000000152e+01
1.779755300000000418e+01
1.781755599999999973e+01
1.783754799999999818e+01
1.785754999999999981e+01
1.787754999999999939e+01
1.789754999999999896e+01
1.791754999999999853e+01
1.793755000000000166e+01
1.795754999999999768e+01
1.797755000000000081e+01
1.799755000000000038e+01
1.801754999999999995e+01
1.803755100000000056e+01
1.805755000000000265e+01
1.807754999999999868e+01
1.809755299999999778e+01
1.811948233333333036e+01
1.814096099999999723e+01
1.816095299999999924e+01
1.818095300000000236e+01
1.820095500000000399e+01
1.822095099999999945e+01
1.824095200000000361e+01
1.826095199999999963e+01
1.828095100000000173e+01
1.830095099999999775e+01
1.832095100000000087e+01
1.834095100000000045e+01
1.836095100000000002e+01
1.838094999999999857e+01
1.840095100000000272e+01
1.842095099999999874e+01
1.844095099999999832e+01
1.846095000000000041e+01
1.848094999999999999e+01
1.850095000000000312e+01
1.852094999999999914e+01
1.854094999999999871e+01
1.856095000000000184e+01
1.858094999999999786e+01
1.860280633333333355e+01
1.862425000000000352e+01
1.864424999999999955e+01
1.866424999999999912e+01
1.868425000000000225e+01
1.870424999999999827e+01
1.872424999999999784e+01
1.874424999999999741e+01
1.876424999999999699e+01
1.878425000000000011e+01
1.880424999999999969e+01
1.882424999999999926e+01
1.884425000000000239e+01
1.886424999999999841e+01
1.888425000000000153e+01
1.890425000000000466e+01
1.892424999999999713e+01
1.894425000000000026e+01
1.896425000000000338e+01
1.898424999999999940e+01
1.900424999999999898e+01
1.902425100000000313e+01
1.904424999999999812e+01
1.906610633333333737e+01
1.908755100000000127e+01
1.910755099999999729e+01
1.912755100000000041e+01
1.914755100000000354e+01
1.916755299999999806e+01
1.918755200000000016e+01
1.920755600000000030e+01
1.922755499999999529e+01
1.924755400000000094e+01
1.926755300000000304e+01
1.928755299999999906e+01
1.930755100000000368e+01
1.932755299999999821e+01
1.934755499999999984e+01
1.936755499999999941e+01
1.938755199999999945e+01
1.940755099999999800e+01
1.942755099999999757e+01
1.944754999999999967e+01
1.946755100000000027e+01
1.948755099999999629e+01
1.950754999999999839e+01
1.952940755555555796e+01
1.955085000000000051e+01
1.957085000000000008e+01
1.959085000000000321e+01
1.961084999999999923e+01
1.963084999999999880e+01
1.965085000000000193e+01
1.967084999999999795e+01
1.969084999999999752e+01
1.971085000000000420e+01
1.973085000000000022e+01
1.975084999999999980e+01
1.977084999999999582e+01
1.979084999999999894e+01
1.981085000000000207e+01
1.983084999999999809e+01
1.985085000000000122e+01
1.987085000000000079e+01
1.989084999999999681e+01
1.991084999999999994e+01
1.993085000000000306e+01
1.995085100000000011e+01
1.997084999999999866e+01
1.999276255555555792e+01
2.001424999999999699e+01
2.003425000000000011e+01
2.005424999999999969e+01
2.007424999999999926e+01
2.009425000000000239e+01
2.011425099999999944e+01
2.013425099999999901e+01
2.015425100000000214e+01
2.017425199999999919e+01
2.019425100000000128e+01
2.021425100000000441e+01
2.023425099999999688e+01
2.025425299999999851e+01
2.027425300000000163e+01
2.029425799999999924e+01
2.031425699999999779e+01
2.033425700000000091e+01
2.035425600000000301e+01
2.037425599999999903e+01
2.039425599999999861e+01
2.041425399999999968e+01
2.043425500000000028e+01
2.045425199999999677e+01
2.047611144444444164e+01
2.049755100000000141e+01
2.051755100000000098e+01
2.053754999999999953e+01
2.055755100000000368e+01
2.057755200000000073e+01
2.059755099999999928e+01
2.061754999999999427e+01
2.063755099999999842e+01
2.065755000000000052e+01
2.067754999999999654e+01
2.069754999999999967e+01
2.071755000000000280e+01
2.073754999999999882e+01
2.075754999999999839e+01
2.077755000000000152e+01
2.079754999999999754e+01
2.081755000000000067e+01
2.083755000000000379e+01
2.085754999999999626e+01
2.087754999999999939e+01
2.089754999999999896e+01
2.091754999999999853e+01
2.093940633333333778e+01
2.096085100000000523e+01
2.098085199999999872e+01
2.100084999999999980e+01
2.102085100000000395e+01
2.104084999999999894e+01
2.106085200000000057e+01
2.108084999999999809e+01
2.110085099999999869e+01
2.112085100000000182e+01
2.114085099999999784e+01
2.116085299999999947e+01
2.118085100000000054e+01
2.120085100000000011e+01
2.122085099999999969e+01
2.124085100000000281e+01
2.126085199999999986e+01
2.128085099999999841e+01
2.130085400000000107e+01
2.132085199999999858e+01
2.134085299999999918e+01
2.136085600000000184e+01
2.138085599999999431e+01
2.140277244444444449e+01
2.142425899999999928e+01
2.144420699999999869e+01
2.146416599999999875e+01
2.148420699999999783e+01
2.150421199999999544e+01
2.152415799999999990e+01
2.154415099999999939e+01
2.156415000000000148e+01
2.158414999999999750e+01
2.160414999999999708e+01
2.162415000000000376e+01
2.164414999999999978e+01
2.166414999999999935e+01
2.168415000000000248e+01
2.170414999999999850e+01
2.172414999999999807e+01
2.174415000000000475e+01
2.176414999999999722e+01
2.178415000000000035e+01
2.180414999999999637e+01
2.182414999999999949e+01
2.184415000000000262e+01
2.186606322222221976e+01
2.188754999999999740e+01
2.190755000000000408e+01
2.192754999999999654e+01
2.194755099999999715e+01
2.196755000000000280e+01
2.198754999999999882e+01
2.200754600000000494e+01
2.202755000000000152e+01
2.204754999999999754e+01
2.206755000000000067e+01
2.208754999999999669e+01
2.210754999999999981e+01
2.212755199999999789e+01
2.214754999999999896e+01
2.216754999999999853e+01
2.218755000000000166e+01
2.220754999999999768e+01
2.222755000000000081e+01
2.224755000000000393e+01
2.226754999999999995e+01
2.228754999999999953e+01
2.230754999999999555e+01
2.232754999999999868e+01
2.234940633333333437e+01
2.237085000000000079e+01
2.239085199999999531e+01
2.241084999999999994e+01
2.243085000000000306e+01
2.245084999999999908e+01
2.247085000000000221e+01
2.249084999999999823e+01
2.251085499999999584e+01
2.253085300000000046e+01
2.255086500000000171e+01
2.257086400000000026e+01
2.259086100000000030e+01
2.261085699999999932e+01
2.263085499999999683e+01
2.265085399999999893e+01
2.267085500000000309e+01
2.269085299999999705e+01
2.271085100000000523e+01
2.273085199999999872e+01
2.275085199999999830e+01
2.277085099999999684e+01
2.279085099999999997e+01
2.281270955555555702e+01
2.283415300000000414e+01
2.285415299999999661e+01
2.287415499999999824e+01
2.289415500000000137e+01
2.291415299999999888e+01
2.293415499999999696e+01
2.295415699999999859e+01
2.297415800000000274e+01
2.299415600000000026e+01
2.301415799999999834e+01
2.303415699999999688e+01
2.305415400000000048e+01
2.307415800000000061e+01
2.309415299999999860e+01
2.311415099999999612e+01
2.313415299999999775e+01
2.315415100000000237e+01
2.317414999999999736e+01
2.319415099999999796e+01
2.321415200000000212e+01
2.323415199999999459e+01
2.325415500000000080e+01
2.327606644444444939e+01
2.329755600000000371e+01
2.331756100000000131e+01
2.333755599999999930e+01
2.335754999999999981e+01
2.337755599999999845e+01
2.339749399999999468e+01
2.341750599999999949e+01
2.343755000000000166e+01
2.345749399999999696e+01
2.347750599999999821e+01
2.349749400000000321e+01
2.351744999999999663e+01
2.353750600000000048e+01
2.355749400000000193e+01
2.357744999999999891e+01
2.359744999999999848e+01
2.361745100000000264e+01
2.363746399999999781e+01
2.365745900000000290e+01
2.367745599999999939e+01
2.369745600000000252e+01
2.371745499999999751e+01
2.373936711111111464e+01
2.376084999999999781e+01
2.378085399999999794e+01
2.380085099999999798e+01
2.382085099999999755e+01
2.384085299999999918e+01
2.386085199999999773e+01
2.388085099999999983e+01
2.390085699999999846e+01
2.392086600000000374e+01
2.394085099999999855e+01
2.396084999999999710e+01
2.398085000000000022e+01
2.400085000000000335e+01
2.402084999999999582e+01
2.404084999999999894e+01
2.406085000000000207e+01
2.408084999999999809e+01
2.410085000000000122e+01
2.412085000000000079e+01
2.414084999999999681e+01
2.416084999999999994e+01
2.418085000000000306e+01
2.420084999999999908e+01
2.422270633333333478e+01
2.424415000000000475e+01
2.426414999999999722e+01
2.428415000000000035e+01
2.430414400000000086e+01
2.432414999999999949e+01
2.434415000000000262e+01
2.436414999999999509e+01
2.438414999999999822e+01
2.440415000000000134e+01
2.442414899999999989e+01
2.444415000000000049e+01
2.446415000000000006e+01
2.448414999999999964e+01
2.450414999999999921e+01
2.452415000000000234e+01
2.454414999999999836e+01
2.456415000000000148e+01
2.458414999999999750e+01
2.460414999999999708e+01
2.462415000000000376e+01
2.464414999999999978e+01
2.466414999999999935e+01
2.468600633333333505e+01
2.470744999999999436e+01
2.472744999999999749e+01
2.474745000000000417e+01
2.476744999999999663e+01
2.478744999999999976e+01
2.480745000000000289e+01
2.482744999999999891e+01
2.484744999999999848e+01
2.486745000000000161e+01
2.488744999999999763e+01
2.490745000000000076e+01
2.492744999999999678e+01
2.494744999999999990e+01
2.496745000000000303e+01
2.498744999999999905e+01
2.500744999999999862e+01
2.502745000000000175e+01
2.504744999999999777e+01
2.506744800000000239e+01
2.508745000000000402e+01
2.510745000000000005e+01
2.512744999999999962e+01
2.514936255555555533e+01
2.517084999999999795e+01
2.519085000000000107e+01
2.521084899999999607e+01
2.523085000000000022e+01
2.525085000000000335e+01
2.527084999999999582e+01
2.529084999999999894e+01
2.531085000000000207e+01
2.533079400000000092e+01
2.535074999999999790e+01
2.537080600000000175e+01
2.539079399999999964e+01
2.541075399999999718e+01
2.543082000000000065e+01
2.545080799999999499e+01
2.547081800000000129e+01
2.549080199999999863e+01
2.551075299999999757e+01
2.553075199999999967e+01
2.555075200000000279e+01
2.557075500000000190e+01
2.559075199999999839e+01
2.561266511111110944e+01
2.563415199999999672e+01
2.565415399999999835e+01
2.567414999999999736e+01
2.569415299999999647e+01
2.571415299999999959e+01
2.573416299999999879e+01
2.575416699999999537e+01
2.577415000000000234e+01
2.579414999999999836e+01
2.581415000000000148e+01
2.583414999999999750e+01
2.585414999999999708e+01
2.587415000000000376e+01
2.589414999999999978e+01
2.591414700000000337e+01
2.593415000000000248e+01
2.595414999999999495e+01
2.597414999999999807e+01
2.599414999999999765e+01
2.601414999999999722e+01
2.603414499999999876e+01
2.605414999999999637e+01
2.607600633333333207e+01
2.609744999999999848e+01
2.611745000000000161e+01
2.613744999999999763e+01
2.615745000000000076e+01
2.617744999999999678e+01
2.619744999999999990e+01
2.621745000000000303e+01
2.623744999999999905e+01
2.625744999999999862e+01
2.627745000000000175e+01
2.629744999999999777e+01
2.631745000000000090e+01
2.633744999999999692e+01
2.635744999999999649e+01
2.637744999999999962e+01
2.639744999999999564e+01
2.641744999999999877e+01
2.643745000000000189e+01
2.645744999999999436e+01
2.647744999999999749e+01
2.649745000000000417e+01
2.651744999999999663e+01
2.653744999999999976e+01
2.655930633333333191e+01
2.658074999999999832e+01
2.660074999999999790e+01
2.662075000000000102e+01
2.664075000000000060e+01
2.666075000000000017e+01
2.668074999999999619e+01
2.670074999999999577e+01
2.672074999999999889e+01
2.674074999999999847e+01
2.676074999999999804e+01
2.678075000000000117e+01
2.680074999999999719e+01
2.682074999999999676e+01
2.684075000000000344e+01
2.686074999999999591e+01
2.688075199999999754e+01
2.690075000000000216e+01
2.692075099999999566e+01
2.694075099999999878e+01
2.696075000000000088e+01
2.698074999999999690e+01
2.700075000000000003e+01
2.702266255555555574e+01
2.704415399999999536e+01
2.706415199999999999e+01
2.708415600000000012e+01
2.710416000000000025e+01
2.712416100000000085e+01
2.714415699999999987e+01
2.716415499999999739e+01
2.718415599999999799e+01
2.720415400000000261e+01
2.722415800000000274e+01
2.724415300000000073e+01
2.726415500000000236e+01
2.728415699999999688e+01
2.730416599999999860e+01
2.732414999999999949e+01
2.734409400000000190e+01
2.736410599999999604e+01
2.738409399999999749e+01
2.740405000000000157e+01
2.742410599999999476e+01
2.744409399999999977e+01
2.746405000000000385e+01
2.748596255555555246e+01
2.750744999999999862e+01
2.752745000000000175e+01
2.754744999999999777e+01
2.756745000000000090e+01
2.758744999999999692e+01
2.760744999999999649e+01
2.762744999999999962e+01
2.764744999999999564e+01
2.766744999999999877e+01
2.768745000000000189e+01
2.770744999999999436e+01
2.772744999999999749e+01
2.774745000000000417e+01
2.776744999999999663e+01
2.778744700000000378e+01
2.780744999999999933e+01
2.782744999999999891e+01
2.784744999999999848e+01
2.786744799999999955e+01
2.788744900000000015e+01
2.790745000000000076e+01
2.792744699999999725e+01
2.794930433333333397e+01
2.797074999999999889e+01
2.799074999999999847e+01
2.801074999999999804e+01
2.803075000000000117e+01
2.805074999999999719e+01
2.807074999999999676e+01
2.809075000000000344e+01
2.811074999999999591e+01
2.813074999999999903e+01
2.815075000000000216e+01
2.817074999999999818e+01
2.819075000000000131e+01
2.821075000000000088e+01
2.823074999999999690e+01
2.825075000000000003e+01
2.827075000000000315e+01
2.829074999999999918e+01
2.831075000000000230e+01
2.833074999999999832e+01
2.835074999999999790e+01
2.837075000000000102e+01
2.839075000000000060e+01
2.841075000000000017e+01
2.843260633333333587e+01
2.845404999999999518e+01
2.847405000000000186e+01
2.849405000000000143e+01
2.851404999999999745e+01
2.853405000000000413e+01
2.855405000000000015e+01
2.857404999999999973e+01
2.859404999999999930e+01
2.861405000000000243e+01
2.863405000000000200e+01
2.865405000000000157e+01
2.867404999999999760e+01
2.869404999999999717e+01
2.871405000000000385e+01
2.873404999999999987e+01
2.875404999999999944e+01
2.877405000000000257e+01
2.879404999999999504e+01
2.881405000000000172e+01
2.883404999999999774e+01
2.885404999999999731e+01
2.887404999999999688e+01
2.889596255555555260e+01
2.891744999999999877e+01
2.893744999999999834e+01
2.895744999999999436e+01
2.897745000000000104e+01
2.899745000000000061e+01
2.901744999999999663e+01
2.903745000000000331e+01
2.905744999999999933e+01
2.907744999999999891e+01
2.909744999999999848e+01
2.911745000000000161e+01
2.913745000000000118e+01
2.915745000000000076e+01
2.917744999999999678e+01
2.919744699999999682e+01
2.921745000000000303e+01
2.923744999999999905e+01
2.925744999999999862e+01
2.927745000000000175e+01
2.929745000000000132e+01
2.931745000000000090e+01
2.933744999999999692e+01
2.935930633333333617e+01
2.938075000000000259e+01
2.940075000000000216e+01
2.942074999999999818e+01
2.944075000000000486e+01
2.946075000000000088e+01
2.948075000000000045e+01
2.950075000000000003e+01
2.952075000000000315e+01
2.954075000000000273e+01
2.956075000000000230e+01
2.958074999999999832e+01
2.960074999999999790e+01
2.962075000000000102e+01
2.964075000000000060e+01
2.966075000000000017e+01
2.968074999999999619e+01
2.970074999999999577e+01
2.972075000000000244e+01
2.974074999999999847e+01
2.976074999999999804e+01
2.978074999999999761e+01
2.980074999999999363e+01
2.982260633333333288e+01
2.984404999999999930e+01
2.986405000000000243e+01
2.988405000000000200e+01
2.990405000000000157e+01
2.992404999999999760e+01
2.994404999999999717e+01
2.996405000000000385e+01
2.998404999999999987e+01
3.000404999999999944e+01
3.002405000000000257e+01
3.004404999999999504e+01
3.006405000000000172e+01
3.008404999999999774e+01
3.010404999999999731e+01
3.012404999999999688e+01
3.014404999999999291e+01
3.016404999999999959e+01
3.018404999999999916e+01
3.020404999999999518e+01
3.022405000000000186e+01
3.024405000000000143e+01
3.026404999999999745e+01
3.028590633333333670e+01
3.030735000000000312e+01
3.032734999999999914e+01
3.034734999999999872e+01
3.036735000000000184e+01
3.038735000000000142e+01
3.040735000000000099e+01
3.042734999999999701e+01
3.044734999999999658e+01
3.046734999999999616e+01
3.048734999999999218e+01
3.050734999999999886e+01
3.052734999999999843e+01
3.054734999999999445e+01
3.056735000000000113e+01
3.058735000000000070e+01
3.060734999999999673e+01
3.062735000000000340e+01
3.064734999999999943e+01
3.066734999999999900e+01
3.068734999999999857e+01
3.070735000000000170e+01
3.072735000000000127e+01
3.074735000000000085e+01
3.076926255555555656e+01
3.079075000000000273e+01
3.081075000000000230e+01
3.083074999999999832e+01
3.085074999999999790e+01
3.087075000000000102e+01
3.089075000000000060e+01
3.091075000000000017e+01
3.093074999999999619e+01
3.095074999999999577e+01
3.097075000000000244e+01
3.099074999999999847e+01
3.101074999999999804e+01
3.103074999999999761e+01
3.105074999999999363e+01
3.107075000000000031e+01
3.109074999999999989e+01
3.111074999999999591e+01
3.113075000000000259e+01
3.115075000000000216e+01
3.117074999999999818e+01
3.119075000000000486e+01
3.121075000000000088e+01
3.123260633333333303e+01
3.125404999999999944e+01
3.127405000000000257e+01
3.129404999999999504e+01
3.131405000000000172e+01
3.133404999999999774e+01
3.135404999999999731e+01
3.137404999999999688e+01
3.139404999999999291e+01
3.141404999999999959e+01
3.143404999999999916e+01
3.145404999999999518e+01
3.147405000000000186e+01
3.149405000000000143e+01
3.151404999999999745e+01
3.153405000000000413e+01
3.155405000000000015e+01
3.157404999999999973e+01
3.159404999999999930e+01
3.161405000000000243e+01
3.163405000000000200e+01
3.165405000000000157e+01
3.167404999999999760e+01
3.169590633333333685e+01
3.171734999999999616e+01
3.173734999999999218e+01
3.175734999999999886e+01
3.177734999999999843e+01
3.179734999999999445e+01
3.181735000000000113e+01
3.183735000000000070e+01
3.185734999999999673e+01
3.187735000000000340e+01
3.189734999999999943e+01
3.191734999999999900e+01
3.193734999999999857e+01
3.195735000000000170e+01
3.197735000000000127e+01
3.199735000000000085e+01
3.201735000000000042e+01
3.203735000000000355e+01
3.205734999999999957e+01
3.207734999999999559e+01
3.209734999999999872e+01
3.211734999999998763e+01
3.213734999999999786e+01
3.215920633333333711e+01
3.218065000000000708e+01
3.220064999999999600e+01
3.222065000000000623e+01
3.224065000000000225e+01
3.226064999999999827e+01
3.228065000000000140e+01
3.230064999999999742e+01
3.232065000000000055e+01
3.234064999999999657e+01
3.236064999999999969e+01
3.238065000000000282e+01
3.240065000000000595e+01
3.242064999999999486e+01
3.244065000000000509e+01
3.246064999999999401e+01
3.248064999999999714e+01
3.250065000000000026e+01
3.252064999999998918e+01
3.254064999999999941e+01
3.256065000000000254e+01
3.258064999999999145e+01
3.260065000000000168e+01
3.262065000000000481e+01
3.264256255555554986e+01
3.266405000000000314e+01
3.268405000000000626e+01
3.270404999999999518e+01
3.272405000000000541e+01
3.274405000000000143e+01
3.276404999999999745e+01
3.278404900000001021e+01
3.280404999999999660e+01
3.282404999999999973e+01
3.284405000000000285e+01
3.286404999999999887e+01
3.288405000000000200e+01
3.290404999999999802e+01
3.292405000000000115e+01
3.294405000000000427e+01
3.296405000000000030e+01
3.298404999999999632e+01
3.300404900000000197e+01
3.302404999999998836e+01
3.304404999999999859e+01
3.306405000000000172e+01
3.308404999999999063e+01
3.310590633333333699e+01
3.312735000000000696e+01
3.314735000000000298e+01
3.316734999999999900e+01
3.318735000000000213e+01
3.320734999999999815e+01
3.322735000000000127e+01
3.324734999999999729e+01
3.326735000000000042e+01
3.328735000000000355e+01
3.330734999999999957e+01
3.332734999999999559e+01
3.334734999999999872e+01
3.336734999999998763e+01
3.338734999999999786e+01
3.340735000000000099e+01
3.342734999999998990e+01
3.344735000000000014e+01
3.346735000000000326e+01
3.348734999999999218e+01
3.350735000000000241e+01
3.352735000000000554e+01
3.354734999999999445e+01
3.356920633333333370e+01
3.359064999999999657e+01
3.361064999999999969e+01
3.363065000000000282e+01
3.365065000000000595e+01
3.367064999999999486e+01
3.369065000000000509e+01
3.371064999999999401e+01
3.373064999999999714e+01
3.375065000000000026e+01
3.377064999999998918e+01
3.379064999999999941e+01
3.381065000000000254e+01
3.383064999999999145e+01
3.385065000000000168e+01
3.387065000000000481e+01
3.389064999999999372e+01
3.391065000000000396e+01
3.393065000000000708e+01
3.395064999999999600e+01
3.397065000000000623e+01
3.399065000000000225e+01
3.401064999999999827e+01
3.403250633333333752e+01
3.405395000000000039e+01
3.407394999999999641e+01
3.409394999999999953e+01
3.411394999999998845e+01
3.413394999999999868e+01
3.415395000000000181e+01
3.417394999999999072e+01
3.419395000000000095e+01
3.421395000000000408e+01
3.423394999999999300e+01
3.425395000000000323e+01
3.427395000000000636e+01
3.429394999999999527e+01
3.431395000000000550e+01
3.433395000000000152e+01
3.435394999999999754e+01
3.437395000000000067e+01
3.439394999999999669e+01
3.441394999999999982e+01
3.443395000000001005e+01
3.445394999999999897e+01
3.447395000000000209e+01
3.449395000000000522e+01
3.451586255555555738e+01
3.453735000000000355e+01
3.455734999999999957e+01
3.457734999999999559e+01
3.459734999999999872e+01
3.461734999999998763e+01
3.463734999999999786e+01
3.465735000000000099e+01
3.467734999999998990e+01
3.469735000000000014e+01
3.471735000000000326e+01
3.473734999999999218e+01
3.475735000000000241e+01
3.477735000000000554e+01
3.479734999999999445e+01
3.481735000000000468e+01
3.483735000000000070e+01
3.485734999999999673e+01
3.487735000000000696e+01
3.489735000000000298e+01
3.491734999999999900e+01
3.493735000000000213e+01
3.495734999999999815e+01
3.497920633333333740e+01
3.500065000000000026e+01
3.502064999999998918e+01
3.504064999999999941e+01
3.506065000000000254e+01
3.508064999999999145e+01
3.510065000000000168e+01
3.512065000000000481e+01
3.514064999999999372e+01
3.516065000000000396e+01
3.518065000000000708e+01
3.520064999999999600e+01
3.522065000000000623e+01
3.524065000000000225e+01
3.526064999999999827e+01
3.528065000000000140e+01
3.530064999999999742e+01
3.532065000000000055e+01
3.534064999999999657e+01
3.536064999999999969e+01
3.538065000000000282e+01
3.540065000000000595e+01
3.542064999999999486e+01
3.544250633333334122e+01
3.546395000000000408e+01
3.548394999999999300e+01
3.550395000000000323e+01
3.552395000000000636e+01
3.554394999999999527e+01
3.556395000000000550e+01
3.558395000000000152e+01
3.560394999999999754e+01
3.562395000000000067e+01
3.564394999999999669e+01
3.566394999999999982e+01
3.568395000000001005e+01
3.570394999999999897e+01
3.572395000000000209e+01
3.574395000000000522e+01
3.576395000000000124e+01
3.578395000000000437e+01
3.580395000000000039e+01
3.582394999999999641e+01
3.584394999999999953e+01
3.586394999999998845e+01
3.588394999999999868e+01
3.590580633333333083e+01
3.592725000000000080e+01
3.594724999999999682e+01
3.596724999999999994e+01
3.598725000000000307e+01
3.600724999999999909e+01
3.602725000000000932e+01
3.604724999999999824e+01
3.606725000000000136e+01
3.608725000000000449e+01
3.610725000000000051e+01
3.612725000000000364e+01
3.614724999999999966e+01
3.616724999999999568e+01
3.618724999999999881e+01
3.620724999999998772e+01
3.622724999999999795e+01
3.624725000000000108e+01
3.626724999999999000e+01
3.628725000000000023e+01
3.630725000000000335e+01
3.632724999999999227e+01
3.634725000000000250e+01
3.636916244444444857e+01
3.639064999999999372e+01
3.641065000000000396e+01
3.643065000000000708e+01
3.645064999999999600e+01
3.647065000000000623e+01
3.649065000000000225e+01
3.651064999999999827e+01
3.653065000000000140e+01
3.655064999999999742e+01
3.657065000000000055e+01
3.659064999999999657e+01
3.661064999999999969e+01
3.663064999999999571e+01
3.665065000000000595e+01
3.667065000000000197e+01
3.669065000000000509e+01
3.671064999999998690e+01
3.673065000000000424e+01
3.675065000000000026e+01
3.677064999999998918e+01
3.679064999999999941e+01
3.681065000000000254e+01
3.683064999999999145e+01
3.685250633333333070e+01
3.687395000000000778e+01
3.689394999999999669e+01
3.691394999999999982e+01
3.693394999999999584e+01
3.695394999999999897e+01
3.697394999999999499e+01
3.699395000000000522e+01
3.701395000000000124e+01
3.703395000000000437e+01
3.705394999999999328e+01
3.707395000000000351e+01
3.709394999999999953e+01
3.711394999999998845e+01
3.713394999999999868e+01
3.715395000000000181e+01
3.717394999999999072e+01
3.719395000000000095e+01
3.721395000000000408e+01
3.723394999999999300e+01
3.725395000000000323e+01
3.727395000000000636e+01
3.729394999999999527e+01
3.731580633333333452e+01
3.733725000000000449e+01
3.735725000000000051e+01
3.737725000000000364e+01
3.739724999999999255e+01
3.741725000000000279e+01
3.743724999999999881e+01
3.745724999999998772e+01
3.747725000000000506e+01
3.749725000000000108e+01
3.751724999999999000e+01
3.753725000000000023e+01
3.755725000000000335e+01
3.757724999999999227e+01
3.759725000000000250e+01
3.761725000000000563e+01
3.763724999999999454e+01
3.765725000000000477e+01
3.767725000000000080e+01
3.769724999999999682e+01
3.771725000000000705e+01
3.773725000000000307e+01
3.775724999999999909e+01
3.777910633333333834e+01
3.780054999999998699e+01
3.782055000000000433e+01
3.784055000000000035e+01
3.786054999999998927e+01
3.788054999999999950e+01
3.790055000000000263e+01
3.792054999999999154e+01
3.794055000000000177e+01
3.796055000000000490e+01
3.798054999999999382e+01
3.800055000000000405e+01
3.802055000000000717e+01
3.804054999999999609e+01
3.806055000000000632e+01
3.808055000000000234e+01
3.810054999999999836e+01
3.812054999999999438e+01
3.814054999999999751e+01
3.816055000000000064e+01
3.818055000000000376e+01
3.820054999999999978e+01
3.822055000000000291e+01
3.824246244444443477e+01
3.826395000000000124e+01
3.828395000000000437e+01
3.830394999999999328e+01
3.832395000000000351e+01
3.834394999999999953e+01
3.836394999999998845e+01
3.838394999999999868e+01
3.840395000000000181e+01
3.842394999999999072e+01
3.844395000000000095e+01
3.846395000000000408e+01
3.848394999999999300e+01
3.850395000000000323e+01
3.852395000000000636e+01
3.854394999999999527e+01
3.856395000000000550e+01
3.858395000000000152e+01
3.860394999999999754e+01
3.862395000000000778e+01
3.864394999999999669e+01
3.866394999999999982e+01
3.868394999999999584e+01
3.870394999999999897e+01
3.872580633333333822e+01
3.874725000000000108e+01
3.876724999999999000e+01
3.878725000000000023e+01
3.880725000000000335e+01
3.882724999999999227e+01
3.884725000000000250e+01
3.886725000000000563e+01
3.888724999999999454e+01
3.890725000000000477e+01
3.892725000000000080e+01
3.894724999999999682e+01
3.896725000000000705e+01
3.898725000000000307e+01
3.900724999999999909e+01
3.902724999999999511e+01
3.904724999999999824e+01
3.906725000000000136e+01
3.908725000000000449e+01
3.910725000000000051e+01
3.912725000000000364e+01
3.914724999999999255e+01
3.916725000000000279e+01
3.918910633333334204e+01
3.921055000000000490e+01
3.923054999999999382e+01
3.925055000000000405e+01
3.927055000000000717e+01
3.929054999999999609e+01
3.931055000000000632e+01
3.933055000000000234e+01
3.935054999999999836e+01
3.937054999999999438e+01
3.939054999999999751e+01
3.941055000000000064e+01
3.943055000000000376e+01
3.945054999999999978e+01
3.947055000000000291e+01
3.949054999999999893e+01
3.951055000000000206e+01
3.953054999999999808e+01
3.955054999999998699e+01
3.957055000000000433e+01
3.959055000000000035e+01
3.961054999999998927e+01
3.963054999999999950e+01
3.965240633333333875e+01
3.967385000000000161e+01
3.969384999999999764e+01
3.971384999999999366e+01
3.973384999999999678e+01
3.975384999999999991e+01
3.977385000000000304e+01
3.979384999999999906e+01
3.981385000000000218e+01
3.983384999999999820e+01
3.985385000000000133e+01
3.987384999999999735e+01
3.989384999999999337e+01
3.991385000000000360e+01
3.993384999999999962e+01
3.995384999999998854e+01
3.997384999999999877e+01
3.999385000000000190e+01
4.001384999999999081e+01
4.003385000000000105e+01
4.005385000000000417e+01
4.007384999999999309e+01
4.009385000000000332e+01
4.011576244444444228e+01
4.013724999999999454e+01
4.015725000000000477e+01
4.017725000000000080e+01
4.019724999999999682e+01
4.021725000000000705e+01
4.023725000000000307e+01
4.025724999999999909e+01
4.027724999999999511e+01
4.029724999999999824e+01
4.031725000000000136e+01
4.033725000000000449e+01
4.035725000000000051e+01
4.037725000000000364e+01
4.039724999999999255e+01
4.041725000000000279e+01
4.043724999999999881e+01
4.045724999999998772e+01
4.047725000000000506e+01
4.049725000000000108e+01
4.051724999999999000e+01
4.053725000000000023e+01
4.055725000000000335e+01
4.057724999999999227e+01
4.059910633333333152e+01
4.062054999999999438e+01
4.064054999999999751e+01
4.066055000000000064e+01
4.068055000000000376e+01
4.070054999999999978e+01
4.072055000000000291e+01
4.074054999999999893e+01
4.076055000000000206e+01
4.078054999999999808e+01
4.080054999999998699e+01
4.082055000000000433e+01
4.084055000000000035e+01
4.086054999999998927e+01
4.088054999999999950e+01
4.090055000000000263e+01
4.092054999999999154e+01
4.094055000000000177e+01
4.096055000000000490e+01
4.098054999999999382e+01
4.100055000000000405e+01
4.102055000000000717e+01
4.104054999999999609e+01
4.106240633333333534e+01
4.108384999999999820e+01
4.110385000000000133e+01
4.112384999999999735e+01
4.114384999999999337e+01
4.116385000000000360e+01
4.118384999999999962e+01
4.120384999999998854e+01
4.122384999999999877e+01
4.124385000000000190e+01
4.126384999999999081e+01
4.128385000000000105e+01
4.130385000000000417e+01
4.132384999999999309e+01
4.134385000000000332e+01
4.136385000000000645e+01
4.138384999999999536e+01
4.140385000000000559e+01
4.142385000000000161e+01
4.144384999999999764e+01
4.146384999999999366e+01
4.148384999999999678e+01
4.150384999999999991e+01
4.152576244444443887e+01
4.154719399999999041e+01
4.156715000000000515e+01
4.158715000000000117e+01
4.160714999999999009e+01
4.162715000000000032e+01
4.164715000000000344e+01
4.166714999999999236e+01
4.168715000000000259e+01
4.170715000000000572e+01
4.172714999999999463e+01
4.174715000000000487e+01
4.176715000000000089e+01
4.178714999999999691e+01
4.180714999999999293e+01
4.182715000000000316e+01
4.184714999999999918e+01
4.186715000000000231e+01
4.188714999999999833e+01
4.190715000000000146e+01
4.192714999999999748e+01
4.194715000000000060e+01
4.196714999999999662e+01
4.198906244444443558e+01
4.201055000000000206e+01
4.203054999999999808e+01
4.205054999999998699e+01
4.207055000000000433e+01
4.209055000000000035e+01
4.211054999999998927e+01
4.213054999999999950e+01
4.215055000000000263e+01
4.217054999999999154e+01
4.219055000000000177e+01
4.221055000000000490e+01
4.223054999999999382e+01
4.225055000000000405e+01
4.227055000000000717e+01
4.229054999999999609e+01
4.231055000000000632e+01
4.233055000000000234e+01
4.235054999999999836e+01
4.237054999999999438e+01
4.239054999999999751e+01
4.241055000000000064e+01
4.243055000000000376e+01
4.245240633333332880e+01
4.247384999999999877e+01
4.249385000000000190e+01
4.251384999999999081e+01
4.253385000000000105e+01
4.255385000000000417e+01
4.257384999999999309e+01
