7.618395881113004009e+01
-2.295842707972358121e-01
6.725602415122387823e-02
4.921990744542450216e+02
1.126837299136450241e+02
-1.238432482192713309e+02
5.493706257604518441e+02
1.626299180585208717e+02
5.821946451641405247e+02
-5.908667543340363864e+02
-5.894715557028030162e+01
-1.686804720837987190e+02
1.307416597844417936e+02
4.354079918484544578e+02
4.617595680654360280e+01
2.287923804216034682e+02
5.100486940310897808e+02
-2.746342925352327029e+02
8.249103875506760915e+02
-5.718950397250969218e+02
3.135280959788378823e+02
-4.911659759511140351e+02
9.457685919357517790e+00
-6.440774953295734129e+00
-9.922250392544330566e+01
2.218286246120081273e+02
-2.685834982966147777e+02
-3.693165429582220440e+02
6.540663578541516472e+02
-2.920511931196530782e+02
3.731698952306800834e+02
-7.335042182518029676e+02
-2.335185237820662678e+02
-7.045695619708786239e+01
-2.042024800485597495e+02
7.069643443596449117e+01
-5.531632082101248216e+02
1.498472394073622525e+02
1.959404919206644990e+02
2.873393578566132760e+02
1.463321044993616340e+02
-3.688989563243454768e+02
-9.955812334926403651e+01
6.149987509648778605e+00
-8.441372670075520546e+01
8.635853070630471251e+00
-2.892822181810868187e+02
3.256335039589611711e+02
1.765964997312817673e+02
4.318791400365720392e+02
3.192069434771428860e+01
2.078442770776497994e+01
3.277148872154594414e+02
1.157565250460189219e+02
1.940807747535610872e+02
-1.000703003585669535e+02
3.884945807305516752e+01
1.065878677565334698e+02
8.525113935477382654e+01
1.138255801965418357e+02
1.633246242370305197e+02
1.008366140417900141e+02
2.647772314297266121e+02
-1.243805605753380803e+02
3.275363374430933732e+02
-1.109441723170089666e+01
2.878311410920654225e+02
-2.257023523020120308e+02
-6.710351383918305146e+01
-3.496216453381396150e+01
1.650331954491271063e+02
9.311133645558123817e+01
-9.575959130110668127e+01
-1.478361292260175333e+02
1.446229428528314145e+02
-4.499632808760353697e+01
2.384528551586927847e+02
-2.121057027529750201e+02
-1.175907543315792303e+01
-8.055535792200849698e+01
1.438348072225642795e+02
7.030372239970181170e+01
-1.841191104254487243e+02
-4.979645866804395027e+00
6.822345634933513736e+01
5.671385122086859099e+01
3.670043044395384157e+01
-1.716443062301366922e+02
1.124390442089729163e+02
6.842798613500525562e+01
1.178960305874925609e+02
-8.637617939645694776e+01
-9.814748844946080908e+01
-6.380399476331686515e+01
8.914547297472712728e+01
1.197035458616289993e+01
2.237390684321905709e+01
-8.342202249885284004e+01
1.066326156830490248e+02
8.029290128577692087e+01
3.797805401096601230e+01
7.310828759853019676e+01
-9.401535166162045698e+01
-2.643522179125804996e+02
1.883011752686726226e+01
2.369853105285258366e+01
1.370867826876071263e+02
-4.567546371518384518e+01
-1.156571228538892200e+02
6.374189173045291312e+01
9.057221042508297160e+01
9.059272546219588662e+01
-7.060974077677759908e+01
-1.603785228517888584e+02
3.642608263783363753e+01
-7.210549406729357713e+01
2.327948553229939535e+02
3.329107645387800574e+01
-2.353234495319994153e+02
-9.942772562663166980e+01
-3.085321386827147094e+01
1.312869980070531142e+02
-3.944609509546298654e+01
-1.438466645779286921e+02
6.558264944649792483e+01
-1.406355670579398236e+02
1.374445564273250397e+02
-2.147388104657396113e+01
-9.110393984341219209e+01
-1.024456399377799869e+02
-2.307188448629964341e+02
9.403388515846535256e+01
-1.200200040606482190e+02
7.680913907727448020e+01
-1.881324825095170539e+01
-9.442884851618163111e+01
-1.520901411982795892e+01
-3.411733764461038021e+01
-1.982883797778221080e+01
7.558669684808116074e+00
-2.461039499562602373e+02
1.692074389909229524e+02
-9.691867862785827015e+01
1.318636839360088970e+02
-2.400895883696575481e+02
3.461431238636667906e+00
1.704402497121064357e+02
1.841995173144719615e+02
-4.863451809424715577e+01
1.024258544396600357e+00
-1.363189689873325108e+02
5.135412524506025278e+01
-8.577642390732324884e+01
1.002463399886519682e+02
-2.909940957564813289e+02
-3.745457446237377326e+02
4.987072932625932964e+01
6.077055912272243177e+02
5.524029695559955826e+02
2.380791797361241180e+01
-3.751887771987611586e+02
-2.469037631217190381e+02
8.345772106517965483e+01
-6.400139471637807276e+01
2.195017297329179229e+01
-1.197130964652888991e+02
8.928390990525413073e+00
-3.270918786223799657e+01
1.478488809732094182e+02
1.417247981099323226e+02
-1.618003460871800314e+01
-1.817206304799919394e+02
1.272938824790301311e+02
-6.966005814011549546e+01
1.448524367223963907e+02
-2.138459792959307606e+02
1.965959683136861713e+01
-2.561232329762984250e+01
-2.252780942738317194e+01
-3.780174892684972310e+00
-9.678071439412136101e+01
-1.488794104700746068e+01
6.340337379350756208e+01
-7.714332281190942808e+01
9.448516793602971120e+01
-2.063749815384510100e+02
-6.624405188655308052e+01
-8.381542594092060483e+01
-5.108144704236888600e+00
1.054648221111344242e+02
-1.265161836053954971e+02
4.757322458696725676e+01
-1.243038931870880930e+02
-1.029166812098608297e+01
1.163189127191851924e+02
-3.486962530711885222e+01
-7.869226583190952340e+01
-1.975176908473975175e+02
5.040821518259743073e+01
1.707026433702627060e+02
-7.636154744024605634e+01
1.474359241158620648e+01
-1.294839337425764825e+02
-4.306455282929894679e+01
7.945044191976205639e+01
8.002444865664593010e+01
3.972072262334827997e+01
-1.035195563894581028e+02
-2.677634990527882763e+01
1.137662059454536916e+02
1.152553638765922273e+01
-8.481390513102684992e+00
-2.172883191953895903e+02
-7.393408217627519718e+01
6.035511470969025538e+01
4.599099518142430298e+01
5.456523828298055889e+01
7.825740555506929752e+01
-7.304738358738862303e+01
4.225108444776085292e+01
2.008046637976871196e+01
7.124750751188575748e+01
-4.659403620849760586e+01
-8.622545671355030095e+01
-5.256604644214839794e+01
9.282301625542139334e+01
4.166319115488334290e+01
8.269835458565538033e+01
-1.428217679183467794e+02
4.976981207255221307e+01
5.536925121035245212e+01
6.542408146661526303e+01
1.094958328404905146e+01
-1.431107761384548382e+02
1.001280936061993714e+02
9.527771509520876236e+01
-6.623058333655119156e+01
-4.505204335853058950e+01
-1.710052030952264772e+02
1.811026940321163750e+02
-4.769583990316548494e+01
1.139921785814300108e+02
-1.224861442487243295e+02
-7.166058265940664285e+01
9.896461281595713899e+01
1.246435135617233669e+02
-2.667993772409730013e+01
-9.555030190658237643e+01
-1.851653904114288594e+02
2.121994875945924832e+02
-2.878911685661314834e+01
2.598587059439209952e+02
-1.343115681981224441e+02
2.174509842063006033e+02
5.239469333555337727e+01
1.547554950464651427e+02
8.527647066466454362e+01
7.351115821501130654e+01
7.400797031419287464e+01
3.790419841287182123e+01
-6.238106189190136774e+01
1.747960410232334141e+02
6.967753335839594797e+01
2.699687938272416545e+02
-1.748630540712512627e+01
7.887555558981358672e+01
3.457981133156961278e+02
1.916568012124987206e+02
2.598822238600984065e+02
-2.166070281787245051e+02
7.322895173921168066e+01
-4.890038775757232514e+01
6.216272098712930472e+01
-1.092711316676164159e+02
-2.729624723167778484e+02
1.287595646320263256e+02
2.152590599399142661e+02
2.020419324613967831e+02
1.149150289328284202e+02
-4.205208461606215451e+02
1.218323559901862154e+02
-1.661378131537522904e+02
3.905825377065728077e+01
-2.544832879502411060e+02
-5.176021640843138130e+02
2.110719493459854732e+02
-2.556837069607458659e+02
4.871778615776414654e+02
-3.395335561504083444e+02
-1.528502450569236260e+02
1.714561911355880568e+02
-6.099599243686392214e+01
4.077380444259014780e+01
-4.186394623521010061e+01
-3.479924128135485262e+02
1.561458053478950205e+02
-4.435043325390186624e+02
5.811146041802149966e+02
-2.704609641708054255e+02
4.372164198545544309e+02
1.145406803026078677e+02
9.847770719715364862e+01
3.238281836913238294e+02
1.166982870589096279e+02
-9.720174645623704635e+01
-8.033658500145372727e+01
-4.281830536549632598e+02
4.599414493552233125e+02
9.731369210436268702e+01
4.039394494739698871e+02
-1.267206634377343306e+02
1.072183686024746407e+02
3.946878375088571715e+02
1.160681729641245710e+02
1.971393513661829644e+01
7.054063882514644490e+01
-3.853369886151234596e+02
4.635893536801546020e+02
5.770889838845728548e+01
4.634750454195598763e+02
-1.591401463388335173e+02
5.046940363163706422e+00
5.037538136406790272e+02
9.392808469733070353e+01
1.819627519515384222e+02
-3.219840736456249886e+01
-3.408148731361864066e+02
3.440913504036799395e+02
-2.457127572347190778e+02
7.080821661368202058e+02
1.483080846257688279e+02
3.481629216013531618e+02
4.417348690097296071e+02
6.694180897029846733e+01
4.196684467111133472e+02
-8.450772759653102639e+01
6.476351920258029793e+01
-2.772263934036678847e+02
-1.666344250114862291e+02
5.254206016836189974e+02
2.386409914276706274e+02
3.720082253519112214e+02
1.855084310388397171e+02
-1.013814008367238557e+02
6.230003663198865524e+02
-1.374205063950466865e+02
1.500456880576466006e+02
-4.397438921569842023e+02
1.509239311959323260e+01
1.063578110766591038e+02
-1.117681497500494316e+02
9.747306290150068264e+01
-2.369096059979668780e+02
-4.385134581886697447e+01
3.022866425120469671e+02
-7.734200917064315206e+01
5.162138677745664950e+01
-2.291128188884374595e+02
6.512301070498850208e+01
8.809692097347867445e+01
-2.444792708586921606e+02
-2.511545757389729872e+01
-3.223539818871946068e+02
2.430288777560265316e+02
-4.852911106456400603e+01
1.207001552917421492e+02
-1.093877558084388397e+02
2.318581203314488803e+01
9.714654484863866912e+01
5.584626899733153493e+01
-9.789769068881140868e+01
1.030813799449081785e+02
-8.811779272385997785e+01
2.013781731962614572e+02
-1.056843988071334479e+02
2.447929305755443750e+02
6.432863627314146981e+01
2.377599968525228178e+02
-1.149481077265015649e+01
-1.458806879500439280e+01
1.544418669824406152e+02
1.387027322560722951e+02
2.418566080967440257e+01
-6.911663990288468540e+01
-4.957455742623799466e+01
1.135783388362097952e+02
1.139487851970889380e+02
1.924626665567484451e+02
2.814237796730460062e+01
2.289353500274332021e+01
1.567313402285107031e+02
1.324722493289322358e+02
5.317029059041968964e+01
-1.346091782041027045e+02
-1.417592783405129175e+01
4.798855909951812038e+01
2.108698794370488372e+01
9.280985234731693012e+00
-2.554642911347042045e+01
9.082998762329089004e+01
1.316078247705526678e+02
8.708379754601868683e+01
-6.494064783800303076e+01
-6.537688798477553576e+01
7.975595025760783585e+01
7.167131106847685373e+01
5.112017577598525975e+01
-3.742634758966378872e+00
5.533178644173342597e+00
8.996847119890297506e+01
6.119006046850312686e+01
9.476958636235604416e+00
-6.805255977571830783e+01
-7.578527430955567468e+01
-5.236860402764170885e+01
3.500760193880159221e+01
1.918621538129494013e+02
1.009091368109756246e+02
-2.620871584850350189e+01
-7.239649977711698625e+01
4.312041829348915201e+01
6.298374505148263580e+01
-5.828408674722789584e+01
-6.654805161777522926e+01
-5.801613303619861739e+01
4.004595740115105684e+01
1.213421318599910990e+02
1.884023786443581798e+02
3.354073237458723611e+01
-1.675673637116459531e+02
-4.158135867069065128e+00
-9.962036058620634904e+00
7.463119402685492787e+01
-4.871275074741376443e+01
-8.333782035220940543e+01
5.417252861548608678e+01
1.044282639195981659e+02
1.019828296396861589e+02
9.543751143902473189e+01
-6.119950886199654860e+01
2.520881452184880800e+01
-1.554743859087229509e+02
8.823977642234797258e+01
-1.073983361714133480e+02
-5.029336037623326661e+01
-1.270900550076622082e+01
-5.578951725409959295e+01
-2.786596375390422509e+01
5.481356604094430907e+01
-9.445647537992662990e+00
2.866786093464981278e+01
-1.766142366108530268e+02
1.639011940454447647e+00
-8.079694823505859347e+01
-1.215144122346483186e+02
-1.863901477997162885e+02
-8.220803743698715493e+01
1.223899578782974231e+02
-2.090014774097881656e+01
-4.521861657603193407e+01
-1.395323484362647264e+02
-9.611122383437327699e+01
4.763574365404832811e+00
-7.018772627740668213e+01
-5.115774066441446877e+01
-2.171127306073782677e+02
-7.300865773242570356e+01
4.912338617682024733e+01
2.351404230953741887e+02
3.156653083358365848e+02
-4.217274386571144191e+02
-2.374514175161842502e+02
3.505168300916578161e+00
3.738008872634789981e+01
1.315777356748767204e+02
-7.843029193224587026e+00
2.582952645511109679e+01
1.014908687315094760e+01
6.024292611607835113e+01
6.958019171080736953e+01
1.357080107490045506e+01
-1.576431940963997747e+01
-6.673960979451933895e+01
6.929738983161412591e+01
7.679062990883589634e+01
7.280960103656344984e+01
2.752746258357312925e+01
1.889260656778436598e+01
1.079335682129983951e+02
-6.127125504018611224e+00
1.751961884182517082e+01
-5.548951081553385478e+01
1.947488716165559630e+00
2.937896286624137332e+01
7.562201837847038810e+00
5.149524487152100249e+01
2.648094567911354602e+01
-2.145663503997567290e+01
1.049824687269869514e+02
5.339825359882816258e+00
4.407242159368523460e+01
-6.491960014219159802e+01
-4.372043516633276283e+01
-6.293332069178322286e+01
-1.843599958056622512e+01
5.645811765299472285e+01
-5.151812724610267402e+00
-3.613385555889702516e+01
1.898574476971572267e+01
3.410436824006751522e+01
9.386743412184947033e+01
-4.191304534257918846e+01
-7.049046151258531268e+01
-5.912116667835456951e+01
7.112597655333401381e-01
3.907957063202711367e+01
1.432087408109790516e+01
1.293258999479917115e+01
-4.101183902272469339e+01
-9.296794122767790824e+00
5.068790567505595845e+01
1.692279143754938930e+00
-5.506895864463721324e+01
-1.010355188974965301e+02
1.482184594402391475e+01
2.944124136956150650e+01
3.548285313876663594e+01
2.100722766768528871e+01
-2.608441065528008096e+01
-3.956128860797101510e+01
-3.290133093117258056e+01
1.135218344075834018e+01
-3.157691270305419451e+01
-1.933826981539280965e+01
-3.608546286076830967e+01
-1.567040049808463387e+01
4.214096171358735177e+01
1.455832443757016215e+01
-4.057420134083417906e+01
-7.157196731533541367e+01
-3.280833793242290142e+01
2.640019333616311314e+01
-3.135871921606635127e+01
1.025613376518705699e+01
-3.838999819751229126e+01
6.709025346120267841e+01
5.892198326444722056e+01
-2.845787871915336709e+01
-3.752201505894450406e+01
-7.767921783934359325e+01
3.878583638279918944e+01
-2.995588324124181767e+01
-7.850124719585519983e+01
-6.129040675009576944e+01
-5.179484254544180999e+01
5.721529628530475264e+01
2.685413543078187359e+01
-1.100779541276583551e+01
-5.787557261707183898e+01
-8.215025656580067448e+01
6.473020001070477747e+01
-2.211960153016624631e+01
-9.039934394472754775e+01
-7.985513005942327425e+01
-1.157300288083878428e+02
1.096455657050903376e+01
-1.050489316164672999e+02
3.415883428760426455e+01
-8.402210093691218162e+01
3.094593607252538447e+01
-3.556832966904090654e+01
-2.207075474888909383e+01
-2.162681452886175748e+01
2.142681868747607510e+01
-8.763861848392254217e+01
-2.464598001728822041e+01
-1.292536072953906512e+02
1.567650725790669526e+02
-6.160750028448268978e+01
1.180275171974628705e+02
-1.136339079175654234e+02
6.143886372925165773e+01
9.087737818601372908e+01
5.591934317993278114e+01
1.032492929193439934e+01
-1.158737085565418283e+02
6.112809077215293030e+01
9.477844525779350704e+01
-6.362161510181699242e+01
4.875086729280754838e+01
-1.154186374339975742e+02
8.372554278804007311e+01
1.834126926981386134e+02
6.164752438883596142e+01
7.233196306542571108e+01
-2.056103398539648310e+02
1.438324595667940855e+02
-1.215002488808753753e+02
-5.790386300646090234e+01
-1.751555334861643018e+02
-2.063192950311875791e+02
7.381250824316970238e+01
4.717843934211963131e+01
3.359001651562068957e+01
1.823133264041287305e+01
-1.413549586498198209e+02
3.910410029775690077e+01
-1.976694455296270121e+02
-3.354790713225024490e+01
-1.440525822219358361e+02
-2.338595165185363669e+02
2.439255097971393482e+01
-2.106005849265100096e+02
1.341956852658654213e+02
-7.053883046992694972e+01
-3.408614155081379948e+01
-5.963677885618453445e+01
-1.845487105907363059e+02
4.771302153425799020e+01
2.723250722691886949e+01
-2.144925479419970600e+02
-7.077839011230365429e+01
-1.756748155254210531e+02
1.876556909920659848e+02
-6.129209600172973893e+01
2.087412567814293141e+01
-4.845458525986489917e+01
-1.776012401091202264e+02
-2.229670520996491589e+01
1.042945031367813247e+00
-2.271760235811539133e+02
-9.285015016413917976e+01
-2.199509833746605807e+02
2.468041478780383216e+02
-3.572401410836242519e+01
1.119253721826915751e+02
-4.493806647885813277e+01
-1.441809196172421537e+02
4.656715352063882563e+01
-1.411039835839913792e+02
-1.205731538310956381e+02
3.094709146002679034e+01
-3.479783068115184506e+02
1.900203313800943192e+02
-2.123965075790232504e+02
2.046803224189150683e+02
-6.541845653163443330e+01
6.215606037771315329e+01
3.365884122762473396e+01
-6.709423488235366051e+01
1.610992264958978240e+02
8.801165668121598173e+01
-2.390567806914741027e+02
5.644950778800882318e+01
-2.045351432251107155e+02
3.022821019154536089e+02
3.888698948287382606e+00
1.119595457934384086e+02
4.312138983009970161e+01
4.096298494275288249e+01
1.994815821324763760e+02
-4.382368747784543928e+01
-2.778512790967470991e+01
-1.146626545994232345e+02
-3.560992141793310140e+01
1.427637346892866503e+02
4.017507512244742784e+00
5.021059011435018249e+01
3.815104610241541394e+01
6.604336508546536777e+01
1.017521396826568889e+02
-1.034976688050091980e+02
-1.819400194034982832e+01
-1.362484710497922151e+02
3.223382704867684367e+01
-3.655274758796646495e+01
-1.044208738912444687e+02
-5.672289468702022219e+01
-3.608167434332302292e+01
5.558885930826573940e+01
-6.585035002245474445e+00
-5.344623827147625406e+01
-1.700153714533363214e+01
-3.796872678751507380e+01
-3.476230417730546662e+01
-6.102398392442591302e+01
-9.078655465041093464e+01
1.518047192178748617e+01
-1.026010931419580174e+02
-1.428961301810544171e+01
-1.132841802199096577e+02
5.363628293258629753e+01
-7.467194431469255100e+00
6.496391507554714728e+00
-6.777229423817122722e+01
-1.406078501742405429e+01
2.538275044441112271e+01
5.211916302173468551e+01
-5.297033761215715231e+01
1.121259437089451083e+01
-9.158108608990025346e+01
6.501052606263792200e+01
-2.387384887781816900e+01
1.638143996241550937e+01
-7.011054273799985026e+01
9.255588111502365933e+00
5.306852695525768837e+01
1.814057652165495327e+01
-2.240001038260126975e+01
-4.054464024451507886e-01
2.562429734958176386e+00
6.085900780110920039e+01
-4.265636042299080088e+01
-3.335342279733082194e+01
-3.591646735519330491e+01
4.056674799170399837e+01
2.386607155004779557e+01
2.325574934057751264e+01
-3.377100484138259873e+01
1.004851803990693959e+01
9.725473015545878397e+00
2.652597715779153376e+01
-4.468327088124210178e+01
-3.111160606440023457e+01
5.958110245835908536e+00
-1.975159555006816348e+01
3.576175195563816089e+01
7.944489397501862982e+01
-2.316402312023145527e+01
-1.646031865373286962e+01
-4.226214738137962001e+01
2.042604422253693741e+01
2.316881301460905362e+01
-3.020762327423328486e+01
-2.570211454704406506e+01
-1.790960643942561958e+01
3.416886764495001927e+01
5.446610013703876518e+01
-2.337801157530335061e+01
4.043537871516063475e+00
-8.569004813989950264e+01
6.278168728018509448e+00
6.802714201463939503e+01
3.008348925008828090e+01
-3.318281392604499391e+00
-2.695464704862183680e+01
2.821716784900882402e+01
4.577188847317657405e+01
-2.706862529091705127e+01
3.850263920934283135e+01
-4.022964033006658013e+01
1.476244269548501187e+01
2.513066342969155897e+01
4.118266799110438825e+01
6.049390900870456278e+01
-1.150725778464687821e+01
5.292840981750862284e+01
-2.359527603605724977e+01
2.645055304649447603e+00
1.821506405020429042e+01
2.318387217610345985e+01
1.385907180846283282e+01
3.789211262794929702e+00
2.408111191300050802e+00
7.663714544482162694e+01
-5.057135246504887505e+01
3.903421762293061903e+01
-3.006807154836729268e+01
8.065572472284156902e+01
-1.747478315744703536e+01
-5.005773843171795789e+01
-6.047186616671181270e+01
2.428536115023708319e+01
4.727032763515251368e+00
4.032708064451396979e+01
-2.645210098893895179e+01
3.407045124805508607e+01
-3.146082379963886311e+01
9.660639256813951192e+01
8.534759633653544597e+01
-2.591988903267553823e+01
-1.716368873521619776e+02
-1.043796131359132744e+02
1.091163111847941281e+01
8.782514468790694195e+01
4.114894662854620577e+01
-5.016945554075262770e+00
3.096351433475658776e+00
1.438519249135840994e+01
1.308923633391261454e+01
-4.131519789200462256e+00
2.759875716174764015e+00
-1.544546549054808615e+01
-1.402929089312806887e+01
4.685720910996952426e+00
1.430061524166569420e+01
-1.660095311878555790e+01
4.331238104302236991e+00
-1.697716917106496837e+01
2.438220379956480244e+01
-6.929147435875430361e+00
4.868422109307624090e+00
-4.538106742434576124e-01
1.324641344248182806e+00
1.382812594653745819e+01
2.340603358852425320e+00
-5.989036773734662589e+00
3.501075778657736670e+00
-1.229257843283731688e+01
2.375386416226167796e+01
2.327425878454304264e+00
1.012204145443813097e+01
-3.483987772848252007e+00
-7.612181363225321462e+00
1.471286907829260571e+01
-2.643909445183144857e+00
1.437470538885007976e+01
-3.119639436436979274e+00
-1.200235890412110606e+01
4.111871958984521847e+00
7.762733789431951692e+00
1.973725404322282628e+01
-9.153344014322488675e+00
-1.287281235167623983e+01
9.624424628505330759e+00
1.818282989428205321e+00
1.148786587980982432e+01
2.067344649600840079e+00
-8.824599811345295919e+00
-9.600250650549606135e+00
-1.838254010423964191e+00
1.086710682501968250e+01
2.068193370259362673e+00
-1.214272874211231645e+01
5.077712809557418661e-01
5.228217627138148416e+00
2.081460204864266217e+01
8.183073155068173676e+00
-7.004717559590596387e+00
-5.930753627773480474e+00
-3.950380738457036411e+00
-5.788560039374051058e+00
1.039310881926214414e+01
-9.138428732877162730e+00
-2.205708242646360340e+00
-9.206408922736736500e+00
3.899340737851117566e+00
8.955089706448893239e+00
1.194436833161426792e+00
-7.872362052967118551e+00
-2.469355226202158526e+00
-4.882476154706341553e+00
1.682762910795114308e+01
-7.703591182920237479e+00
-5.030359345954289907e+00
-1.053297832780096499e+01
-2.763941488953173931e+00
9.496468532890311565e+00
-1.833410503409178460e+01
-7.311105049698769953e+00
4.896447861934125179e+00
1.234653020575533944e+01
1.544968596168298269e+01
-1.481849087675599641e+01
8.362864682568336150e+00
-1.043523175384940416e+01
1.423950228702389786e+01
3.577799986409987198e+00
-1.418705257788804808e+01
-1.298839697181515618e+01
1.962029021185642819e+00
1.815703117907488462e+01
1.540799260542283378e+01
-1.736997840997733178e+01
6.422032568246692996e+00
-2.252814039776945876e+01
2.087214830871452520e+01
-2.303442244183592535e+01
7.849723314932189888e-01
-2.035423811073942346e+01
-5.383530695273587519e+00
-7.556635924875973132e+00
-5.917625290084472134e+00
-5.680419024925622118e+00
3.528968561839523232e+00
-1.975892139900029676e+01
-1.883899274196725759e+00
-2.826807394426113618e+01
9.143802615706071890e+00
-1.815831803813149747e+01
-3.120915326303818915e+01
-2.950840299381410148e+01
-2.374988296815576660e+01
1.658032611599279704e+01
-1.805417756904806481e+01
-1.644848260719056876e+00
-1.771103611614431728e+01
1.383828017874359695e+01
2.218359280723898763e+01
-1.395921280522799179e+01
-1.913209278417038206e+01
-2.940730357697894704e+01
-9.083579416268010576e+00
3.575791926527180209e+01
-2.252213149487642596e+01
1.314941683898944724e+01
-2.261872166019881547e+01
3.433834237059214445e+01
3.528062920717867001e+01
-3.272451560552156469e+00
2.450095316600294737e+01
-3.912428806499814726e+01
3.949874661131210019e+01
5.617283017751738328e+00
-1.375395412562013675e+01
1.684246663819032541e+00
-9.227088361823408746e+00
1.211322145686088980e+01
2.543973851876590331e+01
1.429841186654899454e+00
3.973141671730643054e+01
-4.130939176895540754e+01
3.329970684539159720e+01
-4.493657153057881715e+01
3.668120639691799245e-01
-1.987537861610988088e+01
-2.417686440041546447e+01
-1.320610254805838579e+01
5.642887641316542080e+00
1.226816816176414804e+01
3.714517179736673569e+01
-4.497776977448515368e+01
-5.206058325970287504e-01
-3.467234494303532699e+01
1.837919099682823543e+01
-1.690851595508353356e+01
-4.031070367430466916e+01
-8.407082567807036000e+00
-7.773867780013333117e+00
-2.046350278638583653e+00
3.649102833031059134e+01
-4.957690712626250473e+01
7.151265256541955218e+00
-4.790406935773650332e+01
2.629997478393502064e+01
-1.660642085342810859e+01
-5.269921070387145079e+01
-1.188889818582699398e+01
-2.960326430650924934e+01
1.527544757386691288e+01
2.454663290946191978e+01
-1.443216840560781122e+01
3.417731378336711856e+01
-7.591115153417358385e+01
2.745921765294233818e+00
-5.629683285346118282e+01
-3.412646391884229757e+01
-2.351167700751528855e+01
-4.362547617224387864e+01
3.309164292597261969e+00
-2.001583552502061636e+01
4.126176742454573088e+01
1.062142665696203814e+01
-4.787853587627708407e+01
-1.508028966815676064e+01
-4.879185980453196692e+01
-3.682796285783947354e+00
-9.461550564102385152e+00
-6.547320913973460677e+01
2.437958955812391970e+00
-3.194159437945676316e+01
3.978671922473849065e+01
-1.612022997203900232e+01
-1.727330935225512398e+00
6.596642035849073160e+00
-5.338179901123615068e+00
2.585500683315428105e+01
-2.496162163986885840e+00
-3.016616005698479697e+01
7.837251405952947003e+00
-1.635658371985412174e+01
1.933990306833065986e+01
-2.255514677422862135e+01
5.788073446003766387e-01
1.885020155859127300e+01
1.066752758898427089e+01
2.543890039990348129e+01
-2.035766932028991150e+01
1.065035318422105348e+01
-2.705499295888703415e+00
1.295068263982654777e+01
-4.027124207409000789e-01
-1.515872126921765428e+01
-7.262265707194500708e-01
1.304746356985257982e+01
-3.468597909758851738e+00
6.975343767787846261e+00
-1.872296145352231989e+01
1.537270001738998992e+01
-1.851617701987838771e+01
2.072379118213195093e-01
-2.419713339021394560e+01
4.828561357920495567e+00
-3.742903284971963895e+00
-6.258075983522546792e+00
-1.418829852068185282e+01
5.688758439862616756e-01
3.739163594538044588e+00
1.660906301472933722e+00
-1.127606655902387978e+01
-1.039193954693340416e+01
-2.010988723335609052e+01
-1.856263751718138844e+00
-7.768450394873488207e+00
-1.131824406949081485e+01
-1.672446887432010953e+01
-8.046272905592799507e-01
8.712401396087150474e+00
-4.304356142426866150e+00
-5.363466323414020742e+00
-5.610649398312478553e+00
1.316852939647000786e+00
-2.290933197019045409e+00
-9.386893662537556082e+00
-1.293999123710756827e+01
-6.912597825061836510e+00
7.377819326738922712e+00
3.551817397970665535e+00
-8.956096906667214697e+00
-7.189492746543995949e+00
-5.180442594170012072e+00
3.455576983215829401e+00
-3.384569046159635164e+00
-9.975921802404533523e+00
-5.102313013786246465e+00
3.274113418788313634e+00
6.019278022806940243e+00
7.381969302939271671e+00
2.735904355146024702e+00
-5.956801073842876271e+00
-1.512453448299443970e+01
-7.568753352092645770e+00
4.778759722205350613e+00
2.985111865062354930e+00
-3.518470621110286967e+00
-4.751295870889618911e+00
7.413346581164919513e+00
7.449035512736839060e+00
1.374099162481322800e+00
-6.400403323508902176e+00
-1.158472449614139421e+01
-1.703954724520166408e+01
1.534538640034116330e+00
1.250466468141588727e+01
-2.616998344447688307e+00
-2.535556281922622723e+00
-4.433507034616689602e+00
6.550228768060236462e+00
3.187578647231876339e+00
-6.889668800338233368e+00
-9.515886103315120081e+00
-6.239310052678523455e+00
-7.503230049760762022e+00
5.256824757351306054e+00
-4.003252406973052402e+00
1.069171638870764873e+01
-8.307862706337674652e+00
1.130506753463046898e+01
9.114574541537742713e-02
-9.095174526689794314e-01
4.680581107502829852e+00
7.631522687148377670e+00
-2.688566876331428102e+00
1.303627132846008063e+00
-3.219644247297087869e+00
1.604356665997437759e+01
-7.653338510540997897e-01
8.626694054647805032e+00
9.513171186380420252e+00
1.526547118452986851e+01
5.173221319807104202e+00
-9.298359433700996490e+00
5.293207017057340202e+00
5.909868638214712533e+00
1.173525816440965563e+01
7.752386516073766387e+00
-1.743297865108335953e+00
7.604746808845964878e+00
5.817988582832801292e+00
2.030699334486571317e+01
6.225323977890271365e+00
-5.957892508687391953e+00
-1.386618070901390354e+01
-1.507811987789267860e+01
3.176747243350305183e+01
1.450657542104787545e+01
-4.539220977155230763e+00
1.230550649256104467e+00
-6.113141204893395297e+00
5.661957299623902706e+00
6.807001665716835292e-01
