1.938000000000000000e-01
2.138010000000000188e-01
2.338010000000000088e-01
2.538000000000000256e-01
2.738000000000000433e-01
2.938009999999999788e-01
3.138009999999999966e-01
3.337999999999999856e-01
3.560769999999999769e-01
3.770999999999999908e-01
3.971000000000000085e-01
4.171000000000000263e-01
4.371000000000000441e-01
4.571000000000000063e-01
4.770999999999999686e-01
4.971000000000000418e-01
5.171000000000000041e-01
5.371000000000001329e-01
5.570999999999999286e-01
5.771000000000000574e-01
5.970999999999998531e-01
6.171000000000000929e-01
6.370999999999998886e-01
6.571000000000001284e-01
6.771009999999999529e-01
6.971000000000001640e-01
7.170999999999998487e-01
7.371000000000000885e-01
7.570999999999998842e-01
7.771000000000000130e-01
7.971010000000000595e-01
8.193770000000000220e-01
8.404000000000001469e-01
8.603999999999998316e-01
8.804009999999998781e-01
9.003999999999999782e-01
9.203999999999999959e-01
9.403999999999999027e-01
9.604000000000001425e-01
9.803999999999999382e-01
1.000399999999999956e+00
1.020399999999999752e+00
1.040399999999999991e+00
1.060400000000000009e+00
1.080400000000000027e+00
1.100399999999999823e+00
1.120400000000000063e+00
1.140400000000000080e+00
1.160400000000000098e+00
1.180399999999999894e+00
1.200400000000000134e+00
1.220399999999999929e+00
1.240400000000000169e+00
1.260399999999999965e+00
1.282745999999999942e+00
1.303799999999999848e+00
1.323800000000000088e+00
1.343799999999999883e+00
1.363801000000000041e+00
1.383799999999999919e+00
1.403799999999999937e+00
1.423799999999999955e+00
1.443799999999999972e+00
1.463799999999999990e+00
1.483801000000000148e+00
1.503800000000000026e+00
1.523800000000000043e+00
1.543801000000000201e+00
1.563800999999999997e+00
1.583800000000000097e+00
1.603731000000000018e+00
1.623699999999999921e+00
1.643699999999999939e+00
1.663701000000000096e+00
1.683699999999999752e+00
1.703699999999999992e+00
1.723700000000000010e+00
1.746046000000000209e+00
1.767100999999999811e+00
1.787100000000000355e+00
1.807099999999999929e+00
1.827099999999999946e+00
1.847100000000000186e+00
1.867100000000000204e+00
1.887100999999999695e+00
1.907099999999999795e+00
1.927099999999999813e+00
1.947100000000000053e+00
1.967100000000000071e+00
1.987100000000000088e+00
2.007101000000000024e+00
2.027100000000000346e+00
2.047099999999999920e+00
2.067100000000000382e+00
2.087099999999999955e+00
2.107099999999999973e+00
2.127099999999999991e+00
2.147100000000000009e+00
2.167101000000000166e+00
2.187100000000000044e+00
2.207100000000000062e+00
2.229376999999999942e+00
2.250399999999999956e+00
2.270399999999999974e+00
2.290399999999999991e+00
2.310399999999999565e+00
2.330400000000000471e+00
2.350400000000000045e+00
2.370400000000000063e+00
2.390400000000000080e+00
2.410400000000000098e+00
2.430400000000000116e+00
2.450400000000000134e+00
2.470399999999999707e+00
2.490400000000000169e+00
2.510400999999999883e+00
2.530400000000000205e+00
2.550399999999999778e+00
2.570400999999999936e+00
2.590399999999999814e+00
2.610399999999999832e+00
2.630400999999999989e+00
2.650401000000000007e+00
2.670399999999999885e+00
2.692677000000000209e+00
2.713699999999999779e+00
2.733700000000000241e+00
2.753700000000000259e+00
2.773699999999999832e+00
2.793700000000000294e+00
2.813699999999999868e+00
2.833700000000000330e+00
2.853699999999999903e+00
2.873699999999999921e+00
2.893701000000000079e+00
2.913699999999999957e+00
2.933699999999999974e+00
2.953701000000000132e+00
2.973700000000000010e+00
2.993700000000000028e+00
3.013700000000000045e+00
3.033699999999999619e+00
3.053700000000000081e+00
3.073701000000000239e+00
3.093700000000000117e+00
3.113699999999999690e+00
3.133699999999999708e+00
3.156046666666666667e+00
3.177099999999999813e+00
3.197099999999999831e+00
3.217099999999999849e+00
3.237101000000000006e+00
3.257100000000000328e+00
3.277099999999999902e+00
3.297101000000000059e+00
3.317099999999999937e+00
3.337099999999999955e+00
3.357099999999999973e+00
3.377099999999999991e+00
3.397100000000000009e+00
3.417100000000000026e+00
3.437100000000000044e+00
3.457100000000000062e+00
3.477100000000000080e+00
3.497100000000000541e+00
3.517100000000000115e+00
3.537100000000000133e+00
3.557030999999999832e+00
3.577068999999999832e+00
3.597031000000000311e+00
3.619346000000000174e+00
3.640400999999999332e+00
3.660401000000000238e+00
3.680400000000000560e+00
3.700400000000000134e+00
3.720400000000000151e+00
3.740400000000000169e+00
3.760399999999999299e+00
3.780400999999999900e+00
3.800399999999999334e+00
3.820400999999999936e+00
3.840400000000000258e+00
3.860400000000000276e+00
3.880399999999999849e+00
3.900399999999999867e+00
3.920399999999999885e+00
3.940400999999999598e+00
3.960399999999999920e+00
3.980399999999999938e+00
4.000400000000000844e+00
4.020399999999999530e+00
4.040400000000000880e+00
4.060399999999998677e+00
4.080400000000000027e+00
4.102676999999999907e+00
4.123701000000000505e+00
4.143699999999999939e+00
4.163701000000000541e+00
4.183699999999999086e+00
4.203700000000000436e+00
4.223701000000001038e+00
4.243700000000000472e+00
4.263700000000000045e+00
4.283700999999999759e+00
4.303700000000000081e+00
4.323699999999999655e+00
4.343700000000001005e+00
4.363701000000000718e+00
4.383700000000000152e+00
4.403699999999999726e+00
4.423700000000000188e+00
4.443698999999999621e+00
4.463700000000000223e+00
4.483700000000000685e+00
4.503701000000000398e+00
4.523700000000000720e+00
4.543701000000001322e+00
4.565977000000000174e+00
4.586999999999999744e+00
4.607001000000000346e+00
4.626999999999999780e+00
4.647001000000000381e+00
4.666999999999999815e+00
4.687000000000000277e+00
4.706999999999999851e+00
4.727000000000000313e+00
4.747001000000000026e+00
4.767000000000000348e+00
4.786999999999999922e+00
4.806999999999999496e+00
4.827001000000000097e+00
4.846999999999999531e+00
4.867000000000000881e+00
4.887000000000000455e+00
4.907000000000000028e+00
4.927001000000000630e+00
4.947001000000000204e+00
4.967000000000000526e+00
4.986999999999999211e+00
5.006999999999999673e+00
5.029346000000000316e+00
5.050399999999999778e+00
5.070400000000000240e+00
5.090399999999999814e+00
5.110400000000000276e+00
5.130400999999999989e+00
5.150400999999999563e+00
5.170399999999999885e+00
5.190400000000000347e+00
5.210399999999999920e+00
5.230400000000000382e+00
5.250399999999999068e+00
5.270399999999999530e+00
5.290399999999999991e+00
5.310399999999999565e+00
5.330400000000000027e+00
5.350400000000000489e+00
5.370400999999999314e+00
5.390399999999999636e+00
5.410399999999999210e+00
5.430400000000000560e+00
5.450400000000000134e+00
5.470400000000000595e+00
5.492677000000000476e+00
5.513700000000000045e+00
5.533699999999999619e+00
5.553700000000000081e+00
5.573699999999999655e+00
5.593700000000001005e+00
5.613699999999998802e+00
5.633700000000000152e+00
5.653700000000000614e+00
5.673700000000000188e+00
5.693700000000000649e+00
5.713701000000000363e+00
5.733700000000000685e+00
5.753699999999999370e+00
5.773700999999999084e+00
5.793701000000000434e+00
5.813703999999999539e+00
5.833704000000000889e+00
5.853702000000001071e+00
5.873701999999998868e+00
5.893699999999999051e+00
5.913700000000000401e+00
5.933699999999999974e+00
5.955977000000000743e+00
5.977000000000000313e+00
5.996999999999999886e+00
6.016999999999999460e+00
6.036999999999999922e+00
6.056999999999999496e+00
6.077000000000000846e+00
6.097000000000000419e+00
6.117000000000000881e+00
6.137000000000000455e+00
6.157000000000000028e+00
6.177000000000000490e+00
6.197016000000000524e+00
6.217000000000000526e+00
6.237007000000001078e+00
6.257000999999998925e+00
6.277000000000000135e+00
6.297003000000000128e+00
6.317001000000000310e+00
6.337000999999999884e+00
6.357000000000001094e+00
6.376999999999998892e+00
6.397000000000001130e+00
6.417001000000000843e+00
6.439277666666665567e+00
6.460300000000000153e+00
6.480299999999999727e+00
6.500300000000000189e+00
6.520300000000000651e+00
6.540299999999999336e+00
6.560300000000000686e+00
6.580299999999998484e+00
6.600300999999999974e+00
6.620299999999999407e+00
6.640299999999999869e+00
6.660300000000000331e+00
6.680299999999999905e+00
6.700300000000000367e+00
6.720299999999999052e+00
6.740300000000000402e+00
6.760299999999999976e+00
6.780300000000000438e+00
6.800300000000000011e+00
6.820299999999999585e+00
6.840300000000000935e+00
6.860301000000000649e+00
6.880300000000000971e+00
6.902645999999999837e+00
6.923700000000000188e+00
6.943701000000000789e+00
6.963700000000000223e+00
6.983700000000000685e+00
7.003699999999999370e+00
7.023700000000000720e+00
7.043699999999999406e+00
7.063700000000000756e+00
7.083700000000000330e+00
7.103699999999999903e+00
7.123699999999999477e+00
7.143699999999999939e+00
7.163699999999999513e+00
7.183699999999999974e+00
7.203699999999999548e+00
7.223700000000000010e+00
7.243699999999999584e+00
7.263700000000000045e+00
7.283700000000000507e+00
7.303700999999999333e+00
7.323700999999999794e+00
7.343700000000000117e+00
7.365977666666667645e+00
7.387000999999999706e+00
7.407000000000000028e+00
7.427000000000000490e+00
7.446999999999999176e+00
7.467000000000000526e+00
7.486999999999999211e+00
7.507000000000000561e+00
7.526999999999999247e+00
7.547000000000000597e+00
7.567000000000001059e+00
7.586999999999999744e+00
7.607000000000001094e+00
7.626999999999999780e+00
7.647000000000001130e+00
7.666999999999999815e+00
7.686999999999999389e+00
7.706999999999999851e+00
7.726999999999999424e+00
7.746999000000000635e+00
7.767000000000000348e+00
7.786999999999999922e+00
7.807000000000000384e+00
7.829277000000000264e+00
7.850299999999999834e+00
7.870300000000000296e+00
7.890299999999999869e+00
7.910300000000000331e+00
7.930300000000000793e+00
7.950300000000000367e+00
7.970299999999999052e+00
7.990300000000000402e+00
8.010299999999999088e+00
8.030300000000000438e+00
8.050300000000000011e+00
8.070299999999999585e+00
8.090300000000000935e+00
8.110300000000000509e+00
8.130299999999998306e+00
8.150299999999999656e+00
8.170300000000001006e+00
8.190300000000000580e+00
8.210299999999998377e+00
8.230300000000001504e+00
8.250300000000001077e+00
8.270299999999998875e+00
8.290300000000000225e+00
8.312577000000000993e+00
8.333599999999998786e+00
8.353600000000001913e+00
8.373599999999999710e+00
8.393600999999998535e+00
8.413599999999998857e+00
8.433600000000000207e+00
8.453600000000001558e+00
8.473599999999999355e+00
8.493599999999998929e+00
8.513600000000000279e+00
8.533599999999999852e+00
8.553599999999997650e+00
8.573600000000000776e+00
8.593600000000000350e+00
8.613599999999998147e+00
8.633599000000000245e+00
8.653599000000001595e+00
8.673600000000000421e+00
8.693599999999999994e+00
8.713600000000001344e+00
8.733600000000000918e+00
8.753599000000001240e+00
8.775945999999997582e+00
8.797000000000000597e+00
8.817000000000000171e+00
8.836999999999997968e+00
8.857000000000001094e+00
8.877000000000000668e+00
8.896999999999998465e+00
8.916999999999999815e+00
8.937000000000001165e+00
8.957000000000000739e+00
8.977000000000000313e+00
8.997000000000001663e+00
9.017000000000001236e+00
9.036999999999999034e+00
9.057000000000000384e+00
9.076999999999999957e+00
9.097000000000001307e+00
9.116999999999999105e+00
9.137000000000000455e+00
9.157000000000000028e+00
9.176999999999999602e+00
9.196999999999999176e+00
9.217000000000000526e+00
9.239276999999999518e+00
9.260299999999999088e+00
9.280300000000000438e+00
9.300300000000000011e+00
9.320299999999999585e+00
9.340300000000000935e+00
9.360300000000000509e+00
9.380299999999998306e+00
9.400299999999999656e+00
9.420300000000001006e+00
9.440300000000000580e+00
9.460299999999998377e+00
9.480300000000001504e+00
9.500300000000001077e+00
9.520299999999998875e+00
9.540300000000000225e+00
9.560300000000001575e+00
9.580300000000001148e+00
9.600299999999998946e+00
9.620299999999998519e+00
9.640299999999999869e+00
9.660299999999999443e+00
9.680300000000000793e+00
9.702576999999999785e+00
9.723599999999997578e+00
9.743599999999998929e+00
9.763600000000000279e+00
9.783599999999999852e+00
9.803600999999998677e+00
9.823601000000000028e+00
9.843600000000000350e+00
9.863599999999998147e+00
9.883599999999999497e+00
9.903600000000000847e+00
9.923600000000000421e+00
9.943599999999999994e+00
9.963600000000001344e+00
9.983600000000000918e+00
1.000359999999999872e+01
1.002360000000000007e+01
1.004360000000000142e+01
1.006360000000000099e+01
1.008359999999999879e+01
1.010360000000000191e+01
1.012359999999999971e+01
1.014359999999999928e+01
1.016359999999999886e+01
1.018587699999999785e+01
1.020689999999999920e+01
1.022689999999999877e+01
1.024690100000000115e+01
1.026690099999999894e+01
1.028689999999999927e+01
1.030690000000000062e+01
1.032690000000000019e+01
1.034689999999999799e+01
1.036689999999999934e+01
1.038690000000000069e+01
1.040690000000000026e+01
1.042689999999999806e+01
1.044690000000000119e+01
1.046690000000000076e+01
1.048689999999999856e+01
1.050690100000000093e+01
1.052690000000000126e+01
1.054690099999999831e+01
1.056689999999999863e+01
1.058690000000000175e+01
1.060690100000000058e+01
1.062689999999999912e+01
1.064924599999999799e+01
1.067030000000000101e+01
1.069030000000000058e+01
1.071030099999999941e+01
1.073030000000000150e+01
1.075030000000000108e+01
1.077029999999999887e+01
1.079030000000000022e+01
1.081029999999999980e+01
1.083030000000000115e+01
1.085029999999999895e+01
1.087029999999999852e+01
1.089029999999999987e+01
1.091029999999999944e+01
1.093030000000000079e+01
1.095030000000000214e+01
1.097030000000000172e+01
1.099029999999999774e+01
1.101029999999999909e+01
1.103030000000000044e+01
1.105030000000000001e+01
1.107029999999999959e+01
1.109030000000000094e+01
1.111257699999999993e+01
1.113359999999999950e+01
1.115359999999999907e+01
1.117360000000000042e+01
1.119359999999999999e+01
1.121359700000000004e+01
1.123360000000000092e+01
1.125360099999999974e+01
1.127360100000000109e+01
1.129360000000000142e+01
1.131360000000000099e+01
1.133359999999999879e+01
1.135360000000000191e+01
1.137360000000000149e+01
1.139359999999999928e+01
1.141359999999999886e+01
1.143360000000000021e+01
1.145360000000000156e+01
1.147359999999999758e+01
1.149359999999999893e+01
1.151360100000000131e+01
1.153360099999999910e+01
1.155360199999999971e+01
1.157587766666666518e+01
1.159690099999999902e+01
1.161689999999999934e+01
1.163690199999999919e+01
1.165690099999999774e+01
1.167690099999999909e+01
1.169690200000000146e+01
1.171690100000000001e+01
1.173690099999999781e+01
1.175690300000000121e+01
1.177689999999999948e+01
1.179690099999999831e+01
1.181690099999999966e+01
1.183690099999999923e+01
1.185690300000000086e+01
1.187689999999999912e+01
1.189690100000000150e+01
1.191690299999999780e+01
1.193690099999999887e+01
1.195690100000000022e+01
1.197689999999999877e+01
1.199690000000000012e+01
1.201689999999999969e+01
1.203917700000000046e+01
1.206020000000000181e+01
1.208019999999999783e+01
1.210019999999999918e+01
1.212020000000000053e+01
1.214020000000000010e+01
1.216019999999999968e+01
1.218020100000000028e+01
1.220020099999999985e+01
1.222019999999999840e+01
1.224020100000000078e+01
1.226020100000000035e+01
1.228020000000000067e+01
1.230019999999999847e+01
1.232020000000000159e+01
1.234020000000000117e+01
1.236019999999999897e+01
1.238020000000000032e+01
1.240019999999999989e+01
1.242020000000000124e+01
1.244019999999999904e+01
1.246019999999999861e+01
1.248019999999999996e+01
1.250019999999999953e+01
1.252254599999999840e+01
1.254360000000000142e+01
1.256360000000000099e+01
1.258359999999999879e+01
1.260360000000000191e+01
1.262360100000000074e+01
1.264359999999999928e+01
1.266359999999999886e+01
1.268360000000000021e+01
1.270360000000000156e+01
1.272359999999999758e+01
1.274359999999999893e+01
1.276360000000000028e+01
1.278359999999999985e+01
1.280360099999999868e+01
1.282360100000000003e+01
1.284360099999999960e+01
1.286360099999999740e+01
1.288360100000000230e+01
1.290359999999999907e+01
1.292360000000000042e+01
1.294359999999999999e+01
1.296360000000000134e+01
1.298587699999999856e+01
1.300689999999999991e+01
1.302689999999999948e+01
1.304690099999999831e+01
1.306689999999999863e+01
1.308690000000000175e+01
1.310690000000000133e+01
1.312689999999999912e+01
1.314689999999999692e+01
1.316690100000000108e+01
1.318690099999999887e+01
1.320690099999999845e+01
1.322690300000000008e+01
1.324690100000000115e+01
1.326690300000000100e+01
1.328690200000000132e+01
1.330691500000000005e+01
1.332690000000000019e+01
1.334689999999999799e+01
1.336689999999999934e+01
1.338690000000000069e+01
1.340690000000000026e+01
1.342689999999999806e+01
1.344917700000000060e+01
1.347019999999999840e+01
1.349019999999999975e+01
1.351020000000000110e+01
1.353020000000000067e+01
1.355019999999999847e+01
1.357019999999999804e+01
1.359020299999999892e+01
1.361020099999999822e+01
1.363020900000000069e+01
1.365020399999999867e+01
1.367020400000000002e+01
1.369020100000000006e+01
1.371020299999999992e+01
1.373020999999999781e+01
1.375020699999999785e+01
1.377020900000000125e+01
1.379020700000000055e+01
1.381020600000000087e+01
1.383020499999999942e+01
1.385020100000000198e+01
1.387020000000000053e+01
1.389020099999999935e+01
1.391247700000000087e+01
1.393350099999999969e+01
1.395349999999999824e+01
1.397349999999999959e+01
1.399349999999999916e+01
1.401350000000000051e+01
1.403350099999999934e+01
1.405350000000000144e+01
1.407350000000000101e+01
1.409350099999999983e+01
1.411349999999999838e+01
1.413350000000000151e+01
1.415350000000000108e+01
1.417349999999999888e+01
1.419349999999999845e+01
1.421350000000000158e+01
1.423350000000000115e+01
1.425349999999999895e+01
1.427350000000000030e+01
1.429350100000000090e+01
1.431349999999999767e+01
1.433349999999999902e+01
1.435350100000000140e+01
1.437349999999999994e+01
1.439584599999999881e+01
1.441690000000000182e+01
1.443690000000000140e+01
1.445689999999999920e+01
1.447689999999999699e+01
1.449690000000000190e+01
1.451690000000000147e+01
1.453689999999999927e+01
1.455690000000000062e+01
1.457690000000000197e+01
1.459689999999999799e+01
1.461689999999999934e+01
1.463690000000000069e+01
1.465690000000000026e+01
1.467689999999999806e+01
1.469689999999999941e+01
1.471690000000000076e+01
1.473690000000000033e+01
1.475689999999999813e+01
1.477689999999999948e+01
1.479690000000000083e+01
1.481690000000000040e+01
1.483690000000000175e+01
1.485917855555555533e+01
1.488019999999999854e+01
1.490019999999999989e+01
1.492020100000000049e+01
1.494020099999999829e+01
1.496019999999999861e+01
1.498019999999999996e+01
1.500019999999999953e+01
1.502019999999999733e+01
1.504020099999999971e+01
1.506020099999999928e+01
1.508020099999999708e+01
1.510020100000000198e+01
1.512020100000000156e+01
1.514020099999999935e+01
1.516019999999999968e+01
1.518020099999999850e+01
1.520020100000000163e+01
1.522019999999999840e+01
1.524020100000000078e+01
1.526020100000000213e+01
1.528020000000000067e+01
1.530019999999999847e+01
1.532247855555555560e+01
1.534349999999999881e+01
1.536350100000000118e+01
1.538350099999999898e+01
1.540350000000000108e+01
1.542350099999999991e+01
1.544349999999999667e+01
1.546350000000000158e+01
1.548350000000000115e+01
1.550349999999999895e+01
1.552350100000000133e+01
1.554350000000000165e+01
1.556349999999999767e+01
1.558349999999999902e+01
1.560350000000000037e+01
1.562349999999999994e+01
1.564349999999999774e+01
1.566349999999999909e+01
1.568350000000000044e+01
1.570350000000000001e+01
1.572349999999999781e+01
1.574349999999999916e+01
1.576350000000000051e+01
1.578577700000000306e+01
1.580680000000000085e+01
1.582680000000000042e+01
1.584679999999999822e+01
1.586679999999999957e+01
1.588680000000000092e+01
1.590680000000000049e+01
1.592680000000000184e+01
1.594680000000000319e+01
1.596679999999999922e+01
1.598679999999999701e+01
1.600679999999999836e+01
1.602680000000000149e+01
1.604680000000000106e+01
1.606679999999999708e+01
1.608680000000000021e+01
1.610680000000000334e+01
1.612679999999999936e+01
1.614679999999999893e+01
1.616679999999999851e+01
1.618679999999999808e+01
1.620680000000000121e+01
1.622680000000000078e+01
1.624680000000000035e+01
1.626914599999999922e+01
1.629020099999999971e+01
1.631020299999999779e+01
1.633020199999999988e+01
1.635020199999999946e+01
1.637020600000000314e+01
1.639021100000000075e+01
1.641021899999999789e+01
1.643021699999999896e+01
1.645022344444444684e+01
1.647021700000000166e+01
1.649021899999999974e+01
1.651021799999999828e+01
1.653021199999999880e+01
1.655020299999999978e+01
1.657020400000000038e+01
1.659020900000000154e+01
1.661020399999999952e+01
1.663020099999999957e+01
1.665020299999999764e+01
1.667020200000000330e+01
1.669020299999999679e+01
1.671020099999999786e+01
1.673248033333333140e+01
1.675350200000000100e+01
1.677350099999999955e+01
1.679350100000000268e+01
1.681350099999999870e+01
1.683350099999999827e+01
1.685350100000000140e+01
1.687350099999999742e+01
1.689350100000000054e+01
1.691350099999999657e+01
1.693349999999999866e+01
1.695350100000000282e+01
1.697350099999999884e+01
1.699350099999999841e+01
1.701350000000000406e+01
1.703350099999999756e+01
1.705350100000000069e+01
1.707350100000000381e+01
1.709349999999999881e+01
1.711350000000000193e+01
1.713350099999999898e+01
1.715350000000000108e+01
1.717350000000000065e+01
1.719577700000000320e+01
1.721680100000000024e+01
1.723680000000000234e+01
1.725679999999999836e+01
1.727680000000000149e+01
1.729680100000000209e+01
1.731679999999999708e+01
1.733680000000000021e+01
1.735680000000000334e+01
1.737679999999999936e+01
1.739679999999999893e+01
1.741679999999999851e+01
1.743679999999999808e+01
1.745680000000000121e+01
1.747680000000000078e+01
1.749680099999999783e+01
1.751680000000000348e+01
1.753679699999999997e+01
1.755679999999999907e+01
1.757680000000000220e+01
1.759679999999999822e+01
1.761679999999999779e+01
1.763680000000000092e+01
1.765907699999999991e+01
1.768009999999999948e+01
1.770010000000000261e+01
1.772009999999999863e+01
1.774010099999999923e+01
1.776009999999999778e+01
1.778009999999999735e+01
1.780010399999999748e+01
1.782010799999999762e+01
1.784009799999999757e+01
1.786010000000000275e+01
1.788009999999999877e+01
1.790009999999999835e+01
1.792010000000000147e+01
1.794009999999999749e+01
1.796010000000000062e+01
1.798010000000000375e+01
1.800009999999999977e+01
1.802009999999999934e+01
1.804010100000000349e+01
1.806009999999999849e+01
1.808010000000000161e+01
1.810010400000000175e+01
1.812247033333333590e+01
1.814351299999999867e+01
1.816350400000000320e+01
1.818350299999999820e+01
1.820350599999999730e+01
1.822350099999999884e+01
1.824350199999999944e+01
1.826350200000000257e+01
1.828350099999999756e+01
1.830350100000000069e+01
1.832350100000000381e+01
1.834350099999999628e+01
1.836350099999999941e+01
1.838349999999999795e+01
1.840350099999999856e+01
1.842350100000000168e+01
1.844350099999999770e+01
1.846349999999999980e+01
1.848350000000000293e+01
1.850349999999999895e+01
1.852349999999999852e+01
1.854349999999999454e+01
1.856349999999999767e+01
1.858350000000000080e+01
1.860577700000000334e+01
1.862679999999999936e+01
1.864679999999999893e+01
1.866679999999999851e+01
1.868679999999999808e+01
1.870680000000000121e+01
1.872680000000000078e+01
1.874680000000000035e+01
1.876680000000000348e+01
1.878679999999999950e+01
1.880679999999999907e+01
1.882680000000000220e+01
1.884679999999999822e+01
1.886679999999999779e+01
1.888679999999999737e+01
1.890679999999999694e+01
1.892680000000000007e+01
1.894679999999999609e+01
1.896679999999999922e+01
1.898680000000000234e+01
1.900679999999999836e+01
1.902680099999999896e+01
1.904680000000000106e+01
1.906907700000000361e+01
1.909010099999999710e+01
1.911010100000000023e+01
1.913010099999999980e+01
1.915010099999999937e+01
1.917010299999999745e+01
1.919010300000000413e+01
1.921010800000000529e+01
1.923010599999999926e+01
1.925010500000000135e+01
1.927010299999999887e+01
1.929010399999999947e+01
1.931010099999999952e+01
1.933010399999999862e+01
1.935010600000000025e+01
1.937010600000000338e+01
1.939010299999999987e+01
1.941010099999999738e+01
1.943010100000000051e+01
1.945010000000000261e+01
1.947010099999999966e+01
1.949010099999999923e+01
1.951009999999999778e+01
1.953237855555555669e+01
1.955339999999999989e+01
1.957340000000000302e+01
1.959339999999999904e+01
1.961339999999999861e+01
1.963339999999999463e+01
1.965339999999999776e+01
1.967340000000000089e+01
1.969339999999999691e+01
1.971340000000000003e+01
1.973340000000000316e+01
1.975339999999999918e+01
1.977339999999999876e+01
1.979340000000000188e+01
1.981339999999999790e+01
1.983339999999999748e+01
1.985340000000000416e+01
1.987339999999999662e+01
1.989339999999999975e+01
1.991339999999999932e+01
1.993339999999999890e+01
1.995340099999999950e+01
1.997339999999999804e+01
1.999574599999999691e+01
2.001680000000000348e+01
2.003679999999999950e+01
2.005679999999999907e+01
2.007680000000000220e+01
2.009679999999999822e+01
2.011680099999999882e+01
2.013680100000000195e+01
2.015680099999999797e+01
2.017680199999999857e+01
2.019680100000000422e+01
2.021680100000000024e+01
2.023680199999999729e+01
2.025680300000000500e+01
2.027680399999999850e+01
2.029681000000000424e+01
2.031680800000000175e+01
2.033680800000000133e+01
2.035680799999999735e+01
2.037680800000000048e+01
2.039680800000000360e+01
2.041680500000000009e+01
2.043680600000000425e+01
2.045680300000000074e+01
2.047908344444444140e+01
2.050010099999999724e+01
2.052010100000000037e+01
2.054009999999999536e+01
2.056010099999999952e+01
2.058010200000000012e+01
2.060010099999999511e+01
2.062010000000000076e+01
2.064010100000000136e+01
2.066009999999999991e+01
2.068009999999999948e+01
2.070010000000000261e+01
2.072009999999999863e+01
2.074009999999999820e+01
2.076009999999999778e+01
2.078009999999999735e+01
2.080010000000000048e+01
2.082010000000000005e+01
2.084009999999999962e+01
2.086010000000000275e+01
2.088009999999999877e+01
2.090009999999999835e+01
2.092010000000000502e+01
2.094237700000000402e+01
2.096340099999999751e+01
2.098340199999999811e+01
2.100339999999999918e+01
2.102340099999999978e+01
2.104340000000000188e+01
2.106340199999999641e+01
2.108339999999999748e+01
2.110340100000000163e+01
2.112340099999999765e+01
2.114340099999999723e+01
2.116340300000000241e+01
2.118340099999999637e+01
2.120340099999999950e+01
2.122340099999999907e+01
2.124340099999999865e+01
2.126340199999999925e+01
2.128340099999999779e+01
2.130340499999999793e+01
2.132340200000000152e+01
2.134340400000000315e+01
2.136340699999999515e+01
2.138340699999999828e+01
2.140575811111110838e+01
2.142681100000000427e+01
2.144674700000000200e+01
2.146671999999999869e+01
2.148676999999999992e+01
2.150675399999999726e+01
2.152670999999999779e+01
2.154670100000000232e+01
2.156670000000000087e+01
2.158670000000000044e+01
2.160670000000000357e+01
2.162669999999999959e+01
2.164669999999999916e+01
2.166669999999999519e+01
2.168669999999999831e+01
2.170670000000000144e+01
2.172669999999999746e+01
2.174669999999999703e+01
2.176670000000000371e+01
2.178669999999999618e+01
2.180669999999999931e+01
2.182670000000000243e+01
2.184669999999999845e+01
2.186904666666666586e+01
2.189010000000000034e+01
2.191009999999999991e+01
2.193009999999999948e+01
2.195010100000000008e+01
2.197009999999999863e+01
2.199010000000000176e+01
2.201009699999999825e+01
2.203009999999999735e+01
2.205010000000000403e+01
2.207010000000000005e+01
2.209009999999999962e+01
2.211010000000000275e+01
2.213010300000000186e+01
2.215009999999999835e+01
2.217010000000000502e+01
2.219009999999999749e+01
2.221010000000000062e+01
2.223009999999999664e+01
2.225009999999999977e+01
2.227010000000000289e+01
2.229009999999999536e+01
2.231009999999999849e+01
2.233010000000000161e+01
2.235237700000000416e+01
2.237340000000000018e+01
2.239340199999999825e+01
2.241339999999999932e+01
2.243339999999999890e+01
2.245340000000000202e+01
2.247339999999999804e+01
2.249340000000000117e+01
2.251340599999999981e+01
2.253340299999999630e+01
2.255341799999999708e+01
2.257341699999999918e+01
2.259341299999999819e+01
2.261340799999999618e+01
2.263340600000000080e+01
2.265340500000000290e+01
2.267340599999999995e+01
2.269340300000000354e+01
2.271340099999999751e+01
2.273340299999999914e+01
2.275340199999999413e+01
2.277340099999999978e+01
2.279340100000000291e+01
2.281568111111111463e+01
2.283670299999999997e+01
2.285670299999999955e+01
2.287670600000000221e+01
2.289670599999999467e+01
2.291670300000000182e+01
2.293670600000000093e+01
2.295670900000000358e+01
2.297671000000000063e+01
2.299670700000000423e+01
2.301671000000000333e+01
2.303670899999999833e+01
2.305670499999999734e+01
2.307670999999999850e+01
2.309670300000000509e+01
2.311670099999999906e+01
2.313670300000000069e+01
2.315670099999999820e+01
2.317670000000000030e+01
2.319670100000000090e+01
2.321670299999999543e+01
2.323670299999999855e+01
2.325670600000000121e+01
2.327905088888888940e+01
2.330010700000000057e+01
2.332011299999999565e+01
2.334010800000000430e+01
2.336010000000000275e+01
2.338010699999999886e+01
2.340003100000000202e+01
2.342006900000000158e+01
2.344009999999999749e+01
2.346003100000000430e+01
2.348006900000000385e+01
2.350003099999999989e+01
2.351999999999999957e+01
2.354006900000000257e+01
2.356003099999999861e+01
2.358000000000000185e+01
2.359999999999999787e+01
2.362000099999999847e+01
2.364001699999999673e+01
2.366001099999999724e+01
2.368000700000000336e+01
2.370000699999999938e+01
2.372000600000000148e+01
2.374235155555555821e+01
2.376340000000000430e+01
2.378340500000000191e+01
2.380340100000000092e+01
2.382340100000000405e+01
2.384340400000000315e+01
2.386340200000000067e+01
2.388340099999999566e+01
2.390340899999999991e+01
2.392341899999999910e+01
2.394340099999999438e+01
2.396340000000000003e+01
2.398340000000000316e+01
2.400339999999999918e+01
2.402339999999999876e+01
2.404340000000000188e+01
2.406339999999999790e+01
2.408340000000000103e+01
2.410339999999999705e+01
2.412340000000000018e+01
2.414340000000000330e+01
2.416339999999999932e+01
2.418339999999999890e+01
2.420340000000000202e+01
2.422567700000000102e+01
2.424669999999999703e+01
2.426670000000000371e+01
2.428669999999999618e+01
2.430669600000000230e+01
2.432670000000000243e+01
2.434669999999999845e+01
2.436669999999999803e+01
2.438670000000000115e+01
2.440669999999999717e+01
2.442669900000000283e+01
2.444669999999999632e+01
2.446669999999999945e+01
2.448670000000000258e+01
2.450669999999999860e+01
2.452669999999999817e+01
2.454670000000000130e+01
2.456670000000000087e+01
2.458670000000000044e+01
2.460670000000000357e+01
2.462669999999999959e+01
2.464669999999999916e+01
2.466669999999999519e+01
2.468897699999999773e+01
2.471000000000000085e+01
2.473000000000000043e+01
2.475000000000000000e+01
2.476999999999999957e+01
2.479000000000000270e+01
2.480999999999999872e+01
2.483000000000000185e+01
2.484999999999999787e+01
2.486999999999999744e+01
2.489000000000000412e+01
2.491000000000000014e+01
2.492999999999999972e+01
2.495000000000000284e+01
2.496999999999999886e+01
2.498999999999999844e+01
2.501000000000000512e+01
2.502999999999999758e+01
2.505000000000000071e+01
2.506999899999999570e+01
2.508999999999999986e+01
2.511000000000000298e+01
2.512999999999999545e+01
2.515234599999999787e+01
2.517340000000000089e+01
2.519339999999999691e+01
2.521339899999999901e+01
2.523340000000000316e+01
2.525339999999999918e+01
2.527339999999999876e+01
2.529340000000000188e+01
2.531339999999999790e+01
2.533333100000000115e+01
2.535330000000000439e+01
2.537336900000000028e+01
2.539333100000000343e+01
2.541330500000000114e+01
2.543338600000000227e+01
2.545334799999999831e+01
2.547338300000000189e+01
2.549334100000000092e+01
2.551330300000000051e+01
2.553330199999999550e+01
2.555330199999999863e+01
2.557330599999999876e+01
2.559330199999999422e+01
2.561564933333333371e+01
2.563670200000000321e+01
2.565670500000000231e+01
2.567670000000000030e+01
2.569670400000000043e+01
2.571670399999999646e+01
2.573671599999999771e+01
2.575672099999999531e+01
2.577669999999999817e+01
2.579670000000000130e+01
2.581670000000000087e+01
2.583670000000000044e+01
2.585669999999999646e+01
2.587669999999999604e+01
2.589669999999999916e+01
2.591669799999999668e+01
2.593669999999999831e+01
2.595670000000000144e+01
2.597669999999999746e+01
2.599669999999999703e+01
2.601670000000000371e+01
2.603669599999999917e+01
2.605669999999999931e+01
2.607897699999999830e+01
2.609999999999999787e+01
2.611999999999999744e+01
2.614000000000000412e+01
2.616000000000000014e+01
2.617999999999999972e+01
2.619999999999999929e+01
2.621999999999999531e+01
2.623999999999999844e+01
2.625999999999999801e+01
2.627999999999999758e+01
2.630000000000000071e+01
2.631999999999999673e+01
2.633999999999999986e+01
2.636000000000000298e+01
2.637999999999999545e+01
2.639999999999999858e+01
2.642000000000000171e+01
2.643999999999999773e+01
2.646000000000000085e+01
2.648000000000000043e+01
2.650000000000000000e+01
2.651999999999999957e+01
2.654000000000000270e+01
2.656227699999999814e+01
2.658330000000000126e+01
2.660329999999999728e+01
2.662329999999999686e+01
2.664329999999999998e+01
2.666329999999999600e+01
2.668329999999999913e+01
2.670330000000000226e+01
2.672329999999999472e+01
2.674329999999999785e+01
2.676330000000000098e+01
2.678329999999999700e+01
2.680330000000000013e+01
2.682329999999999970e+01
2.684329999999999927e+01
2.686329999999999885e+01
2.688330200000000403e+01
2.690329999999999799e+01
2.692330099999999860e+01
2.694330100000000172e+01
2.696330000000000027e+01
2.698330000000000339e+01
2.700329999999999941e+01
2.702564599999999828e+01
2.704670499999999933e+01
2.706670300000000040e+01
2.708670800000000156e+01
2.710671200000000169e+01
2.712671299999999519e+01
2.714670900000000131e+01
2.716670599999999780e+01
2.718670700000000195e+01
2.720670499999999947e+01
2.722671000000000063e+01
2.724670300000000012e+01
2.726670599999999922e+01
2.728670799999999730e+01
2.730672000000000210e+01
2.732670000000000243e+01
2.734663099999999858e+01
2.736666899999999814e+01
2.738663099999999773e+01
2.740660000000000096e+01
2.742666899999999686e+01
2.744663100000000000e+01
2.746659999999999613e+01
2.748894599999999855e+01
2.750999999999999801e+01
2.752999999999999758e+01
2.755000000000000071e+01
2.756999999999999673e+01
2.758999999999999986e+01
2.761000000000000298e+01
2.762999999999999545e+01
2.764999999999999858e+01
2.767000000000000171e+01
2.768999999999999773e+01
2.771000000000000085e+01
2.773000000000000043e+01
2.775000000000000000e+01
2.776999999999999957e+01
2.778999800000000064e+01
2.780999999999999872e+01
2.783000000000000185e+01
2.784999999999999787e+01
2.786999899999999997e+01
2.788999899999999954e+01
2.791000000000000014e+01
2.792999800000000121e+01
2.795227555555555909e+01
2.797329999999999472e+01
2.799329999999999785e+01
2.801330000000000098e+01
2.803329999999999700e+01
2.805330000000000013e+01
2.807329999999999970e+01
2.809329999999999927e+01
2.811329999999999885e+01
2.813330000000000197e+01
2.815329999999999799e+01
2.817330000000000112e+01
2.819329999999999714e+01
2.821330000000000027e+01
2.823330000000000339e+01
2.825329999999999941e+01
2.827329999999999899e+01
2.829330000000000211e+01
2.831329999999999814e+01
2.833330000000000126e+01
2.835329999999999728e+01
2.837329999999999686e+01
2.839329999999999998e+01
2.841329999999999600e+01
2.843557711111110820e+01
2.845659999999999812e+01
2.847660000000000124e+01
2.849660000000000082e+01
2.851660000000000039e+01
2.853659999999999641e+01
2.855660000000000309e+01
2.857660000000000267e+01
2.859659999999999869e+01
2.861659999999999826e+01
2.863660000000000139e+01
2.865660000000000096e+01
2.867660000000000053e+01
2.869659999999999656e+01
2.871659999999999613e+01
2.873660000000000281e+01
2.875659999999999172e+01
2.877659999999999840e+01
2.879659999999999798e+01
2.881659999999999400e+01
2.883660000000000068e+01
2.885660000000000025e+01
2.887659999999999627e+01
2.889894599999999869e+01
2.892000000000000171e+01
2.893999999999999773e+01
2.896000000000000441e+01
2.898000000000000043e+01
2.900000000000000000e+01
2.901999999999999957e+01
2.904000000000000270e+01
2.906000000000000227e+01
2.908000000000000185e+01
2.909999999999999787e+01
2.911999999999999744e+01
2.914000000000000412e+01
2.916000000000000014e+01
2.917999999999999972e+01
2.919999799999999368e+01
2.921999999999999531e+01
2.923999999999999488e+01
2.925999999999999801e+01
2.927999999999999758e+01
2.930000000000000426e+01
2.931999999999999318e+01
2.933999999999999986e+01
2.936227711111111205e+01
2.938330000000000197e+01
2.940330000000000155e+01
2.942330000000000112e+01
2.944329999999999714e+01
2.946330000000000382e+01
2.948330000000000339e+01
2.950329999999999941e+01
2.952329999999999899e+01
2.954330000000000211e+01
2.956330000000000169e+01
2.958330000000000126e+01
2.960329999999999728e+01
2.962329999999999686e+01
2.964330000000000354e+01
2.966329999999999245e+01
2.968329999999999913e+01
2.970329999999999870e+01
2.972329999999999472e+01
2.974330000000000140e+01
2.976330000000000098e+01
2.978329999999999700e+01
2.980330000000000368e+01
2.982557711111111587e+01
2.984659999999999869e+01
2.986659999999999826e+01
2.988660000000000139e+01
2.990660000000000096e+01
2.992660000000000053e+01
2.994659999999999656e+01
2.996659999999999613e+01
2.998660000000000281e+01
3.000659999999999172e+01
3.002659999999999840e+01
3.004659999999999798e+01
3.006659999999999400e+01
3.008660000000000068e+01
3.010660000000000025e+01
3.012659999999999627e+01
3.014660000000000295e+01
3.016660000000000252e+01
3.018659999999999854e+01
3.020659999999999812e+01
3.022660000000000124e+01
3.024660000000000082e+01
3.026660000000000039e+01
3.028887711111111969e+01
3.030989999999999540e+01
3.032990000000000208e+01
3.034989999999999810e+01
3.036989999999999768e+01
3.038989999999999725e+01
3.040989999999999327e+01
3.042989999999999995e+01
3.044989999999999952e+01
3.046989999999999554e+01
3.048990000000000222e+01
3.050990000000000180e+01
3.052989999999999782e+01
3.054990000000000450e+01
3.056990000000000052e+01
3.058990000000000009e+01
3.060989999999999966e+01
3.062990000000000279e+01
3.064990000000000236e+01
3.066990000000000194e+01
3.068989999999999796e+01
3.070989999999999753e+01
3.072990000000000421e+01
3.074990000000000023e+01
3.077224599999999555e+01
3.079330000000000211e+01
3.081330000000000169e+01
3.083330000000000126e+01
3.085329999999999728e+01
3.087329999999999686e+01
3.089330000000000354e+01
3.091329999999999245e+01
3.093329999999999913e+01
3.095329999999999870e+01
3.097329999999999472e+01
3.099330000000000140e+01
3.101330000000000098e+01
3.103329999999999700e+01
3.105330000000000368e+01
3.107329999999999970e+01
3.109329999999999927e+01
3.111329999999999885e+01
3.113330000000000197e+01
3.115330000000000155e+01
3.117330000000000112e+01
3.119329999999999714e+01
3.121330000000000382e+01
3.123557711111111246e+01
3.125659999999999172e+01
3.127659999999999840e+01
3.129659999999999798e+01
3.131659999999999400e+01
3.133660000000000068e+01
3.135660000000000025e+01
3.137659999999999627e+01
3.139660000000000295e+01
3.141660000000000252e+01
3.143659999999999854e+01
3.145659999999999812e+01
3.147660000000000124e+01
3.149660000000000082e+01
3.151660000000000039e+01
3.153659999999999641e+01
3.155660000000000309e+01
3.157660000000000267e+01
3.159659999999999869e+01
3.161659999999999826e+01
3.163660000000000139e+01
3.165660000000000096e+01
3.167660000000000053e+01
3.169887711111111273e+01
3.171989999999999554e+01
3.173990000000000222e+01
3.175990000000000180e+01
3.177989999999999782e+01
3.179990000000000450e+01
3.181990000000000052e+01
3.183990000000000009e+01
3.185989999999999966e+01
3.187990000000000279e+01
3.189990000000000236e+01
3.191990000000000194e+01
3.193989999999999796e+01
3.195989999999999753e+01
3.197990000000000421e+01
3.199990000000000023e+01
3.201989999999999981e+01
3.203989999999998872e+01
3.205989999999999895e+01
3.207990000000000208e+01
3.209989999999999100e+01
3.211990000000000123e+01
3.213990000000000435e+01
3.216217711111110589e+01
3.218319999999999936e+01
3.220320000000000249e+01
3.222319999999999851e+01
3.224320000000000164e+01
3.226319999999999766e+01
3.228320000000000078e+01
3.230320000000000391e+01
3.232319999999999993e+01
3.234319999999999595e+01
3.236319999999999908e+01
3.238319999999998799e+01
3.240319999999999823e+01
3.242320000000000135e+01
3.244319999999999027e+01
3.246320000000000050e+01
3.248320000000000363e+01
3.250319999999999254e+01
3.252320000000000277e+01
3.254320000000000590e+01
3.256319999999999482e+01
3.258320000000000505e+01
3.260320000000000107e+01
3.262319999999999709e+01
3.264554599999999596e+01
3.266660000000000252e+01
3.268659999999999854e+01
3.270660000000000878e+01
3.272659999999999769e+01
3.274660000000000082e+01
3.276660000000000394e+01
3.278659899999999539e+01
3.280660000000000309e+01
3.282659999999999911e+01
3.284659999999999513e+01
3.286660000000000537e+01
3.288659999999999428e+01
3.290659999999999741e+01
3.292660000000000053e+01
3.294659999999998945e+01
3.296659999999999968e+01
3.298660000000000281e+01
3.300659899999999425e+01
3.302660000000000196e+01
3.304660000000000508e+01
3.306659999999999400e+01
3.308660000000000423e+01
3.310887711111111287e+01
3.312989999999999924e+01
3.314990000000000236e+01
3.316989999999999839e+01
3.318989999999999441e+01
3.320990000000000464e+01
3.322989999999999355e+01
3.324989999999999668e+01
3.326989999999999981e+01
3.328989999999998872e+01
3.330989999999999895e+01
3.332990000000000208e+01
3.334989999999999100e+01
3.336990000000000123e+01
3.338990000000000435e+01
3.340989999999999327e+01
3.342990000000000350e+01
3.344990000000000663e+01
3.346989999999999554e+01
3.348990000000000578e+01
3.350990000000000180e+01
3.352989999999999782e+01
3.354990000000000805e+01
3.357217711111111669e+01
3.359319999999999595e+01
3.361319999999999908e+01
3.363319999999998799e+01
3.365319999999999823e+01
3.367320000000000135e+01
3.369319999999999027e+01
3.371320000000000050e+01
3.373320000000000363e+01
3.375319999999999254e+01
3.377320000000000277e+01
3.379320000000000590e+01
3.381319999999999482e+01
3.383320000000000505e+01
3.385320000000000107e+01
3.387319999999999709e+01
3.389320000000000732e+01
3.391320000000000334e+01
3.393319999999999936e+01
3.395320000000000249e+01
3.397319999999999851e+01
3.399320000000000164e+01
3.401319999999999766e+01
3.403547700000000020e+01
3.405649999999999977e+01
3.407650000000000290e+01
3.409649999999999181e+01
3.411650000000000205e+01
3.413650000000000517e+01
3.415649999999999409e+01
3.417650000000000432e+01
3.419650000000000745e+01
3.421649999999999636e+01
3.423650000000000659e+01
3.425650000000000261e+01
3.427649999999999864e+01
3.429650000000000176e+01
3.431649999999999778e+01
3.433650000000000091e+01
3.435649999999999693e+01
3.437650000000000006e+01
3.439650000000000318e+01
3.441650000000000631e+01
3.443649999999999523e+01
3.445650000000000546e+01
3.447649999999999437e+01
3.449649999999999750e+01
3.451884599999999637e+01
3.453989999999998872e+01
3.455989999999999895e+01
3.457990000000000208e+01
3.459989999999999100e+01
3.461990000000000123e+01
3.463990000000000435e+01
3.465989999999999327e+01
3.467990000000000350e+01
3.469990000000000663e+01
3.471989999999999554e+01
3.473990000000000578e+01
3.475990000000000180e+01
3.477989999999999782e+01
3.479990000000000805e+01
3.481989999999999696e+01
3.483990000000000009e+01
3.485990000000000322e+01
3.487989999999999924e+01
3.489990000000000236e+01
3.491989999999999839e+01
3.493989999999999441e+01
3.495990000000000464e+01
3.498217700000000718e+01
3.500319999999999254e+01
3.502320000000000277e+01
3.504320000000000590e+01
3.506319999999999482e+01
3.508320000000000505e+01
3.510320000000000107e+01
3.512319999999999709e+01
3.514320000000000732e+01
3.516320000000000334e+01
3.518319999999999936e+01
3.520320000000000249e+01
3.522319999999999851e+01
3.524320000000000164e+01
3.526319999999999766e+01
3.528320000000000078e+01
3.530320000000000391e+01
3.532319999999999993e+01
3.534319999999999595e+01
3.536319999999999908e+01
3.538319999999998799e+01
3.540319999999999823e+01
3.542320000000000135e+01
3.544547699999999679e+01
3.546649999999999636e+01
3.548650000000000659e+01
3.550650000000000261e+01
3.552649999999999864e+01
3.554650000000000176e+01
3.556649999999999778e+01
3.558650000000000091e+01
3.560649999999999693e+01
3.562650000000000006e+01
3.564650000000000318e+01
3.566650000000000631e+01
3.568649999999999523e+01
3.570650000000000546e+01
3.572649999999999437e+01
3.574649999999999750e+01
3.576650000000000063e+01
3.578649999999998954e+01
3.580649999999999977e+01
3.582650000000000290e+01
3.584649999999999181e+01
3.586650000000000205e+01
3.588650000000000517e+01
3.590877700000000061e+01
3.592980000000000018e+01
3.594980000000001041e+01
3.596979999999999933e+01
3.598980000000000246e+01
3.600980000000000558e+01
3.602979999999999450e+01
3.604980000000000473e+01
3.606979999999999364e+01
3.608979999999999677e+01
3.610979999999999990e+01
3.612979999999998881e+01
3.614979999999999905e+01
3.616980000000000217e+01
3.618979999999999109e+01
3.620980000000000132e+01
3.622980000000000445e+01
3.624979999999999336e+01
3.626980000000000359e+01
3.628980000000000672e+01
3.630979999999999563e+01
3.632980000000000587e+01
3.634980000000000189e+01
3.637214599999999365e+01
3.639320000000000732e+01
3.641320000000000334e+01
3.643319999999999936e+01
3.645320000000000249e+01
3.647319999999999851e+01
3.649320000000000164e+01
3.651319999999999766e+01
3.653320000000000078e+01
3.655320000000000391e+01
3.657319999999999283e+01
3.659320000000000306e+01
3.661319999999999908e+01
3.663319999999998799e+01
3.665320000000000533e+01
3.667320000000000135e+01
3.669319999999999027e+01
3.671320000000000050e+01
3.673320000000000363e+01
3.675319999999999254e+01
3.677320000000000277e+01
3.679320000000000590e+01
3.681319999999999482e+01
3.683320000000000505e+01
3.685547700000000049e+01
3.687650000000000006e+01
3.689649999999999608e+01
3.691649999999999210e+01
3.693650000000000233e+01
3.695650000000000546e+01
3.697649999999998727e+01
3.699650000000000460e+01
3.701650000000000063e+01
3.703649999999998954e+01
3.705649999999999977e+01
3.707650000000000290e+01
3.709649999999999181e+01
3.711650000000000205e+01
3.713650000000000517e+01
3.715649999999999409e+01
3.717650000000000432e+01
3.719650000000000745e+01
3.721649999999999636e+01
3.723649999999999238e+01
3.725650000000000261e+01
3.727649999999999864e+01
3.729650000000000176e+01
3.731877700000000431e+01
3.733980000000000388e+01
3.735979999999999990e+01
3.737979999999998881e+01
3.739979999999999905e+01
3.741980000000000217e+01
3.743979999999999109e+01
3.745980000000000132e+01
3.747980000000000445e+01
3.749979999999999336e+01
3.751980000000000359e+01
3.753980000000000672e+01
3.755979999999999563e+01
3.757979999999999876e+01
3.759980000000000189e+01
3.761979999999999791e+01
3.763980000000000814e+01
3.765979999999999706e+01
3.767980000000000018e+01
3.769979999999999620e+01
3.771979999999999933e+01
3.773979999999999535e+01
3.775980000000000558e+01
3.778207700000000102e+01
3.780310000000000059e+01
3.782310000000000372e+01
3.784309999999999263e+01
3.786310000000000286e+01
3.788310000000000599e+01
3.790309999999999491e+01
3.792310000000000514e+01
3.794310000000000116e+01
3.796309999999999718e+01
3.798310000000000741e+01
3.800310000000000343e+01
3.802309999999999945e+01
3.804309999999999548e+01
3.806309999999999860e+01
3.808309999999999462e+01
3.810310000000000485e+01
3.812310000000000088e+01
3.814310000000000400e+01
3.816309999999999292e+01
3.818310000000000315e+01
3.820309999999999917e+01
3.822309999999998809e+01
3.824544600000000116e+01
3.826650000000000063e+01
3.828649999999998954e+01
3.830649999999999977e+01
3.832650000000000290e+01
3.834649999999999181e+01
3.836650000000000205e+01
3.838650000000000517e+01
3.840649999999999409e+01
3.842650000000000432e+01
3.844650000000000745e+01
3.846649999999999636e+01
3.848649999999999238e+01
3.850650000000000261e+01
3.852649999999999864e+01
3.854650000000000176e+01
3.856649999999999778e+01
3.858650000000000091e+01
3.860649999999999693e+01
3.862650000000000006e+01
3.864649999999999608e+01
3.866649999999999210e+01
3.868650000000000233e+01
3.870650000000000546e+01
3.872877688888890191e+01
3.874979999999999336e+01
3.876980000000000359e+01
3.878980000000000672e+01
3.880979999999999563e+01
3.882979999999999876e+01
3.884980000000000189e+01
3.886979999999999791e+01
3.888980000000000814e+01
3.890979999999999706e+01
3.892980000000000018e+01
3.894979999999999620e+01
3.896979999999999933e+01
3.898979999999999535e+01
3.900980000000000558e+01
3.902980000000000160e+01
3.904980000000000473e+01
3.906979999999998654e+01
3.908980000000000388e+01
3.910979999999999990e+01
3.912979999999998881e+01
3.914979999999999905e+01
3.916980000000000217e+01
3.919207688888889152e+01
3.921309999999999718e+01
3.923310000000000741e+01
3.925310000000000343e+01
3.927309999999999945e+01
3.929309999999999548e+01
3.931309999999999860e+01
3.933309999999999462e+01
3.935310000000000485e+01
3.937310000000000088e+01
3.939310000000000400e+01
3.941309999999999292e+01
3.943310000000000315e+01
3.945309999999999917e+01
3.947309999999998809e+01
3.949310000000000542e+01
3.951310000000000144e+01
3.953309999999999036e+01
3.955310000000000059e+01
3.957310000000000372e+01
3.959309999999999263e+01
3.961310000000000286e+01
3.963310000000000599e+01
3.965537688888888113e+01
3.967640000000000100e+01
3.969640000000000413e+01
3.971640000000000015e+01
3.973640000000000327e+01
3.975639999999999930e+01
3.977640000000000242e+01
3.979639999999999844e+01
3.981639999999998736e+01
3.983640000000000470e+01
3.985640000000000072e+01
3.987639999999998963e+01
3.989639999999999986e+01
3.991640000000000299e+01
3.993639999999999191e+01
3.995640000000000214e+01
3.997640000000000526e+01
3.999639999999999418e+01
4.001640000000000441e+01
4.003640000000000754e+01
4.005639999999999645e+01
4.007640000000000668e+01
4.009640000000000271e+01
4.011874599999998736e+01
4.013980000000000814e+01
4.015979999999999706e+01
4.017980000000000018e+01
4.019979999999999620e+01
4.021979999999999933e+01
4.023979999999999535e+01
4.025980000000000558e+01
4.027980000000000160e+01
4.029980000000000473e+01
4.031979999999998654e+01
4.033980000000000388e+01
4.035979999999999990e+01
4.037979999999998881e+01
4.039979999999999905e+01
4.041980000000000217e+01
4.043979999999999109e+01
4.045980000000000132e+01
4.047980000000000445e+01
4.049979999999999336e+01
4.051980000000000359e+01
4.053980000000000672e+01
4.055979999999999563e+01
4.057979999999999876e+01
4.060207688888888811e+01
4.062310000000000088e+01
4.064310000000000400e+01
4.066309999999999292e+01
4.068310000000000315e+01
4.070309999999999917e+01
4.072309999999998809e+01
4.074310000000000542e+01
4.076310000000000144e+01
4.078309999999999036e+01
4.080310000000000059e+01
4.082310000000000372e+01
4.084309999999999263e+01
4.086310000000000286e+01
4.088310000000000599e+01
4.090309999999999491e+01
4.092310000000000514e+01
4.094310000000000116e+01
4.096309999999999718e+01
4.098310000000000741e+01
4.100310000000000343e+01
4.102309999999999945e+01
4.104309999999999548e+01
4.106537688888889193e+01
4.108640000000000470e+01
4.110640000000000072e+01
4.112639999999998963e+01
4.114639999999999986e+01
4.116640000000000299e+01
4.118639999999999191e+01
4.120640000000000214e+01
4.122640000000000526e+01
4.124639999999999418e+01
4.126640000000000441e+01
4.128640000000000754e+01
4.130639999999999645e+01
4.132640000000000668e+01
4.134640000000000271e+01
4.136639999999999873e+01
4.138639999999999475e+01
4.140639999999999787e+01
4.142640000000000100e+01
4.144640000000000413e+01
4.146640000000000015e+01
4.148640000000000327e+01
4.150639999999999930e+01
4.152874588888889207e+01
4.154973100000000130e+01
4.156970000000000454e+01
4.158969999999999345e+01
4.160970000000000368e+01
4.162970000000000681e+01
4.164969999999999573e+01
4.166970000000000596e+01
4.168970000000000198e+01
4.170969999999999800e+01
4.172969999999999402e+01
4.174969999999999715e+01
4.176970000000000027e+01
4.178970000000000340e+01
4.180969999999999942e+01
4.182970000000000255e+01
4.184969999999999857e+01
4.186970000000000169e+01
4.188969999999999771e+01
4.190969999999998663e+01
4.192970000000000397e+01
4.194969999999999999e+01
4.196969999999998890e+01
4.199204588888889589e+01
4.201310000000000144e+01
4.203309999999999036e+01
4.205310000000000059e+01
4.207310000000000372e+01
4.209309999999999263e+01
4.211310000000000286e+01
4.213310000000000599e+01
4.215309999999999491e+01
4.217310000000000514e+01
4.219310000000000116e+01
4.221309999999999718e+01
4.223310000000000741e+01
4.225310000000000343e+01
4.227309999999999945e+01
4.229309999999999548e+01
4.231309999999999860e+01
4.233309999999999462e+01
4.235310000000000485e+01
4.237310000000000088e+01
4.239310000000000400e+01
4.241309999999999292e+01
4.243310000000000315e+01
4.245537688888888539e+01
4.247640000000000526e+01
4.249639999999999418e+01
4.251640000000000441e+01
4.253640000000000754e+01
4.255639999999999645e+01
4.257640000000000668e+01
