2.841333333333333488e-01
2.843999999999999861e-01
2.841888888888888798e-01
2.847888888888888692e-01
2.845777777777777628e-01
2.843666666666666565e-01
2.847555555555555395e-01
2.843222222222222539e-01
2.844999999999999751e-01
2.845888888888888912e-01
2.838666666666667115e-01
2.844444444444444442e-01
2.840777777777778179e-01
2.846555555555554951e-01
2.844333333333333158e-01
2.847444444444444112e-01
2.840666666666666895e-01
2.839444444444444438e-01
2.845666666666666900e-01
2.842222222222222094e-01
2.845555555555555616e-01
2.844444444444444997e-01
2.846888888888888802e-01
2.840444444444444327e-01
2.847444444444444112e-01
2.840555555555555611e-01
2.844444444444443887e-01
2.844444444444443887e-01
2.844666666666666455e-01
2.844666666666666455e-01
2.842777777777777959e-01
2.842999999999999972e-01
2.841111111111110921e-01
2.843777777777777849e-01
2.841000000000000192e-01
2.843777777777777849e-01
2.844444444444444442e-01
2.841333333333333488e-01
2.841777777777777514e-01
2.841888888888888798e-01
2.844111111111111145e-01
2.841111111111110921e-01
2.843666666666666565e-01
2.845444444444443777e-01
2.842444444444444107e-01
2.843777777777777849e-01
2.841666666666666785e-01
2.840444444444444327e-01
2.842999999999999416e-01
2.845333333333333048e-01
2.846333333333333493e-01
2.842222222222222650e-01
2.845111111111111035e-01
2.840666666666666895e-01
2.842999999999999972e-01
2.842888888888889243e-01
2.845222222222221764e-01
2.839777777777777734e-01
2.841444444444444217e-01
2.840888888888888908e-01
2.843555555555555836e-01
2.841333333333333488e-01
2.839000000000000412e-01
2.844555555555555171e-01
2.843888888888888578e-01
2.843666666666666565e-01
2.839555555555555721e-01
2.841333333333333488e-01
2.841333333333333488e-01
2.840666666666666895e-01
2.843111111111111255e-01
2.842444444444444107e-01
2.844333333333333158e-01
2.846111111111110925e-01
2.845333333333333048e-01
2.843111111111111255e-01
2.844555555555555171e-01
2.842111111111111366e-01
2.842444444444444662e-01
2.845222222222221764e-01
2.847111111111110815e-01
2.841000000000000192e-01
2.844777777777777739e-01
2.841666666666666785e-01
2.841222222222222205e-01
2.841333333333333488e-01
2.845111111111111035e-01
2.844555555555555171e-01
2.841444444444444772e-01
2.843999999999999861e-01
2.840111111111111586e-01
2.842222222222222094e-01
2.843222222222221984e-01
2.842111111111111366e-01
2.840888888888888908e-01
2.843222222222222539e-01
2.841222222222221649e-01
2.843222222222221984e-01
2.845333333333333048e-01
2.842222222222222650e-01
2.843666666666666010e-01
2.843777777777777849e-01
2.843666666666666565e-01
2.841888888888888798e-01
2.844777777777777739e-01
2.843666666666666565e-01
2.839777777777777734e-01
2.842555555555555391e-01
2.842222222222222094e-01
2.840666666666666895e-01
2.840444444444443772e-01
2.842111111111111366e-01
2.844333333333333158e-01
2.837444444444444658e-01
2.841000000000000192e-01
2.840888888888888908e-01
2.844999999999999751e-01
2.843666666666666565e-01
2.842222222222222650e-01
2.840666666666666340e-01
2.843333333333333268e-01
2.840888888888888908e-01
2.840555555555555056e-01
2.841222222222222205e-01
2.843333333333333268e-01
2.841333333333333488e-01
2.842111111111111366e-01
2.844666666666666455e-01
2.843444444444444552e-01
2.840666666666666895e-01
2.840888888888888908e-01
2.842999999999999972e-01
2.843666666666667120e-01
2.841777777777777514e-01
2.841222222222222205e-01
2.843555555555555281e-01
2.844333333333333158e-01
2.843999999999999861e-01
2.842777777777777404e-01
2.840777777777778179e-01
2.841666666666666785e-01
2.842222222222222650e-01
2.845222222222221764e-01
2.841555555555555501e-01
2.840000000000000302e-01
2.843666666666666565e-01
2.841444444444444772e-01
2.842888888888889243e-01
2.840111111111111031e-01
2.844111111111111700e-01
2.842111111111111366e-01
2.839777777777777734e-01
2.843222222222221984e-01
2.843222222222221984e-01
2.843111111111110700e-01
2.841888888888889353e-01
2.840999999999999637e-01
2.842222222222222094e-01
2.840666666666666895e-01
2.844666666666666455e-01
2.845333333333333048e-01
2.842999999999999972e-01
2.844333333333333158e-01
2.843555555555555281e-01
2.843999999999999861e-01
2.842999999999999972e-01
2.843444444444444552e-01
2.843444444444444552e-01
2.841111111111110921e-01
2.838999999999999857e-01
2.842222222222222094e-01
2.842222222222222650e-01
2.843333333333333268e-01
2.842111111111111366e-01
2.846222222222221654e-01
2.838999999999999857e-01
2.842999999999999972e-01
2.842222222222222094e-01
2.844777777777777739e-01
2.842444444444444662e-01
2.845999999999999641e-01
2.845222222222222319e-01
2.839555555555555721e-01
2.844666666666666455e-01
2.844111111111111700e-01
2.842666666666666675e-01
2.840000000000000302e-01
2.842222222222222094e-01
2.843444444444444552e-01
2.843333333333333268e-01
2.842777777777777959e-01
2.844999999999999751e-01
2.844666666666666455e-01
2.845111111111110480e-01
2.844444444444444442e-01
2.838888888888889128e-01
2.845111111111110480e-01
2.842777777777777959e-01
2.841777777777777514e-01
2.846333333333333493e-01
2.840444444444444327e-01
2.841666666666666785e-01
2.843111111111110700e-01
2.838888888888889128e-01
2.842111111111111366e-01
2.845555555555555616e-01
2.840888888888888908e-01
2.841444444444444772e-01
2.845111111111111035e-01
2.844111111111111145e-01
2.844999999999999751e-01
2.845555555555555616e-01
2.839333333333333709e-01
2.842555555555555391e-01
2.842777777777777404e-01
2.845222222222221764e-01
2.842222222222222094e-01
2.847999999999999421e-01
2.843555555555555281e-01
2.841555555555555501e-01
2.843222222222221984e-01
2.846111111111110925e-01
2.842000000000000082e-01
2.842666666666666675e-01
2.845777777777777628e-01
2.843999999999999861e-01
2.844111111111111145e-01
2.838444444444443993e-01
2.842111111111111366e-01
2.840333333333333599e-01
2.843777777777777294e-01
2.840333333333333043e-01
2.842111111111111366e-01
2.841444444444444772e-01
2.844333333333333158e-01
2.845444444444444332e-01
2.844222222222221874e-01
2.845666666666666345e-01
2.842666666666666675e-01
2.843888888888888578e-01
2.843777777777777294e-01
2.843777777777777294e-01
2.842777777777777959e-01
2.842000000000000082e-01
2.842777777777778514e-01
2.843999999999999861e-01
2.841666666666666785e-01
2.842666666666666675e-01
2.842333333333333378e-01
2.845333333333333048e-01
2.844444444444444442e-01
2.845888888888888912e-01
2.841111111111111476e-01
2.843888888888888578e-01
2.843777777777777849e-01
2.841777777777778069e-01
2.839111111111111141e-01
2.842666666666666675e-01
2.843777777777777849e-01
2.837777777777777954e-01
2.845555555555555616e-01
2.845222222222221764e-01
2.839333333333333709e-01
2.843111111111110700e-01
2.844444444444444442e-01
2.842111111111111366e-01
2.842888888888889243e-01
2.844777777777777739e-01
2.840888888888888908e-01
2.836444444444444768e-01
2.835999999999999632e-01
2.832555555555555382e-01
2.833777777777777840e-01
2.832555555555555937e-01
2.832888888888888679e-01
2.826444444444444759e-01
2.823333333333333250e-01
2.821888888888888780e-01
2.815111111111111564e-01
2.808444444444444521e-01
2.806111111111111445e-01
2.801444444444444737e-01
2.792888888888889198e-01
2.789555555555555677e-01
2.782333333333333325e-01
2.778888888888888520e-01
2.772666666666666613e-01
2.766111111111110854e-01
2.761666666666666714e-01
2.757000000000000561e-01
2.752777777777777324e-01
2.745666666666666256e-01
2.741888888888888709e-01
2.742111111111110722e-01
2.735555555555555518e-01
2.729222222222222327e-01
2.727888888888888586e-01
2.726000000000000090e-01
2.726111111111111374e-01
2.721888888888888691e-01
2.723999999999999755e-01
2.723999999999999755e-01
2.722888888888888581e-01
2.725222222222222213e-01
2.724555555555555064e-01
2.731111111111110823e-01
2.731888888888889255e-01
2.732555555555555848e-01
2.738666666666666472e-01
2.739000000000000323e-01
2.745222222222222230e-01
2.750999999999999557e-01
2.752111111111111286e-01
2.756888888888889277e-01
2.766666666666666718e-01
2.768777777777777782e-01
2.774999999999999689e-01
2.784444444444444389e-01
2.787777777777777910e-01
2.795555555555556126e-01
2.800777777777778144e-01
2.812000000000000055e-01
2.815222222222222848e-01
2.823666666666666547e-01
2.833333333333333259e-01
2.837555555555555942e-01
2.850222222222222324e-01
2.855888888888888921e-01
2.865555555555555078e-01
2.870222222222222341e-01
2.879777777777777770e-01
2.889000000000000457e-01
2.889333333333333198e-01
2.893222222222222029e-01
2.901333333333333542e-01
2.906555555555555559e-01
2.911555555555555563e-01
2.917444444444444729e-01
2.918777777777777915e-01
2.920999999999999708e-01
2.928888888888889208e-01
2.925222222222221280e-01
2.931666666666666310e-01
2.934222222222222509e-01
2.935333333333333683e-01
2.933444444444444077e-01
2.933999999999999941e-01
2.933444444444444077e-01
2.932888888888889323e-01
2.927111111111110886e-01
2.925444444444444403e-01
2.922888888888889314e-01
2.919444444444444509e-01
2.914222222222221936e-01
2.912555555555555453e-01
2.897555555555555440e-01
2.892222222222222694e-01
2.885444444444444367e-01
2.875000000000000333e-01
2.865111111111111053e-01
2.859777777777778307e-01
2.845222222222221764e-01
2.834222222222221865e-01
2.825333333333333030e-01
2.810888888888888881e-01
2.806333333333332902e-01
2.793333333333333224e-01
2.786888888888888749e-01
2.770333333333332981e-01
2.765777777777777557e-01
2.754666666666666930e-01
2.748111111111111171e-01
2.739333333333333620e-01
2.733111111111111713e-01
2.724777777777778187e-01
2.723111111111111149e-01
2.716444444444444661e-01
2.713222222222222424e-01
2.708999999999999186e-01
2.709888888888889458e-01
2.708666666666666445e-01
2.707111111111111246e-01
2.708111111111110580e-01
2.712555555555555831e-01
2.711777777777777398e-01
2.714888888888888907e-01
2.719111111111111034e-01
2.721777777777777962e-01
2.725333333333332941e-01
2.733555555555555738e-01
2.740888888888888819e-01
2.748666666666666480e-01
2.749666666666666370e-01
2.762111111111111295e-01
2.766444444444444151e-01
2.773999999999999799e-01
2.780777777777777571e-01
2.790555555555555567e-01
2.799888888888888427e-01
2.806111111111111445e-01
2.813555555555555809e-01
2.826555555555555488e-01
2.836777777777778065e-01
2.848111111111111260e-01
2.855333333333333612e-01
2.862777777777777977e-01
2.871777777777778096e-01
2.884444444444443922e-01
2.889999999999999791e-01
2.899777777777777787e-01
2.909888888888889080e-01
2.917222222222222716e-01
2.925444444444444958e-01
2.929111111111110666e-01
2.936666666666666869e-01
2.943222222222222073e-01
2.945888888888889001e-01
2.954333333333332701e-01
2.959333333333333260e-01
2.960111111111111137e-01
2.956222222222222862e-01
2.956000000000000294e-01
2.955444444444444430e-01
2.953777777777777391e-01
2.950999999999999179e-01
2.943888888888888666e-01
2.937888888888888772e-01
2.928777777777777924e-01
2.924333333333333229e-01
2.919888888888889089e-01
2.907333333333333436e-01
2.901444444444444271e-01
2.891444444444444262e-01
2.883333333333333304e-01
2.876000000000000778e-01
2.860111111111110493e-01
2.850333333333333052e-01
2.843777777777777294e-01
2.833333333333333814e-01
2.823111111111111238e-01
2.812333333333333352e-01
2.803777777777777258e-01
2.795666666666666855e-01
2.789222222222222380e-01
2.777333333333333876e-01
2.771555555555555994e-01
2.761555555555555985e-01
2.758555555555555205e-01
2.753555555555555756e-01
2.752444444444444582e-01
2.746999999999999442e-01
2.736444444444444679e-01
2.736000000000000654e-01
2.738555555555555743e-01
2.732555555555555293e-01
2.730999999999999539e-01
2.731777777777778526e-01
2.736111111111111382e-01
2.737555555555555298e-01
2.739777777777777645e-01
2.743888888888888489e-01
2.749333333333333629e-01
2.753999999999999226e-01
2.759555555555555650e-01
2.768444444444444485e-01
2.767777777777777337e-01
2.777111111111111863e-01
2.785777777777777575e-01
2.794555555555555681e-01
2.807111111111110779e-01
2.814111111111111119e-01
2.823888888888888560e-01
2.837000000000000077e-01
2.846666666666666234e-01
2.855333333333333057e-01
2.865222222222221782e-01
2.877888888888888719e-01
2.886222222222221689e-01
2.897222222222222143e-01
2.906000000000000250e-01
2.914444444444443949e-01
2.923333333333333339e-01
2.931222222222222284e-01
2.940333333333333132e-01
2.949222222222221967e-01
2.953222222222222082e-01
2.957444444444444764e-01
2.962777777777778065e-01
2.966777777777777625e-01
2.960888888888889015e-01
2.961777777777777065e-01
2.956888888888888900e-01
2.958999999999999964e-01
2.948111111111110794e-01
2.942444444444444751e-01
2.935222222222221844e-01
2.927999999999999492e-01
2.921000000000000263e-01
2.913000000000000589e-01
2.899111111111111194e-01
2.887111111111111406e-01
2.872666666666666702e-01
2.861000000000000210e-01
2.849222222222222434e-01
2.831111111111110912e-01
2.818111111111111233e-01
2.805333333333333012e-01
2.789888888888888974e-01
2.775000000000000244e-01
2.760555555555555540e-01
2.743666666666666476e-01
2.728444444444443895e-01
2.715777777777777513e-01
2.704111111111111021e-01
2.694111111111111567e-01
2.682666666666666533e-01
2.673666666666666969e-01
2.673666666666666414e-01
2.668111111111111100e-01
2.665888888888889308e-01
2.670000000000000151e-01
2.675777777777777477e-01
2.686555555555555364e-01
2.692333333333333245e-01
2.701000000000000068e-01
2.718111111111111144e-01
2.726666666666666128e-01
2.741777777777777980e-01
2.757333333333333303e-01
2.769222222222222363e-01
2.787000000000000033e-01
2.802888888888888652e-01
2.816888888888888776e-01
2.830111111111111022e-01
2.849111111111110595e-01
2.866222222222222227e-01
2.881666666666666266e-01
2.899333333333333207e-01
2.915000000000000369e-01
2.927222222222222170e-01
2.938888888888888662e-01
2.949444444444443980e-01
2.955888888888889010e-01
2.959555555555555273e-01
2.960222222222221866e-01
2.956777777777777616e-01
2.954666666666667107e-01
2.944555555555555260e-01
2.931666666666666310e-01
2.923111111111110771e-01
2.904333333333333211e-01
2.891222222222222804e-01
2.876555555555555532e-01
2.858888888888888591e-01
2.840999999999999637e-01
2.826111111111110907e-01
2.805000000000000271e-01
2.786666666666666736e-01
2.772888888888889181e-01
2.750111111111111506e-01
2.737111111111111272e-01
2.716333333333333377e-01
2.700222222222221635e-01
2.687111111111111228e-01
2.671111111111110770e-01
2.663999999999999702e-01
2.656888888888888633e-01
2.647333333333333205e-01
2.641222222222221472e-01
2.646666666666666612e-01
2.651888888888889184e-01
2.647777777777777786e-01
2.651666666666667171e-01
2.656333333333333324e-01
2.662333333333333774e-01
2.667222222222221939e-01
2.672555555555555795e-01
2.682666666666666533e-01
2.692999999999999838e-01
2.703333333333333144e-01
2.712777777777777843e-01
2.723999999999999755e-01
2.735111111111111493e-01
2.749222222222222345e-01
2.765888888888888286e-01
2.777666666666667172e-01
2.788666666666667071e-01
2.804888888888889542e-01
2.821444444444444200e-01
2.832555555555555937e-01
2.854333333333333722e-01
2.867555555555555413e-01
2.883222222222222020e-01
2.894888888888889067e-01
2.911111111111110983e-01
2.922111111111110882e-01
2.923555555555555352e-01
2.930333333333333679e-01
2.928666666666666085e-01
2.922333333333333449e-01
2.917333333333333445e-01
2.910222222222222377e-01
2.892555555555555435e-01
2.883666666666666600e-01
2.871111111111110947e-01
2.851999999999999535e-01
2.836555555555555497e-01
2.818444444444444530e-01
2.807444444444444631e-01
2.787111111111110762e-01
2.774666666666666393e-01
2.758333333333333748e-01
2.742666666666666031e-01
2.729222222222222327e-01
2.715222222222222204e-01
2.709555555555555606e-01
2.695777777777778050e-01
2.687111111111111228e-01
2.677222222222222503e-01
2.675888888888888761e-01
2.673555555555556240e-01
2.668444444444444397e-01
2.667222222222222494e-01
2.668555555555555681e-01
2.671222222222222054e-01
2.674666666666666859e-01
2.677666666666667084e-01
2.688666666666665872e-01
2.691666666666666652e-01
2.696222222222222631e-01
2.707555555555555271e-01
2.717777777777777848e-01
2.725333333333332941e-01
2.736777777777777421e-01
2.746888888888888158e-01
2.756666666666667265e-01
2.765888888888888841e-01
2.769888888888888956e-01
2.783999999999999808e-01
2.787000000000000033e-01
2.798333333333333228e-01
2.807999999999999385e-01
2.813666666666667093e-01
2.814777777777777712e-01
2.825666666666666327e-01
2.830444444444444319e-01
2.835111111111110471e-01
2.841888888888888798e-01
2.839888888888889018e-01
2.843222222222221984e-01
2.849111111111110595e-01
2.849777777777777743e-01
2.849111111111110595e-01
2.844999999999999196e-01
2.845333333333333048e-01
2.842666666666666675e-01
2.837333333333333374e-01
2.830111111111111577e-01
2.825666666666666327e-01
2.817555555555555369e-01
2.815444444444444305e-01
2.810888888888889436e-01
2.803666666666666529e-01
2.796555555555555461e-01
2.790222222222222270e-01
2.786888888888888194e-01
2.781888888888889300e-01
2.774888888888888960e-01
2.768222222222222473e-01
2.765555555555555545e-01
2.759111111111111070e-01
2.757555555555555871e-01
2.756000000000000116e-01
2.749777777777777654e-01
2.746555555555555417e-01
2.747555555555555307e-01
2.749333333333333629e-01
2.743111111111111167e-01
2.750111111111110951e-01
2.756000000000000116e-01
2.754666666666667485e-01
2.765777777777777557e-01
2.768333333333333757e-01
2.774000000000000354e-01
2.776666666666667282e-01
2.784333333333333105e-01
2.796444444444444177e-01
2.803111111111110665e-01
2.809777777777777708e-01
2.816333333333333466e-01
2.826999999999999513e-01
2.836444444444444213e-01
2.845777777777777073e-01
2.855555555555555625e-01
2.862666666666666693e-01
2.876666666666666816e-01
2.880000000000000338e-01
2.889444444444444482e-01
2.901888888888888851e-01
2.908888888888889190e-01
2.918222222222222606e-01
2.922666666666666746e-01
2.925333333333333119e-01
2.925555555555555132e-01
2.927444444444444738e-01
2.921111111111110992e-01
2.914555555555555788e-01
2.910333333333333661e-01
2.898999999999999910e-01
2.896000000000000241e-01
2.879333333333333744e-01
2.873111111111111282e-01
2.864555555555555744e-01
2.853888888888889142e-01
2.845777777777777628e-01
2.827111111111111352e-01
2.819777777777777716e-01
2.808666666666666534e-01
2.796444444444444732e-01
2.787444444444444058e-01
2.765444444444444816e-01
2.761111111111110850e-01
2.748222222222221900e-01
2.733222222222221887e-01
2.723888888888889026e-01
2.713888888888889017e-01
2.702555555555555267e-01
2.686555555555555364e-01
2.675777777777778033e-01
2.666444444444444617e-01
2.655444444444444718e-01
2.650444444444444714e-01
2.640666666666666718e-01
2.628000000000000336e-01
2.625222222222222679e-01
2.627777777777777768e-01
2.623666666666666369e-01
2.621777777777777874e-01
2.623111111111111615e-01
2.628888888888889497e-01
2.623222222222222344e-01
2.627444444444444471e-01
2.627111111111111175e-01
2.624222222222222234e-01
2.620000000000000107e-01
2.620222222222222119e-01
2.620666666666666700e-01
2.625000000000000111e-01
2.619777777777777539e-01
2.625888888888889272e-01
2.620888888888888713e-01
2.621777777777777318e-01
2.627888888888889052e-01
2.627888888888889052e-01
2.627222222222221903e-01
2.631222222222222573e-01
2.635111111111110294e-01
2.636999999999999900e-01
2.640444444444444150e-01
2.650333333333333430e-01
2.657333333333333769e-01
2.663222222222221824e-01
2.673444444444444956e-01
2.680888888888889321e-01
2.690888888888889330e-01
2.702777777777777835e-01
2.713888888888889017e-01
2.726333333333332831e-01
2.737555555555555853e-01
2.752666666666666595e-01
2.769000000000000350e-01
2.778000000000000469e-01
2.795444444444444287e-01
2.812444444444444636e-01
2.832333333333332814e-01
2.842777777777777959e-01
2.854777777777777747e-01
2.872888888888889269e-01
2.887222222222222690e-01
2.898777777777777898e-01
2.902555555555555444e-01
2.917777777777777470e-01
2.913444444444444614e-01
2.912666666666667292e-01
2.911666666666666292e-01
2.906999999999999584e-01
2.901444444444443715e-01
2.897333333333333427e-01
2.891111111111111520e-01
2.885888888888888393e-01
2.879555555555555757e-01
2.873888888888889159e-01
2.864999999999999769e-01
2.855000000000000315e-01
2.849111111111110595e-01
2.838555555555555832e-01
2.824666666666666437e-01
2.812555555555555920e-01
2.802111111111110775e-01
2.789777777777777690e-01
2.777888888888889185e-01
2.763111111111110629e-01
2.746333333333332849e-01
2.734444444444444899e-01
2.724111111111111039e-01
2.706111111111111356e-01
2.690777777777777491e-01
2.679222222222221728e-01
2.671555555555555905e-01
2.658555555555555672e-01
2.642222222222222472e-01
2.633555555555555650e-01
2.623333333333333073e-01
2.616444444444445128e-01
2.615999999999999992e-01
2.610333333333333394e-01
2.604444444444444229e-01
2.600888888888888695e-01
2.595999999999999974e-01
2.591444444444444550e-01
2.585666666666666114e-01
2.582777777777777728e-01
2.578777777777777613e-01
2.583555555555555605e-01
2.579999999999999516e-01
2.575444444444444647e-01
2.577888888888889007e-01
2.582888888888888457e-01
2.585333333333332817e-01
2.586555555555555275e-01
2.587444444444444991e-01
2.590444444444444660e-01
2.593444444444444330e-01
2.599333333333333496e-01
2.600000000000000089e-01
2.603666666666666907e-01
2.610333333333333394e-01
2.618666666666666365e-01
2.622111111111111170e-01
2.627111111111111175e-01
2.637222222222221912e-01
2.643555555555555658e-01
2.652000000000000468e-01
2.663999999999999702e-01
2.671555555555555905e-01
2.683888888888888435e-01
2.695222222222222741e-01
2.711000000000000076e-01
2.716666666666667229e-01
2.736222222222222111e-01
2.746555555555555972e-01
2.762999999999999901e-01
2.778111111111110643e-01
2.790999999999999592e-01
2.808666666666666534e-01
2.826111111111110907e-01
2.841333333333333488e-01
2.854777777777777192e-01
2.866111111111111498e-01
2.869888888888888490e-01
2.873666666666666036e-01
2.873666666666666591e-01
2.868333333333332735e-01
2.865000000000000324e-01
2.862444444444444680e-01
2.857333333333332837e-01
2.855000000000000870e-01
2.845111111111110480e-01
2.842999999999999972e-01
2.836777777777778065e-01
2.832999999999999408e-01
2.823999999999999844e-01
2.817444444444444640e-01
2.810333333333333572e-01
2.798555555555555796e-01
2.789666666666666406e-01
2.778777777777777791e-01
2.766333333333333422e-01
2.753888888888889053e-01
2.742777777777777315e-01
2.733444444444444454e-01
2.717888888888889132e-01
2.702888888888888563e-01
2.686111111111111338e-01
2.676222222222222613e-01
2.661444444444444057e-01
2.648888888888888404e-01
2.642333333333333201e-01
2.629888888888889387e-01
2.621777777777777874e-01
2.611999999999999877e-01
2.605333333333332835e-01
2.596777777777777851e-01
2.592000000000000415e-01
2.595333333333333381e-01
2.593222222222222317e-01
2.590333333333332821e-01
2.593000000000000305e-01
2.597222222222222432e-01
2.600000000000000089e-01
2.606666666666666576e-01
2.613222222222222335e-01
2.619222222222222229e-01
2.624888888888888827e-01
2.637666666666667048e-01
2.643555555555555103e-01
2.656777777777777905e-01
2.667555555555555791e-01
2.683444444444444410e-01
2.696000000000000063e-01
2.710666666666666225e-01
2.727999999999999314e-01
2.742999999999999883e-01
2.757000000000000006e-01
2.774444444444444935e-01
2.786666666666666181e-01
2.802999999999999936e-01
2.821444444444444200e-01
2.834444444444444433e-01
2.843777777777777294e-01
2.853111111111111264e-01
2.862777777777776866e-01
2.868111111111111278e-01
2.861666666666666803e-01
2.858000000000000540e-01
2.844666666666666455e-01
2.838666666666667115e-01
2.827333333333333365e-01
2.806111111111111445e-01
2.791888888888889309e-01
2.772777777777777342e-01
2.754666666666666930e-01
2.743444444444444463e-01
2.723777777777777742e-01
2.705777777777778059e-01
2.684333333333333016e-01
2.666111111111111320e-01
2.649444444444444824e-01
2.633333333333333637e-01
2.616222222222222005e-01
2.598666666666666347e-01
2.583777777777778173e-01
2.576000000000000512e-01
2.565444444444444083e-01
2.559444444444444189e-01
2.555777777777777926e-01
2.559222222222222176e-01
2.562222222222222401e-01
2.560666666666666647e-01
2.563777777777777045e-01
2.569000000000000172e-01
2.577111111111111685e-01
2.581999999999999851e-01
2.590555555555555944e-01
2.601333333333333275e-01
2.613222222222222890e-01
2.626777777777777878e-01
2.637111111111111184e-01
2.647777777777777786e-01
2.664999999999999591e-01
2.681000000000000050e-01
2.690666666666666207e-01
2.706333333333332813e-01
2.719777777777777628e-01
2.735222222222222777e-01
2.748888888888889048e-01
2.762777777777777888e-01
2.771444444444444155e-01
2.788222222222221935e-01
2.794333333333333669e-01
2.812444444444444636e-01
2.821222222222222187e-01
2.824999999999999734e-01
2.826333333333333475e-01
2.825888888888888895e-01
2.820555555555555594e-01
2.813222222222221958e-01
2.805444444444444296e-01
2.794000000000000372e-01
2.780888888888888300e-01
2.769777777777777672e-01
2.756777777777777994e-01
2.737777777777777866e-01
2.719777777777777628e-01
2.705444444444444207e-01
2.688111111111111118e-01
2.674555555555556130e-01
2.650888888888889294e-01
2.633222222222222353e-01
2.615888888888888708e-01
2.601777777777777856e-01
2.585888888888888681e-01
2.568777777777777604e-01
2.554666666666667307e-01
2.539333333333332887e-01
2.530222222222222594e-01
2.525888888888888628e-01
2.525444444444444048e-01
2.530888888888889188e-01
2.527111111111111086e-01
2.526555555555555221e-01
2.532666666666666955e-01
2.539111111111111430e-01
2.544777777777777472e-01
2.552000000000000379e-01
2.564333333333333464e-01
2.575888888888889228e-01
2.588222222222222313e-01
2.594333333333333491e-01
2.611444444444444013e-01
2.630222222222222683e-01
2.644333333333333536e-01
2.660888888888888748e-01
2.675555555555556020e-01
2.688999999999999724e-01
2.704666666666666330e-01
2.722888888888889136e-01
2.737444444444444569e-01
2.753555555555556311e-01
2.771000000000000685e-01
2.781222222222222151e-01
2.787666666666666071e-01
2.792777777777777359e-01
2.795444444444444843e-01
2.796777777777778029e-01
2.791777777777777469e-01
2.782999999999999918e-01
2.774222222222222367e-01
2.760555555555555540e-01
2.746222222222221565e-01
2.735333333333333505e-01
2.723666666666666458e-01
2.708222222222221864e-01
2.697111111111111237e-01
2.677444444444444516e-01
2.669777777777777583e-01
2.656111111111111311e-01
2.643444444444444930e-01
2.630333333333333412e-01
2.623888888888888937e-01
2.608222222222221776e-01
2.602222222222221881e-01
2.590333333333332821e-01
2.586888888888888571e-01
2.583777777777778173e-01
2.581777777777777283e-01
2.580888888888888677e-01
2.579000000000000181e-01
2.582888888888888457e-01
2.583999999999999631e-01
2.589111111111110919e-01
2.594333333333332936e-01
2.600999999999999979e-01
2.612222222222222445e-01
2.616777777777777869e-01
2.628555555555555645e-01
2.636222222222222022e-01
2.646222222222222586e-01
2.656111111111111311e-01
2.666222222222222049e-01
2.675666666666666194e-01
2.682777777777777817e-01
2.696111111111111347e-01
2.701000000000000068e-01
2.709777777777777619e-01
2.718555555555555170e-01
2.726666666666666683e-01
2.736666666666666692e-01
2.741777777777777980e-01
2.750777777777778099e-01
2.753666666666667040e-01
2.757666666666667155e-01
2.757999999999999896e-01
2.760222222222222799e-01
2.767555555555555880e-01
2.765222222222221693e-01
2.762222222222222578e-01
2.762999999999999901e-01
2.757888888888888612e-01
2.755333333333334078e-01
2.754111111111110510e-01
2.744555555555555637e-01
2.737555555555555298e-01
2.732555555555555293e-01
2.726333333333333386e-01
2.718777777777777738e-01
2.712666666666666559e-01
2.705444444444444207e-01
2.701555555555555377e-01
2.695444444444444754e-01
2.685888888888888215e-01
2.682444444444443965e-01
2.674666666666667414e-01
2.667555555555555791e-01
2.661666666666666625e-01
2.660000000000000142e-01
2.651777777777777900e-01
2.645888888888888180e-01
2.646222222222222586e-01
2.640333333333333421e-01
2.641777777777777336e-01
2.640666666666666718e-01
2.641000000000000014e-01
2.642444444444443929e-01
2.645888888888888180e-01
2.648777777777777676e-01
2.650000000000000133e-01
2.653555555555555667e-01
2.658666666666666956e-01
2.664111111111110985e-01
2.665333333333332888e-01
2.674111111111110994e-01
2.677666666666666528e-01
2.682111111111110668e-01
2.687222222222221957e-01
2.697666666666667101e-01
2.700888888888888784e-01
2.707666666666666555e-01
2.714888888888888907e-01
2.717111111111110699e-01
2.723777777777777742e-01
2.729666666666666908e-01
2.743555555555555192e-01
2.743999999999999773e-01
2.749666666666666370e-01
2.755666666666666820e-01
2.766222222222222138e-01
2.771777777777777452e-01
2.778111111111111198e-01
2.782555555555555893e-01
2.785555555555555007e-01
2.787111111111111317e-01
2.787666666666666626e-01
2.784666666666666401e-01
2.779888888888888965e-01
2.773888888888889070e-01
2.767222222222222028e-01
2.761111111111110850e-01
2.749555555555555642e-01
2.740111111111111497e-01
2.730888888888888810e-01
2.714777777777778178e-01
2.700777777777777500e-01
2.689666666666666872e-01
2.676666666666667194e-01
2.662888888888889083e-01
2.638666666666666938e-01
2.622888888888888492e-01
2.606111111111110712e-01
2.585444444444444656e-01
2.566999999999999837e-01
2.553777777777777591e-01
2.535222222222222599e-01
2.524555555555555442e-01
2.514222222222222691e-01
2.503333333333333521e-01
2.497444444444444356e-01
2.493555555555555803e-01
2.496111111111110892e-01
2.499666666666666981e-01
2.508000000000000229e-01
2.515666666666667162e-01
2.520111111111111857e-01
2.532111111111111090e-01
2.544222222222222163e-01
2.558999999999999608e-01
2.566111111111111232e-01
2.586888888888889126e-01
2.594222222222222207e-01
2.610444444444444678e-01
2.624333333333333518e-01
2.639222222222221692e-01
2.654777777777778125e-01
2.666777777777777358e-01
2.677888888888888541e-01
2.688555555555555698e-01
2.700000000000000178e-01
2.704555555555555602e-01
2.709555555555555606e-01
2.714111111111111585e-01
2.711999999999999966e-01
2.715222222222222204e-01
2.711333333333333373e-01
2.704444444444444873e-01
2.699777777777777610e-01
2.688777777777777711e-01
2.680777777777778037e-01
2.668777777777777693e-01
2.655555555555555447e-01
2.640111111111110853e-01
2.626333333333332742e-01
2.613666666666666916e-01
2.592111111111111144e-01
2.573888888888888893e-01
2.558333333333333570e-01
2.535111111111111315e-01
2.526444444444443937e-01
2.511777777777777776e-01
2.498666666666666814e-01
2.487999999999999934e-01
2.480222222222222550e-01
2.480666666666666853e-01
2.478555555555555789e-01
2.482111111111111323e-01
2.490111111111110997e-01
2.499888888888889271e-01
2.514888888888889285e-01
2.528444444444444272e-01
2.544666666666667298e-01
2.559666666666666757e-01
2.581888888888888567e-01
2.600666666666666682e-01
2.620666666666666700e-01
2.641333333333333311e-01
2.657444444444443943e-01
2.677777777777777812e-01
2.694444444444444864e-01
2.716777777777777958e-01
2.733333333333333171e-01
2.746333333333333404e-01
2.758000000000000451e-01
2.764000000000000346e-01
2.764444444444444371e-01
2.758777777777778328e-01
2.755555555555555536e-01
2.744555555555555637e-01
2.733555555555555738e-01
2.717777777777777848e-01
2.702333333333333254e-01
2.683444444444444410e-01
2.664333333333333553e-01
2.643777777777778226e-01
2.629444444444444251e-01
2.602555555555555178e-01
2.584666666666666779e-01
2.562333333333333130e-01
2.543222222222222273e-01
2.518444444444444263e-01
2.505000000000000004e-01
2.487444444444444624e-01
2.474888888888889249e-01
2.465555555555555833e-01
2.462666666666666893e-01
2.460555555555555829e-01
2.465111111111110975e-01
2.466777777777777736e-01
2.477888888888889196e-01
2.486999999999999766e-01
2.499555555555555697e-01
2.516222222222221916e-01
2.527222222222221815e-01
2.547777777777777697e-01
2.562222222222222401e-01
2.580000000000000071e-01
2.596111111111111258e-01
2.618888888888888933e-01
2.634888888888889391e-01
2.651111111111111862e-01
2.667888888888889642e-01
2.685333333333333461e-01
2.697444444444444533e-01
2.704222222222221750e-01
2.717888888888888577e-01
2.727333333333333276e-01
2.720999999999999530e-01
2.726666666666666128e-01
2.716888888888889242e-01
2.709888888888888903e-01
2.698444444444444978e-01
2.683777777777777707e-01
2.672000000000000486e-01
2.655444444444444163e-01
2.638333333333333641e-01
2.620333333333333403e-01
2.592555555555555724e-01
2.575000000000000067e-01
2.555333333333333345e-01
2.529666666666667285e-01
2.511111111111110628e-01
2.489666666666666694e-01
2.469555555555555393e-01
2.453888888888889341e-01
2.448666666666666769e-01
2.438444444444444192e-01
2.441111111111110565e-01
2.442555555555555313e-01
2.443666666666666765e-01
2.457555555555555882e-01
2.467000000000000026e-01
2.477000000000000313e-01
2.497222222222222343e-01
2.511333333333333750e-01
2.530666666666666620e-01
2.550111111111110773e-01
2.571555555555555816e-01
2.589777777777777512e-01
2.613555555555555632e-01
2.629555555555555535e-01
2.652111111111111752e-01
2.670888888888888757e-01
2.691222222222222071e-01
2.707555555555555271e-01
2.714333333333333043e-01
2.723111111111111149e-01
2.720555555555555505e-01
2.716000000000000636e-01
2.706555555555555381e-01
2.686333333333333351e-01
2.673333333333333672e-01
2.652999999999999803e-01
2.632444444444443921e-01
2.609555555555556072e-01
2.583444444444444321e-01
2.559888888888888769e-01
2.535444444444444057e-01
2.515777777777777335e-01
2.489333333333333398e-01
2.465111111111110975e-01
2.444777777777777661e-01
2.428444444444444461e-01
2.412555555555555564e-01
2.401333333333333375e-01
2.393666666666666720e-01
2.396222222222222364e-01
2.394666666666666888e-01
2.397444444444444545e-01
2.401666666666666949e-01
2.409222222222222043e-01
2.418111111111110878e-01
2.426555555555555410e-01
2.443444444444443919e-01
2.456111111111111134e-01
2.468555555555555225e-01
2.490555555555555856e-01
2.508888888888888835e-01
2.524555555555555442e-01
2.544666666666666743e-01
2.561888888888888549e-01
2.580555555555555380e-01
2.599555555555555508e-01
2.617666666666667030e-01
2.638555555555555099e-01
2.658555555555556227e-01
2.673444444444444956e-01
2.683444444444444410e-01
2.682222222222222507e-01
2.679222222222222283e-01
2.673888888888889537e-01
2.667666666666666520e-01
2.660000000000000142e-01
2.646999999999999909e-01
2.631555555555555870e-01
2.615555555555555411e-01
2.601888888888888585e-01
2.578888888888888897e-01
2.554777777777777481e-01
2.533111111111110980e-01
2.514555555555555988e-01
2.491444444444444739e-01
2.470222222222222541e-01
2.454333333333333644e-01
2.434444444444444633e-01
2.411444444444444668e-01
2.397111111111110970e-01
2.387444444444444258e-01
2.382999999999999841e-01
2.381444444444444364e-01
2.381000000000000061e-01
2.384555555555555595e-01
2.391888888888889231e-01
2.392000000000000515e-01
2.405666666666666509e-01
2.410777777777778075e-01
2.422999999999999876e-01
2.434111111111111336e-01
2.449999999999999956e-01
2.455555555555556102e-01
2.475111111111110984e-01
2.493222222222222784e-01
2.509777777777777996e-01
2.526222222222222480e-01
2.544888888888889311e-01
2.558444444444444299e-01
2.579666666666666774e-01
2.597555555555555729e-01
2.615000000000000657e-01
2.632444444444444476e-01
2.644777777777778116e-01
2.658333333333333659e-01
2.657000000000000473e-01
2.657333333333333769e-01
2.650888888888889294e-01
2.644555555555554993e-01
2.639555555555555544e-01
2.621222222222222564e-01
2.609666666666666801e-01
2.597777777777777741e-01
2.577555555555555711e-01
2.555999999999999939e-01
2.536444444444445057e-01
2.521000000000000463e-01
2.499777777777777710e-01
2.483333333333333226e-01
2.466333333333333433e-01
2.449222222222222078e-01
2.432555555555555860e-01
2.419444444444444620e-01
2.404888888888888632e-01
2.396666666666666667e-01
2.383888888888888724e-01
2.379555555555555590e-01
2.379666666666666874e-01
2.379555555555555590e-01
2.383111111111111124e-01
2.391333333333333366e-01
2.400777777777777511e-01
2.414666666666666628e-01
2.427777777777777313e-01
2.441444444444444695e-01
2.460777777777777842e-01
2.478111111111111209e-01
2.500111111111110729e-01
2.520555555555555327e-01
2.546888888888888536e-01
2.570888888888889223e-01
2.587666666666665893e-01
2.612111111111110606e-01
2.636666666666667158e-01
2.652000000000000468e-01
2.667666666666666520e-01
2.676333333333333897e-01
2.677444444444444516e-01
2.674444444444444291e-01
2.666888888888888642e-01
2.659111111111111536e-01
2.648444444444444379e-01
2.640333333333333421e-01
2.622888888888888492e-01
2.612111111111111161e-01
2.594333333333332936e-01
2.576222222222221969e-01
2.560333333333333350e-01
2.541333333333333222e-01
2.524555555555554887e-01
2.505222222222222017e-01
2.485888888888888593e-01
2.469666666666666399e-01
2.456666666666666443e-01
2.440777777777777546e-01
2.422666666666666857e-01
2.410333333333333217e-01
2.401888888888888685e-01
2.390666666666666773e-01
2.388000000000000123e-01
2.381333333333333635e-01
2.381888888888888944e-01
2.382999999999999841e-01
2.385888888888888781e-01
2.386111111111111072e-01
2.389888888888888896e-01
2.393444444444444708e-01
2.399777777777777898e-01
2.400222222222222479e-01
2.409777777777777907e-01
2.420888888888888812e-01
2.435666666666667091e-01
2.441555555555555701e-01
2.457555555555555882e-01
2.463000000000000467e-01
2.478777777777777802e-01
2.495777777777777873e-01
2.509444444444444700e-01
2.519555555555555437e-01
2.529777777777778014e-01
2.547444444444444955e-01
2.555888888888889210e-01
2.569333333333332914e-01
2.585111111111111359e-01
2.592555555555555724e-01
2.602333333333333165e-01
2.613888888888888928e-01
2.617777777777777759e-01
2.622111111111111170e-01
2.627777777777777213e-01
2.626000000000000001e-01
2.621222222222222009e-01
2.621888888888889158e-01
2.612555555555555742e-01
2.607777777777777750e-01
2.598222222222222322e-01
2.586333333333332707e-01
2.577444444444443872e-01
2.567555555555555147e-01
2.555888888888889210e-01
2.543777777777778137e-01
2.527999999999999692e-01
2.517444444444444929e-01
2.501444444444443915e-01
2.492444444444444906e-01
2.476666666666666738e-01
2.468111111111110922e-01
2.457111111111111024e-01
2.443555555555555481e-01
2.436333333333333129e-01
2.424222222222222056e-01
2.416999999999999982e-01
2.409555555555555062e-01
2.404444444444444051e-01
2.396888888888888958e-01
2.395222222222222197e-01
2.391999999999999960e-01
2.389333333333333309e-01
2.386555555555555375e-01
2.389999999999999902e-01
2.395111111111111191e-01
2.398333333333333428e-01
2.401999999999999968e-01
2.410666666666666513e-01
2.415222222222222492e-01
2.423777777777777753e-01
2.430000000000000215e-01
2.440666666666666818e-01
2.446333333333333138e-01
2.457333333333333591e-01
2.468888888888888800e-01
2.477444444444444616e-01
2.492222222222222616e-01
2.499888888888888716e-01
2.508777777777776996e-01
2.514555555555555433e-01
2.527666666666666395e-01
2.540222222222222048e-01
2.546444444444444510e-01
2.548777777777777587e-01
2.558111111111111002e-01
2.565333333333332799e-01
2.572333333333333694e-01
2.579111111111110910e-01
2.579888888888888787e-01
2.579888888888888787e-01
2.581222222222222529e-01
2.579888888888888787e-01
2.578111111111111020e-01
2.575000000000000067e-01
2.571444444444444533e-01
2.569777777777777494e-01
2.565666666666666651e-01
2.557888888888888990e-01
2.550666666666666083e-01
2.549222222222222722e-01
2.539222222222222158e-01
2.530555555555555336e-01
2.528333333333333544e-01
2.518777777777777560e-01
2.508888888888888835e-01
2.499888888888888716e-01
2.488222222222221947e-01
2.483222222222221942e-01
2.467555555555555058e-01
2.456888888888888733e-01
2.450333333333333252e-01
2.442333333333333023e-01
2.435333333333333516e-01
2.425333333333333230e-01
2.420222222222222219e-01
2.414555555555555899e-01
2.404111111111111032e-01
2.404111111111111032e-01
2.400222222222222479e-01
2.402222222222222259e-01
2.394999999999999907e-01
2.403333333333333155e-01
2.403999999999999748e-01
2.408555555555555450e-01
2.411222222222222378e-01
2.414888888888889473e-01
2.425999999999999823e-01
2.434666666666666923e-01
2.439111111111111341e-01
2.448888888888888504e-01
2.453444444444444761e-01
2.464777777777777401e-01
2.477111111111111041e-01
2.484111111111111103e-01
2.496111111111111169e-01
2.506444444444444475e-01
2.515333333333333865e-01
2.527777777777777679e-01
2.539222222222222158e-01
2.548111111111111549e-01
2.559666666666666202e-01
2.570222222222222630e-01
2.580111111111110800e-01
2.589111111111110919e-01
2.599444444444444224e-01
2.609111111111110937e-01
2.614111111111110941e-01
2.621444444444444577e-01
2.628222222222222348e-01
2.629777777777777548e-01
2.632666666666666488e-01
2.630666666666667264e-01
2.625444444444444136e-01
2.622555555555555751e-01
2.610555555555555962e-01
2.609444444444444233e-01
2.598333333333333051e-01
2.593111111111111033e-01
2.580333333333333368e-01
2.564666666666666206e-01
2.554444444444444184e-01
2.541888888888889086e-01
2.525999999999999912e-01
2.511888888888889060e-01
2.499777777777778265e-01
2.484888888888888703e-01
2.468222222222222206e-01
2.457222222222222308e-01
2.444111111111111068e-01
2.430000000000000215e-01
2.414333333333333609e-01
2.404222222222222038e-01
2.389444444444444593e-01
2.379555555555555590e-01
2.368888888888888988e-01
2.361888888888888927e-01
2.355111111111111155e-01
2.354444444444444562e-01
2.351777777777777911e-01
2.350333333333333163e-01
2.353777777777777691e-01
2.356666666666666632e-01
2.358888888888889257e-01
2.361999999999999933e-01
2.366888888888888653e-01
2.371777777777778207e-01
2.377888888888889385e-01
2.381444444444444364e-01
2.392222222222222250e-01
2.399333333333333595e-01
2.403444444444444439e-01
2.417888888888888865e-01
2.424555555555555630e-01
2.436777777777777987e-01
2.442999999999999616e-01
2.456666666666666443e-01
2.470888888888889134e-01
2.475222222222222268e-01
2.484222222222222110e-01
2.497111111111111337e-01
2.507888888888889500e-01
2.521888888888889069e-01
2.529222222222222149e-01
2.539333333333332887e-01
2.554888888888889320e-01
2.562444444444444969e-01
2.574777777777777499e-01
2.580444444444444652e-01
2.592888888888889576e-01
2.596888888888889135e-01
2.607333333333332615e-01
2.606222222222222551e-01
2.609888888888888259e-01
2.605333333333332835e-01
2.605555555555555403e-01
2.602444444444444449e-01
2.590555555555555944e-01
2.588222222222221758e-01
2.582777777777777173e-01
2.573666666666666880e-01
2.565666666666666651e-01
2.556333333333333235e-01
2.551444444444444515e-01
2.541222222222221938e-01
2.534888888888888747e-01
2.527111111111111086e-01
2.520777777777777895e-01
2.515111111111111297e-01
2.511777777777777776e-01
2.504888888888888721e-01
2.500111111111111284e-01
2.490666666666666584e-01
2.489999999999999991e-01
2.489000000000000101e-01
2.480666666666666853e-01
2.479666666666666686e-01
2.477333333333333332e-01
2.475777777777777855e-01
2.476333333333333719e-01
2.474222222222222101e-01
2.474666666666666959e-01
2.475888888888888861e-01
2.475555555555555842e-01
2.475777777777777855e-01
2.478666666666667073e-01
2.479777777777777970e-01
2.482444444444444343e-01
2.487999999999999934e-01
2.486000000000000154e-01
2.492555555555555080e-01
2.491111111111111165e-01
2.491666666666666474e-01
2.498777777777777542e-01
2.500222222222222013e-01
2.501222222222222458e-01
2.500222222222222013e-01
2.503111111111110954e-01
2.503444444444444250e-01
2.509888888888888725e-01
2.508666666666667378e-01
2.516888888888888509e-01
2.515222222222222026e-01
2.519888888888888734e-01
2.521888888888888514e-01
2.519111111111110857e-01
2.520999999999999908e-01
2.524222222222222145e-01
2.525555555555555332e-01
2.530666666666666620e-01
2.527999999999999692e-01
2.534444444444444722e-01
2.534555555555556006e-01
2.537888888888888972e-01
2.537333333333333663e-01
2.537000000000000366e-01
2.540111111111111319e-01
2.543111111111111544e-01
2.543222222222222273e-01
2.545777777777777917e-01
2.553111111111110443e-01
2.552888888888888985e-01
2.556000000000000494e-01
2.557888888888888990e-01
2.556888888888889100e-01
2.562333333333333130e-01
2.566666666666665986e-01
2.564888888888888774e-01
2.566999999999999837e-01
2.570444444444444088e-01
2.569333333333333469e-01
2.570444444444444088e-01
2.571111111111110681e-01
2.574555555555556041e-01
2.569222222222222185e-01
2.572555555555555151e-01
2.570777777777777384e-01
2.571555555555555261e-01
2.568666666666665765e-01
2.568111111111110456e-01
2.566444444444443973e-01
2.567222222222221850e-01
2.562444444444444969e-01
2.567666666666666986e-01
2.565999999999999948e-01
2.563222222222221736e-01
2.564444444444444193e-01
2.564666666666666761e-01
2.565222222222222070e-01
2.565111111111111342e-01
2.566666666666665986e-01
2.564777777777778045e-01
2.566666666666666541e-01
2.571666666666666545e-01
2.567999999999999172e-01
2.568666666666666321e-01
2.571333333333333249e-01
2.569888888888888778e-01
2.571999999999999287e-01
2.570222222222222075e-01
2.565333333333332799e-01
2.567333333333333134e-01
2.564888888888888774e-01
2.567555555555555702e-01
2.568444444444444308e-01
2.565000000000000058e-01
2.567999999999999172e-01
2.568777777777777604e-01
2.567888888888888443e-01
2.569999999999999507e-01
2.563999999999999613e-01
2.569000000000000172e-01
2.567555555555555702e-01
2.568222222222222295e-01
2.569000000000000172e-01
2.568555555555555592e-01
2.571333333333333249e-01
2.567222222222221295e-01
2.567777777777778270e-01
2.564777777777777490e-01
2.566777777777777270e-01
2.568888888888888333e-01
2.568888888888888888e-01
2.567555555555555147e-01
2.564888888888889329e-01
2.569444444444444198e-01
2.567333333333333134e-01
2.565333333333333354e-01
2.568666666666666321e-01
2.569000000000000172e-01
2.567888888888888443e-01
2.567333333333333134e-01
2.568555555555555592e-01
2.570111111111110791e-01
2.568999999999999617e-01
2.569666666666666766e-01
2.563888888888888884e-01
2.568777777777777604e-01
2.568222222222222295e-01
2.564222222222222736e-01
2.567888888888888999e-01
2.564777777777778045e-01
2.569222222222222185e-01
2.568555555555555592e-01
2.569777777777778049e-01
2.569222222222222185e-01
2.571444444444444533e-01
2.565444444444444083e-01
2.570444444444444643e-01
2.570222222222222630e-01
2.568333333333333024e-01
2.567888888888888999e-01
2.573444444444443757e-01
2.568888888888888888e-01
2.570555555555555372e-01
2.569222222222222185e-01
2.570111111111110791e-01
2.570888888888889223e-01
2.570555555555555372e-01
2.571444444444444533e-01
2.570666666666666655e-01
2.568333333333333024e-01
2.567111111111110566e-01
2.569444444444444198e-01
2.569666666666666210e-01
2.567111111111111121e-01
2.568666666666666321e-01
2.566444444444444528e-01
2.569222222222222185e-01
2.570111111111111346e-01
2.571000000000000507e-01
2.569333333333332914e-01
2.568777777777777604e-01
2.570888888888888668e-01
2.566222222222221960e-01
2.565444444444444083e-01
2.568888888888889444e-01
2.566444444444444528e-01
2.566333333333333244e-01
2.565555555555555367e-01
2.568777777777777604e-01
2.570999999999999952e-01
2.568555555555555037e-01
2.569333333333333469e-01
2.567111111111110566e-01
2.567333333333332579e-01
2.567888888888888443e-01
2.567666666666666986e-01
2.566333333333333244e-01
2.566666666666665986e-01
2.568111111111111011e-01
2.566999999999999837e-01
2.568666666666666321e-01
2.569555555555556037e-01
2.569000000000000172e-01
2.571444444444443977e-01
2.566777777777777825e-01
2.567777777777777160e-01
2.569777777777777494e-01
2.565999999999999948e-01
2.569333333333332914e-01
2.565555555555555922e-01
2.566888888888889109e-01
2.565333333333332799e-01
2.565111111111111342e-01
2.572222222222221855e-01
2.564111111111111452e-01
2.567333333333333134e-01
2.568666666666666321e-01
2.564777777777778045e-01
2.567999999999999727e-01
2.568777777777777604e-01
2.565888888888888664e-01
2.566555555555555257e-01
2.567666666666666986e-01
2.570000000000000062e-01
2.567000000000000393e-01
2.566888888888889109e-01
2.566222222222222515e-01
2.567888888888888443e-01
2.566333333333332689e-01
2.568222222222222295e-01
2.566222222222222515e-01
2.569666666666667321e-01
2.572888888888889003e-01
2.567999999999999727e-01
2.568777777777777604e-01
2.565555555555555922e-01
2.567555555555555702e-01
2.566333333333333244e-01
2.568888888888888888e-01
2.569111111111110901e-01
2.567777777777777715e-01
2.567444444444444418e-01
2.565777777777777935e-01
2.567555555555556257e-01
2.569333333333332914e-01
2.568333333333333024e-01
2.568777777777777604e-01
2.570999999999999952e-01
2.569999999999999507e-01
2.566555555555555257e-01
2.566333333333332689e-01
2.570444444444444643e-01
2.568999999999999617e-01
2.570555555555555372e-01
2.569777777777778049e-01
2.569000000000000172e-01
2.569777777777778049e-01
2.568555555555555037e-01
2.566888888888888554e-01
2.568888888888889444e-01
2.572222222222222410e-01
2.570888888888889223e-01
2.566222222222222515e-01
2.568444444444444308e-01
2.565999999999999948e-01
2.569777777777777494e-01
2.565000000000000058e-01
2.566444444444443973e-01
2.564777777777778045e-01
2.569777777777777494e-01
2.570777777777777384e-01
2.567111111111110566e-01
2.568000000000000282e-01
2.564666666666666761e-01
2.570555555555554816e-01
2.570111111111111346e-01
2.563999999999999613e-01
2.568666666666666321e-01
2.567888888888888443e-01
2.569666666666666210e-01
2.569222222222221630e-01
2.571666666666667100e-01
2.565888888888888109e-01
2.566888888888888554e-01
2.567666666666666986e-01
2.567333333333333134e-01
2.571333333333333249e-01
2.569666666666666766e-01
2.568777777777777604e-01
2.569777777777778049e-01
2.567222222222221850e-01
2.570222222222222075e-01
2.566444444444444528e-01
2.569000000000000172e-01
2.568666666666666321e-01
2.568222222222222295e-01
2.568444444444444308e-01
2.566777777777777825e-01
2.568111111111111011e-01
2.567333333333333134e-01
2.567111111111110566e-01
2.567999999999999727e-01
2.567777777777777715e-01
2.568777777777777604e-01
2.563555555555555587e-01
2.567555555555555702e-01
2.566111111111111232e-01
2.568888888888888888e-01
2.566777777777777825e-01
2.566555555555555812e-01
2.569666666666666766e-01
2.566777777777777825e-01
2.571777777777777829e-01
2.566222222222222515e-01
2.568111111111111011e-01
2.567888888888888443e-01
2.567111111111111121e-01
2.567111111111110566e-01
2.567333333333333134e-01
2.566555555555555257e-01
2.569888888888888778e-01
2.568333333333333024e-01
2.566333333333332689e-01
2.568222222222222295e-01
2.569444444444444198e-01
2.568666666666666876e-01
2.568777777777777604e-01
2.571333333333332694e-01
2.565999999999999392e-01
2.568555555555555592e-01
2.569666666666666766e-01
2.565999999999999948e-01
2.569111111111110901e-01
2.568333333333333024e-01
2.566444444444444528e-01
2.564666666666666206e-01
2.569333333333333469e-01
2.566666666666666541e-01
2.568111111111110456e-01
2.570444444444444643e-01
2.565111111111111342e-01
2.567222222222222405e-01
2.570222222222222075e-01
2.568555555555555037e-01
2.566333333333333244e-01
2.571444444444444533e-01
2.567222222222222405e-01
2.565666666666666651e-01
2.565888888888888664e-01
2.567999999999999727e-01
2.568444444444443753e-01
2.570555555555555927e-01
2.568666666666666321e-01
2.564444444444444193e-01
2.569333333333333469e-01
2.564777777777778045e-01
2.568555555555555037e-01
2.566222222222221960e-01
2.564666666666666206e-01
2.570444444444444643e-01
2.568666666666666321e-01
2.571000000000000507e-01
2.563555555555555587e-01
2.567111111111111121e-01
2.568222222222222295e-01
2.570777777777777939e-01
2.565111111111110231e-01
2.569555555555555482e-01
2.569444444444444753e-01
2.568777777777777604e-01
2.567333333333333134e-01
2.567333333333333134e-01
2.566888888888889109e-01
2.570111111111110791e-01
2.568666666666666321e-01
2.570444444444444088e-01
2.568777777777777604e-01
2.568888888888888888e-01
2.570555555555555927e-01
2.569222222222222185e-01
2.564777777777778045e-01
2.566666666666665986e-01
2.568777777777777604e-01
2.569777777777777494e-01
2.569555555555555482e-01
2.565666666666666651e-01
2.567666666666666431e-01
2.565111111111111342e-01
2.561333333333333240e-01
2.568222222222222295e-01
2.567333333333333134e-01
2.569333333333333469e-01
2.569777777777778049e-01
2.567222222222221850e-01
2.571666666666666545e-01
2.571444444444443977e-01
2.572444444444444422e-01
2.567999999999999727e-01
2.568333333333333579e-01
2.566111111111111232e-01
2.570999999999999952e-01
2.567666666666666986e-01
2.567888888888888443e-01
2.565333333333332799e-01
2.571777777777778384e-01
2.569222222222222185e-01
2.566333333333332689e-01
2.568888888888888888e-01
2.568888888888888888e-01
2.566888888888889109e-01
2.568444444444444308e-01
2.566999999999999837e-01
2.569555555555555482e-01
2.570222222222222630e-01
2.570999999999999952e-01
2.567111111111111121e-01
2.567777777777777715e-01
2.567555555555555147e-01
2.569111111111110901e-01
2.569222222222221630e-01
2.568888888888888888e-01
2.567555555555555147e-01
2.564999999999999503e-01
2.566777777777777825e-01
2.567999999999999727e-01
2.572222222222222410e-01
2.570666666666666655e-01
2.570222222222222075e-01
2.569777777777777494e-01
2.567444444444444418e-01
2.565444444444444083e-01
2.572222222222222410e-01
2.570222222222222630e-01
2.565111111111110787e-01
2.570000000000000062e-01
2.570222222222222630e-01
2.567777777777777160e-01
2.568666666666666321e-01
2.569666666666666766e-01
2.569666666666667321e-01
2.572444444444444422e-01
2.567777777777777715e-01
2.568333333333333024e-01
2.569444444444444198e-01
