-3.183723224027490417e-03
-2.898090361913019386e-03
-3.090236225838594031e-03
-2.471271926915430406e-03
-2.663417790841060562e-03
-2.855562706504277681e-03
-2.447708570429862895e-03
-2.862077604840029821e-03
-2.663175386484695206e-03
-2.554351178016722734e-03
-3.257608153053370703e-03
-2.660865128090161846e-03
-3.008566547571256411e-03
-2.411823522608047554e-03
-2.615080497644750590e-03
-2.285004139348123520e-03
-2.943816669940313435e-03
-3.047073644977027485e-03
-2.405886175569305063e-03
-2.731365372828253868e-03
-2.379066792309370015e-03
-2.471212656234955674e-03
-2.207802964605043439e-03
-2.833282161863959203e-03
-2.114315966416091541e-03
-2.784240556381822884e-03
-2.376386420307463609e-03
-2.357421173121931890e-03
-2.316233703714198899e-03
-2.297268456528667180e-03
-2.467191149969627517e-03
-2.423845435432225859e-03
-2.592799004742074587e-03
-2.307167090889850058e-03
-2.565978673219726502e-03
-2.269236596518842131e-03
-2.183604682666651087e-03
-2.475750546592214718e-03
-2.412340854962335968e-03
-2.382264496665675857e-03
-2.141077027257909382e-03
-2.422111780072400133e-03
-2.147590977331359507e-03
-1.950847952368106597e-03
-2.231882705182541837e-03
-2.079584124663691469e-03
-2.271729988589266114e-03
-2.374986963625980163e-03
-2.100466160884995048e-03
-1.848167580366100182e-03
-1.729202333180523965e-03
-2.121348197106076583e-03
-1.813494061031761806e-03
-2.238973258290644086e-03
-1.984450054276942765e-03
-1.975596449675820487e-03
-1.723297869157092155e-03
-2.248777066415963422e-03
-2.063144204301425866e-03
-2.099735460933838116e-03
-1.814103547081613588e-03
-2.017360522118316624e-03
-2.231728608266092539e-03
-1.657207805525140465e-03
-1.704908276743910545e-03
-1.708166200042937621e-03
-2.100312063968545750e-03
-1.903568090742879804e-03
-1.884602843557348084e-03
-1.932305211300888725e-03
-1.668960949773701241e-03
-1.716691765388023150e-03
-1.508837629313641848e-03
-1.312093656087975901e-03
-1.370907134942589423e-03
-1.574164109979236947e-03
-1.410754418349369210e-03
-1.634008992113356040e-03
-1.580709994805473695e-03
-1.283967918104589323e-03
-1.076113782030208021e-03
-1.668259645955738613e-03
-1.271516620992452218e-03
-1.563662484918071360e-03
-1.589140733914640169e-03
-1.559065323880337584e-03
-1.162322298917051189e-03
-1.198912607287161425e-03
-1.491058471212669545e-03
-1.216537668471628919e-03
-1.586460361912622741e-03
-1.356384951878397693e-03
-1.237419704692876987e-03
-1.329565568618462645e-03
-1.432822543655176695e-03
-1.180523963136281829e-03
-1.361558715950839105e-03
-1.142593468765329412e-03
-9.125161622063338029e-04
-1.204662974394199448e-03
-1.041253282764387222e-03
-1.009017731075589897e-03
-1.000193522607661922e-03
-1.159006053199906905e-03
-8.511519171255366167e-04
-9.432977810511222749e-04
-1.313221422754473622e-03
-1.016478397791231725e-03
-1.030846483939029667e-03
-1.167436792309017868e-03
-1.170693767345853953e-03
-9.850618534935629000e-04
-7.438743840858519363e-04
-1.413798025789170243e-03
-1.039277223048140630e-03
-1.031422138711379777e-03
-6.013467286771212450e-04
-7.157148148249636854e-04
-8.411930638214659695e-04
-9.777843204539227173e-04
-6.921524066016981891e-04
-9.176306555983004820e-04
-9.319987417461539358e-04
-8.463677761562649060e-04
-6.141322244676006292e-04
-7.941969048885222371e-04
-6.974538799252028021e-04
-4.229330771841621761e-04
-5.261900522208762254e-04
-7.850025828131101946e-04
-7.438151134053772040e-04
-5.137387551087946314e-04
-4.281068412565480763e-04
-5.980304829599769612e-04
-6.346198430676741609e-04
-3.823222108111923312e-04
-2.855791858478728962e-04
-2.999463237333133137e-04
-4.032042470324403993e-04
-5.842389998468311418e-04
-4.763848637724388269e-04
-4.018640610313761741e-04
-8.289881384593300595e-05
-4.305992850646700454e-04
-5.671905416970712821e-04
-1.815586278449132784e-04
-3.848156028815608032e-04
-2.191806555818520685e-04
-4.769943498223461198e-04
-5.802910263680294278e-05
-2.390638554513047076e-04
-4.534309933367786094e-04
-9.002224996923491318e-05
-7.105700278370319367e-05
-6.320191844694234007e-05
-1.664598417459584034e-04
-2.363834834493983017e-04
-9.519601404162081337e-05
-2.317863224116090137e-04
1.871789247738231410e-04
2.728108386260141849e-04
5.844275247823826902e-05
2.107413329970331262e-04
1.519288024047771302e-04
2.153384940347669030e-04
1.343037412203096359e-04
1.977134328502438976e-04
2.166132499329953554e-04
2.281197754805397437e-06
-1.899007001404662276e-04
1.534819966290124071e-04
1.734476606036206014e-04
3.035240189002141875e-04
2.002660956011426130e-04
6.303424538977031588e-04
-7.291452113894481002e-05
3.460507260465428558e-04
2.872381954542868598e-04
5.617599464577405222e-04
3.473909120475515699e-04
7.219126630509387077e-04
6.630991841963806976e-04
1.153977647152526487e-04
6.454741230118021811e-04
6.088838146418584785e-04
4.834046173828876469e-04
2.357041461640840829e-04
4.768906673094375215e-04
6.180781367172150098e-04
6.259322727915628271e-04
5.893419644215636133e-04
8.305294338292745771e-04
8.161613476814766344e-04
8.795710393113553849e-04
8.340288132223649953e-04
2.984095255082475084e-04
9.395960466535013822e-04
7.252289087681385027e-04
6.441932076912681993e-04
1.118714010432397821e-03
5.487913169913150035e-04
6.899778381367349667e-04
8.533875297666582149e-04
4.501315029923347311e-04
7.913180241377326674e-04
1.154727715767689400e-03
7.070262962865503376e-04
7.815480472899705155e-04
1.167179012879770994e-03
1.086144260065313727e-03
1.193998396139650531e-03
1.268518250618411169e-03
6.652622238441097124e-04
1.006449693251754152e-03
1.047638110921844667e-03
1.311046854289454888e-03
1.030013049737377173e-03
1.628914319830310209e-03
1.204405194964952575e-03
1.023371390412863846e-03
1.209002356002630840e-03
1.516857440339414165e-03
1.124710628151504022e-03
1.210342542003695065e-03
1.540418900300266625e-03
1.381606369708021642e-03
1.411683676267039278e-03
8.639813085234426815e-04
1.249613222375711707e-03
1.090800691783466725e-03
1.454211331675725472e-03
1.128731186154419142e-03
1.325474211117783074e-03
1.277772791636655469e-03
1.585626927710970246e-03
1.715704234269976869e-03
1.612447259233262820e-03
1.775856002600828543e-03
1.494821249786393302e-03
1.636008719194115280e-03
1.646087478763380574e-03
1.666052194475520221e-03
1.585017441661118465e-03
1.526204911068862469e-03
1.622947936032237415e-03
1.764136353702205895e-03
1.549768267554429979e-03
1.668732566477593160e-03
1.654364480329739706e-03
1.973329727515238385e-03
1.903406085811909509e-03
2.066815777441832758e-03
1.608003246849620815e-03
1.904746271812862712e-03
1.912600407887321552e-03
1.731565655072819787e-03
1.483864235591658698e-03
1.858385986595101347e-03
1.988461396629337408e-03
1.407426643814879696e-03
2.204169668778177549e-03
2.189801582630324095e-03
1.619877940926994775e-03
2.018780159282307363e-03
2.172048812194737888e-03
1.957680726046906461e-03
2.054423751010225896e-03
2.262277887084607197e-03
1.892354245381255851e-03
1.466875048122318059e-03
1.441395850863336214e-03
1.115916653604442921e-03
1.257104123012164898e-03
1.153847147975506360e-03
1.206146676756669756e-03
5.806665312353964659e-04
2.885206673097773233e-04
1.630424183132195282e-04
-4.957701122789703874e-04
-1.143468686973125870e-03
-1.357836773120901785e-03
-1.805540089126755898e-03
-2.642130397496833538e-03
-2.956500380169369002e-03
-3.659757355206072482e-03
-3.985236552465076798e-03
-4.586334334109654076e-03
-5.221954570086173586e-03
-5.647433767345055866e-03
-6.095135186826194928e-03
-6.498392161862986960e-03
-7.190538025788562049e-03
-7.549350556380785005e-03
-7.508163086973107525e-03
-8.144753395343096170e-03
-8.759121481490883543e-03
-8.873489567638781494e-03
-9.043413209342099357e-03
-9.013321678847718843e-03
-9.416593826082231278e-03
-9.186510829949090517e-03
-9.167551272337703949e-03
-9.259698084525647133e-03
-9.007396659219735202e-03
-9.055099975225633369e-03
-8.380579172484525774e-03
-8.283837095783563864e-03
-8.198205181931372820e-03
-7.568128823634778790e-03
-7.515829294853504372e-03
-6.872482948141189762e-03
-6.274770482959324269e-03
-6.144694124662619661e-03
-5.647951099699344280e-03
-4.651208074736068454e-03
-4.421131716439430370e-03
-3.779944247031763460e-03
-2.816534555401761786e-03
-2.464235026620520408e-03
-1.667492949919524570e-03
-1.126305480511846646e-03
1.488198889587621920e-05
3.560694583036871919e-04
1.219479149933533346e-03
2.205111063785736292e-03
2.646298533193536251e-03
3.931930447045706156e-03
4.517562360897842133e-03
5.503194274749989567e-03
5.988826188602247580e-03
6.963346991343266623e-03
7.904535409013424552e-03
7.956833041269872897e-03
8.366911800839094138e-03
9.197987627662440602e-03
9.739176045332531562e-03
1.025814034425570620e-02
1.086599448033009896e-02
1.101829306084894933e-02
1.125948053025666029e-02
1.206733466633114205e-02
1.171963324684982544e-02
1.238304293847986015e-02
1.265756374122101180e-02
1.278764009951760539e-02
1.261771645781417650e-02
1.269223726055529466e-02
1.265564695218523994e-02
1.261905664381524073e-02
1.206024411322292877e-02
1.191254269374181218e-02
1.167595238537177949e-02
1.135047318811283068e-02
1.084721716133846270e-02
1.069951574185729060e-02
9.218480040780463458e-03
8.706271780199670296e-03
8.048429638088383520e-03
7.022949492567098773e-03
6.053025850863702484e-03
5.538657764715959608e-03
4.102067456345781515e-03
3.021032703531323360e-03
2.151109061827971569e-03
7.256298645690884008e-04
2.890395561989667073e-04
-9.919951966154694212e-04
-1.617474393874385186e-03
-3.254064702244485741e-03
-3.690655010614496412e-03
-4.782800874540027447e-03
-5.419391182910127114e-03
-6.278203713502350514e-03
-6.881460688539009496e-03
-7.695828774686830354e-03
-7.843531142430415493e-03
-8.491231613649175003e-03
-8.794488588685867025e-03
-9.197745563722714568e-03
-9.087732234256074015e-03
-9.190019136899318930e-03
-9.326609445269307130e-03
-9.207644198083897447e-03
-8.744234506453840705e-03
-8.803047037046152212e-03
-8.472970678749525142e-03
-8.031783209341780694e-03
-7.746151295489556166e-03
-7.371630492748526553e-03
-6.530443023340770647e-03
-5.778144442821930848e-03
-4.981401417858632996e-03
-4.862436170673167801e-03
-3.599026479043143656e-03
-3.146727898524326328e-03
-2.372207095783285258e-03
-1.675464070819976392e-03
-6.787210458566450555e-04
2.735775346621727167e-04
9.147650040699506491e-04
1.678174695699918839e-03
2.997139942885418407e-03
4.038327412293152285e-03
5.192785186204085246e-03
5.934942728005376811e-03
6.698352419635345001e-03
7.617317666820833111e-03
8.902950528935305030e-03
9.477470383414066113e-03
1.047421340837734194e-02
1.150428976667400294e-02
1.225658834719289825e-02
1.309777581660059864e-02
1.348340773045270113e-02
1.425792853319385323e-02
1.493244933593490531e-02
1.521808124978707433e-02
1.608149094141697599e-02
1.660045618860256367e-02
1.669719826530347007e-02
1.632727462360017423e-02
1.632401859682580669e-02
1.628742828845575197e-02
1.613972686897452435e-02
1.588091433838223487e-02
1.518876752619435777e-02
1.460995834513706404e-02
1.371881194973817442e-02
1.329333275247923662e-02
1.286785355522035434e-02
1.163126324685026525e-02
1.106133960514688042e-02
1.008030485233241125e-02
9.288158988406847172e-03
8.573790902259070812e-03
7.003867260555574070e-03
6.045054729963361684e-03
5.408464421593262017e-03
4.382985224334445817e-03
3.379728249297719866e-03
2.320915718705407471e-03
1.484325410335329831e-03
6.921795464098212669e-04
6.670034915090550243e-05
-1.103223292552468759e-03
-1.662035823144725200e-03
-2.643070575959194368e-03
-2.924105328773796142e-03
-3.405140081588209355e-03
-3.495126752121713309e-03
-4.019635876987170953e-03
-5.056226185357171055e-03
-5.081705382616041877e-03
-4.807184579875001251e-03
-5.388219332689569985e-03
-5.524809641059613696e-03
-5.428066616096183239e-03
-4.975768035577421422e-03
-4.812358343947498174e-03
-4.571170874539731699e-03
-4.141094516243115642e-03
-3.577684824613125425e-03
-3.092052910761033946e-03
-2.517532108019859827e-03
-1.609677971945500108e-03
-1.657379391426683224e-03
-7.050808109076989183e-04
1.805511029444040183e-04
1.077294127907690857e-03
2.351814930648732371e-03
3.070780177834298019e-03
4.067523202797518334e-03
5.399758754486283507e-03
6.386360740731955588e-03
7.271992654584114035e-03
8.279846790658518252e-03
9.565478704510743668e-03
1.041777823329192998e-02
1.153674348047745157e-02
1.243348555717843640e-02
1.329689524880833806e-02
1.420474938488275329e-02
1.501260352095717954e-02
1.594267987925379604e-02
1.685053401532821127e-02
1.726949926251369893e-02
1.771068673192149889e-02
1.826298531244036072e-02
1.868195055962579287e-02
1.811202691792246355e-02
1.821988105399680036e-02
1.774995741229346002e-02
1.798003377059009811e-02
1.691011012888671283e-02
1.636240870940564029e-02
1.565915173436882579e-02
1.495805395272420402e-02
1.427798927230333748e-02
1.349695451948884628e-02
1.212703182604779606e-02
1.094599707323334892e-02
9.520516927712052713e-03
8.372815508230879722e-03
7.214002977638633851e-03
5.421857113713013376e-03
4.140822360898521737e-03
2.882009830306231368e-03
1.356530633047359213e-03
-1.133930086560375194e-04
-1.538872205914976199e-03
-3.208795847618350905e-03
-4.712052822655077300e-03
-5.959753293873881752e-03
-7.107455661617356757e-03
-8.088489466169412889e-03
-9.213969611690797645e-03
-1.009500436450522232e-02
-1.007603816905738858e-02
-1.061262942568974577e-02
-1.081366177723158684e-02
-1.038258595040830734e-02
-9.785842925445042972e-03
-8.689098952219365124e-03
-8.092356875518458281e-03
-7.206724961666244322e-03
-5.476648603369604906e-03
-4.602127800628630361e-03
-3.072051442331913407e-03
-1.497530639590849422e-03
-2.896765035164117208e-04
1.507066521446831509e-03
3.114920657521225156e-03
4.533885904706769221e-03
5.875073374114470059e-03
7.794038621299959058e-03
9.524114979596653985e-03
1.108752467122653407e-02
1.287315658507875993e-02
1.445878849893100782e-02
1.569997596833871967e-02
1.688560788219084507e-02
1.796012868493190862e-02
1.862569756995402503e-02
1.901229955619965217e-02
1.909793147005184322e-02
1.877245227279294992e-02
1.858030640886743079e-02
1.758815770015464963e-02
1.631823690323835896e-02
1.548164754313069436e-02
1.362283501253841456e-02
1.233068820035054802e-02
1.088298678086935256e-02
9.135285361388190140e-03
7.365361719684770936e-03
5.895438077981429714e-03
3.803292214055897791e-03
1.988924127908020534e-03
6.301115973157966899e-04
-1.628700933276439056e-03
-2.909735686090986206e-03
-4.968548216683243979e-03
-6.560693132346528955e-03
-7.852838996272037964e-03
-9.433872800824250060e-03
-1.012386073570759049e-02
-1.081503621115215141e-02
-1.175162746778457556e-02
-1.234377143518550213e-02
-1.178036269181781392e-02
-1.123917522241002498e-02
-1.163132013807333109e-02
-1.122346695026121832e-02
-1.073783503640907133e-02
-1.011886789269883513e-02
-9.611016601411559446e-03
-9.058717072630284584e-03
-8.028640714333734607e-03
-6.976342133814872337e-03
-5.924041656771295017e-03
-4.960634809928365918e-03
-3.819446392258341039e-03
-2.689368137436920492e-03
-1.259293675665018597e-03
4.263382381870517435e-04
1.623080314888114550e-03
2.742045562073636145e-03
4.383233031481414965e-03
6.059913027614438619e-03
7.190959458304668761e-03
9.387702483267978959e-03
1.072888995267562429e-02
1.231452186652781666e-02
1.350015378038005309e-02
1.514134124978772089e-02
1.626030744523560001e-02
1.642371713686557877e-02
1.712045921356658562e-02
1.697275874234766002e-02
1.635839065619992816e-02
1.587735495512310191e-02
1.518520909119747131e-02
1.343750767171630889e-02
1.256758403001295710e-02
1.133099372164292351e-02
9.438847857717258538e-03
7.913368660458386383e-03
6.121222796532821420e-03
5.040188043718307753e-03
3.025819957570452523e-03
1.800340760311547328e-03
1.859726741637590663e-04
-1.359504121822618927e-03
-2.683983850554794159e-03
-4.065018603369274786e-03
-4.612720022850458346e-03
-5.971532553442682190e-03
-6.819233024661475184e-03
-7.789157614627173487e-03
-7.903525700775071439e-03
-8.117893786922791843e-03
-8.610039650848444470e-03
-8.713296625885158520e-03
-8.560998045366308151e-03
-8.275366131514139134e-03
-7.911956439884126890e-03
-7.592990244436270686e-03
-6.474024997250860114e-03
-6.155059750065250412e-03
-5.680538947324176302e-03
-4.528240366805380557e-03
-3.487053845659948692e-03
-2.712533042918963133e-03
-1.549123351288983486e-03
-5.190469929923779979e-04
4.798552253630905540e-04
1.422012767164304581e-03
1.840978014349847758e-03
3.271055320908822228e-03
3.590019619831963382e-03
4.742318200350814639e-03
5.727950114202962073e-03
6.313582028055264583e-03
6.443658386351802658e-03
7.551513470688553387e-03
8.048256495651884279e-03
8.533888409503975758e-03
9.230633330992055186e-03
9.049596681652893881e-03
9.401897158696437273e-03
1.000975034650841700e-02
1.009539458777131138e-02
1.004767894435476538e-02
9.655533080429101744e-03
9.707831660948018637e-03
9.460130241466913059e-03
8.945762155319059161e-03
8.242505180282411192e-03
7.819185176415499594e-03
7.028009384883460164e-03
6.835863520957830008e-03
6.399273212587874848e-03
5.696016237551115857e-03
5.003870373625485257e-03
4.389502287477697884e-03
4.075137046116894535e-03
3.594100396777821782e-03
2.913073230062179775e-03
2.265367069269219602e-03
2.017665649788058513e-03
1.392183607742014662e-03
1.255595195896741512e-03
1.119011525363200477e-03
5.157517055394134076e-04
2.124966270274364355e-04
3.314599776881865800e-04
5.282020543891929876e-04
-7.505586890993454219e-05
6.439055852261454937e-04
1.251758773038236239e-03
1.137391635152806835e-03
2.269626238579069977e-03
2.545118061976103796e-03
3.130749027565937759e-03
3.416380941418106776e-03
4.202012855270220726e-03
5.432089213566859698e-03
6.117722075681342186e-03
6.803353041271220647e-03
7.477873844012328242e-03
8.563506706126822188e-03
9.526915449494410826e-03
1.047921403001322860e-02
1.147595705497661545e-02
1.220603341327319846e-02
1.362499866045874253e-02
1.397729724097762638e-02
1.494070693260751703e-02
1.620411662423748567e-02
1.692308187142305131e-02
1.787538140020428212e-02
1.833879014357181481e-02
1.862442205742398382e-02
1.866561047509407434e-02
1.887346366290615363e-02
1.826132020025317271e-02
1.762572936040984750e-02
1.722247238537316649e-02
1.610810429922526765e-02
1.582706954641083241e-02
1.417936812692971449e-02
1.357611115189300000e-02
1.273952084352292236e-02
1.169181942404179386e-02
1.089967356011617428e-02
9.051972140635022868e-03
8.337604054487190997e-03
7.245458190561604450e-03
6.042201215524900526e-03
5.161166462710364833e-03
2.980131709895972314e-03
2.565763623748107403e-03
1.295839982044688643e-03
-1.851947707697809697e-04
-1.099562856917535303e-03
-2.080597609732059983e-03
-3.194965695879903311e-03
-4.776000448694361911e-03
-5.832652310819752550e-03
-6.746051799648822289e-03
-7.827086552463280444e-03
-8.308120357015391644e-03
-9.266932887607715053e-03
-1.051463525535117904e-02
-1.077344778594341301e-02
-1.049892698320237239e-02
-1.089107284712803603e-02
-1.106099554056899636e-02
-1.090869696005009049e-02
-1.031195393508682612e-02
-1.085965535456800968e-02
-1.041846788516026523e-02
-1.043283597130811868e-02
-1.070276056127383857e-02
-1.110601658804816205e-02
-1.106482911864042906e-02
-1.100142037527285233e-02
-1.054912084649162196e-02
-1.105237782152834747e-02
-1.042230241149405545e-02
-1.090333716430857969e-02
-1.079332235976732113e-02
-1.016227740415187597e-02
-1.014331120870404224e-02
-1.019101262818522535e-02
-9.772048329261984190e-03
-9.364193244925378412e-03
-9.156340057113243613e-03
-8.792930365483286881e-03
-7.785076229408827153e-03
-7.066110982223317016e-03
-6.458255897886622243e-03
-5.417069376741134867e-03
-4.653659685111222188e-03
-3.634694437925689581e-03
-2.426840301851307391e-03
-1.296763943554712917e-03
-3.335425192479979373e-05
1.107833217483034094e-03
2.637909575779640026e-03
4.290208156298491726e-03
5.209173403484035347e-03
6.972583095113948914e-03
8.691548342299459939e-03
1.070156167176589124e-02
1.176594143578946206e-02
1.298490668297497264e-02
1.481498304127160104e-02
1.626728162179047477e-02
1.744180242453152729e-02
1.783854544949475818e-02
1.937973291890249250e-02
1.896536483275473861e-02
1.890655230216248261e-02
1.882551754934791433e-02
1.837781612986677526e-02
1.784122582149672009e-02
1.744907995757116748e-02
1.684582298253450849e-02
1.634256600749772748e-02
1.572819792134994010e-02
1.518049650186881205e-02
1.431057286016540475e-02
1.332953810735099109e-02
1.275961446564749524e-02
1.172302415727755065e-02
1.035310051557414290e-02
9.160954651648567371e-03
8.137700077884446603e-03
6.924332408525690763e-03
5.754410663347087063e-03
4.295597184492350173e-03
2.636784653900103859e-03
1.466864805246270720e-03
4.525014604102040039e-04
-1.328525706305372367e-03
-2.842895688977997715e-03
-3.979479886323966653e-03
-4.727187416829092825e-03
-6.008220273118869414e-03
-7.622589307529070712e-03
-8.470296416584366384e-03
-9.473561925982365572e-03
-1.014348461942327084e-02
-1.016895907537046506e-02
-1.071666523616343625e-02
-1.128659172265389365e-02
-1.162318013449920029e-02
-1.209310472446495366e-02
-1.252969408457260680e-02
-1.308850851168963381e-02
-1.335627074738870990e-02
-1.373633669215951203e-02
-1.323959461545853866e-02
-1.357618492382861586e-02
-1.401277523219862653e-02
-1.374936554056865878e-02
-1.323040029338318213e-02
-1.296699060175326990e-02
-1.282580313234549241e-02
-1.271794899627098907e-02
-1.239898469734784792e-02
-1.208001850190004722e-02
-1.147216436582559895e-02
-1.138653245197340791e-02
-1.100090148638360743e-02
-1.031526862426906943e-02
-9.462970043750240645e-03
-9.099560352120228401e-03
-8.580596053197109274e-03
-7.550519694900503787e-03
-6.898220166119239938e-03
-6.034811422751640286e-03
-4.815846175566185217e-03
-4.039166179432951420e-03
-2.785896578258284517e-03
-1.633598946001735275e-03
-3.685592103847001866e-05
5.487759928137769805e-04
2.523297743817098926e-03
3.575595376073659182e-03
5.239005067703583762e-03
6.769081426000134183e-03
8.076935562074560870e-03
9.862567475926786731e-03
1.162597716755670030e-02
1.316716463696449013e-02
1.453057432859439224e-02
1.568287290911335452e-02
1.607961688233888742e-02
1.647635895903981629e-02
1.649532136143833094e-02
1.598095612007749411e-02
1.566658803392978472e-02
1.542999772555975202e-02
1.493785186163409939e-02
1.472348377548637899e-02
1.375571932717495338e-02
1.356454353564295889e-02
1.296128656060624440e-02
1.260247403001391042e-02
1.172144022546184328e-02
1.108484896882944160e-02
1.039270310490386651e-02
9.233894367361050737e-03
8.363974518707073535e-03
7.294041394380113008e-03
6.068564093645922863e-03
4.843084896387017668e-03
3.750939032461375611e-03
2.836570946313565766e-03
1.299980637943565220e-03
-1.810541148709599035e-04
-1.839866645463206218e-03
-2.809790287166546996e-03
-4.268602817758870849e-03
-5.505192177866602421e-03
-6.141783434498948591e-03
-7.367262631757798275e-03
-8.159404702633987760e-03
-9.115973328396809183e-03
-9.762686026324685074e-03
-1.059928486905592493e-02
-1.105809834791049440e-02
-1.070579692260464899e-02
-1.089794752784201126e-02
-1.116787022128307161e-02
-1.088223830743079157e-02
-1.044105178628546016e-02
-1.014430876132216275e-02
-9.458676847469982274e-03
-8.784156044728930191e-03
-8.165190797543409040e-03
-7.579559831953575078e-03
-6.282815858727919256e-03
-5.674961722653582008e-03
-4.333774253245770147e-03
-3.237032176544862860e-03
-1.629178040470469213e-03
-3.546572377293721878e-04
1.130974676122720179e-03
2.883273256641560867e-03
4.402238503827149430e-03
5.821203751012693495e-03
7.586772636034744277e-03
8.828930177835925264e-03
1.048122875835483248e-02
1.234463844998479054e-02
1.366360369717029011e-02
1.461590227768910788e-02
1.556820085820803667e-02
1.655383277206007309e-02
1.710613135257904593e-02
1.648065215532013017e-02
1.613295073583898009e-02
1.481858264969110328e-02
1.423754789687670108e-02
1.312317981072885775e-02
1.101992283569214193e-02
9.616665860655460030e-03
7.724519996729795057e-03
5.932374132804230094e-03
4.829117157767515156e-03
2.881415738286374761e-03
1.100380985471938189e-03
-1.025097263524732405e-03
-2.828355186823727774e-03
-4.473897412912763993e-03
-6.065072256182524324e-03
-7.757218120108155812e-03
-9.493808428478189843e-03
-1.096373207018147555e-02
-1.172254270424905043e-02
-1.275913301261916155e-02
-1.334016302412183164e-02
-1.368786634012764125e-02
-1.332445759676009756e-02
-1.300549424609925842e-02
-1.314208360620694460e-02
-1.281201009269750113e-02
-1.227081977850258410e-02
-1.144074152368118602e-02
-1.093288738760689327e-02
-1.005836942965282477e-02
-8.961628301214275005e-03
-7.753774165139837304e-03
-6.379254310661164329e-03
-5.326954781879944534e-03
-4.241322868027808113e-03
-2.500136346882453342e-03
-8.790104312300095479e-04
1.075900799408779918e-04
1.693221993793014857e-03
3.056631685423027989e-03
4.620041377053074605e-03
6.005673290905177986e-03
7.413527426979593660e-03
8.299159340831752107e-03
9.995902365795061861e-03
1.062597872409171140e-02
1.245605508238833981e-02
1.335279810735162664e-02
1.374954113231485753e-02
1.390183971283376341e-02
1.387636051557483707e-02
1.336199242942698318e-02
1.264762434327915130e-02
1.188881181268691689e-02
1.076333261542805619e-02
9.471186751502325141e-03
8.379040887576794105e-03
7.098007083024715502e-03
5.216971381947821396e-03
3.438161252628191278e-03
2.024792635007044428e-03
3.104245488592671798e-04
-1.026165759510699882e-03
-3.373867178991907245e-03
-5.121568598473069667e-03
-6.835935736358544901e-03
-8.228081600284153918e-03
-9.798005241987539637e-03
-1.149015015765075809e-02
-1.288229696983866912e-02
-1.439666505598657942e-02
-1.528880997164971944e-02
-1.570317710953522683e-02
-1.572865535853185115e-02
-1.516523997732766027e-02
-1.552405440444465379e-02
-1.556064471281470851e-02
-1.493056835451805897e-02
-1.426715866288807977e-02
-1.368152674903594379e-02
-1.294034212441524945e-02
-1.168804259563405168e-02
-1.051352463768001622e-02
-9.259063597532146694e-03
-8.628022329603690643e-03
-6.897945971307106738e-03
-5.001203894606121025e-03
-3.571126588047146555e-03
-1.896604837043736058e-03
-4.109738714538901938e-04
9.524348719136543906e-04
2.538067734028204292e-03
4.379254255173659072e-03
5.853775057914678559e-03
7.483851416211384500e-03
9.247261107841353578e-03
1.028844857724903195e-02
1.095185826887890013e-02
1.148193462717556068e-02
1.176756654102784072e-02
1.191986512154663558e-02
1.143883036873211134e-02
1.058001783813988794e-02
9.721205307547609031e-03
8.373503888066458067e-03
6.959135801918592268e-03
5.891371353607344208e-03
4.744640954782053388e-03
3.219162705785483247e-03
2.127014945335237162e-03
1.793144741163987810e-04
-5.683878936271202775e-04
-1.916087416583500680e-03
-3.163790732589322197e-03
-4.455935648252640213e-03
-5.081414845511555978e-03
-6.629116264992740426e-03
-7.210149121282538598e-03
-8.380074659510627910e-03
-8.705553856769521204e-03
-8.997699720695084835e-03
-9.178734473509642111e-03
-9.248657166950613462e-03
-9.418581756916288850e-03
-9.010723827792554985e-03
-8.880650314282978464e-03
-8.350572059461602858e-03
-7.809381745266796848e-03
-7.123749831414616374e-03
-5.980332891837691900e-03
-5.504813674194808382e-03
-4.308131338022491708e-03
-3.522525027254030938e-03
-2.503512366950511048e-03
-1.495673403073882746e-03
-4.656387683211193895e-04
4.977623889476090469e-04
1.227837798981945561e-03
2.580136379500774790e-03
3.087990515575178563e-03
3.984733540538465402e-03
4.881476565501696729e-03
5.711552923798379755e-03
6.730518170983912363e-03
7.260594529280572917e-03
8.179559776466061027e-03
8.487413912540486827e-03
8.906379159726030004e-03
8.958677740244780363e-03
9.199865209652602349e-03
9.952163790171442148e-03
9.737795704023499699e-03
9.458986206878905456e-03
9.556728068193909298e-03
9.064582204268312182e-03
8.827991895898334995e-03
8.724735869123867449e-03
7.788144612491554319e-03
7.107109859677052111e-03
6.626072262075455299e-03
6.022818131825868893e-03
5.286227823455835750e-03
4.694081959530194137e-03
3.990824984493490657e-03
3.620901342790139310e-03
3.028758323651681295e-03
2.092165170494431070e-03
1.766685973235537777e-03
1.007873442643414386e-03
3.157275787177282744e-04
-2.541960629856565568e-04
-4.018974824667731482e-04
-1.205154457503521126e-03
-1.775078099206961468e-03
-1.722779518687989064e-03
-2.292703160391429407e-03
-2.127134275369424454e-03
-2.218310066901429956e-03
-2.166009589857853523e-03
-2.002601794752700837e-03
-1.639192103122744104e-03
-1.331337967048262794e-03
-1.190150497640540816e-03
-8.156296948994556928e-04
-2.855476470286499868e-04
2.778591998142121433e-04
4.190608931572969986e-04
1.315802969858281823e-03
1.690319979549881335e-03
2.153724929868039428e-03
2.683799391639929421e-03
3.747208135007618068e-03
4.088396552677675544e-03
4.785136732853856323e-03
5.526322305736908191e-03
5.767511671669334206e-03
6.453142637259157155e-03
7.060995825071247900e-03
8.468849961145608063e-03
8.534421796317193110e-03
9.121022728938055213e-03
9.739987976123631874e-03
1.081451162365176799e-02
1.138903242639277558e-02
1.204132816212460932e-02
1.250474069854168313e-02
1.282370879051419887e-02
1.299823054151771906e-02
1.307274849947165363e-02
1.279171659144423545e-02
1.233290311258966598e-02
1.175186456672572266e-02
1.110416788855633774e-02
1.051201538679424896e-02
9.375423181899489311e-03
8.449945881165321637e-03
7.546687009603869623e-03
5.954540197415925107e-03
4.573506392863746495e-03
3.481362425462930510e-03
2.200327672648438870e-03
8.415179868432320909e-04
-1.559515418323442759e-03
-3.117326478501880604e-03
-4.776133319519981768e-03
-6.823839480312898775e-03
-8.649326263670709114e-03
-9.952576600870899348e-03
-1.178923897718020530e-02
-1.283690436269174784e-02
-1.385124305270635237e-02
-1.492123212451257341e-02
-1.549111973224631678e-02
-1.586107940791933735e-02
-1.558658800131143551e-02
-1.521200176846751462e-02
-1.435973922191829955e-02
-1.357413670419926888e-02
-1.311072701256926765e-02
-1.189176081712145505e-02
-1.066166928662709568e-02
-9.164931951237964558e-03
-8.434859385990756131e-03
-6.338116361027434920e-03
-5.585818728770952646e-03
-3.942407057318297880e-03
-2.533558720841433409e-03
-1.025699843455296634e-03
5.488171662363927616e-04
1.767782413421847831e-03
2.897861616505570392e-03
3.983491633833102785e-03
5.146900377200669396e-03
5.621428766040603708e-03
6.140403495849711124e-03
6.614907229868349781e-03
6.422760417680362099e-03
6.763947887088117561e-03
6.394024245384710703e-03
5.724100603681392396e-03
5.276399184200197823e-03
4.195364431385684156e-03
3.414329678571248472e-03
2.233294925756745819e-03
9.300379507200529083e-04
-5.954412465389302689e-04
-1.954253777131209624e-03
-3.201955196612260579e-03
-5.338545504982361578e-03
-7.139643286626973229e-03
-8.675263522603449129e-03
-1.097852049764014293e-02
-1.182622191712140447e-02
-1.327392712965191901e-02
-1.456606920052805343e-02
-1.561377062000926519e-02
-1.637258315060147185e-02
-1.630917345897150983e-02
-1.650131932289713999e-02
-1.612679946841841239e-02
-1.530783327297055574e-02
-1.431109024800719665e-02
-1.279212500082171911e-02
-1.141760419808068860e-02
-9.776416728672854273e-03
-8.257451481487376732e-03
-6.016264012079719503e-03
-4.119520987116376265e-03
-2.100555739930842769e-03
-1.492382607870545996e-05
1.615152532217889458e-03
3.667451112736808128e-03
5.355242219981071194e-03
7.608510872893436972e-03
9.283031675634489943e-03
1.060199692282004502e-02
1.178762883667222594e-02
1.240659408385774709e-02
1.247000377548768135e-02
1.192230235600655330e-02
1.161904538096980577e-02
1.053801062815534761e-02
9.456975875340889459e-03
7.898163344748576620e-03
6.372684147489648954e-03
4.502760505786296275e-03
2.610614641860686813e-03
5.740243334906858230e-04
-8.403437526571799765e-04
-3.510267394360611082e-03
-5.280191036063919263e-03
-7.494560070474109992e-03
-9.386704986137306417e-03
-1.184551751672963116e-02
-1.317099671398852534e-02
-1.490536239886366965e-02
-1.614095323870701204e-02
-1.705532132485487740e-02
-1.732524591482059728e-02
-1.751739083048381440e-02
-1.704287002774282356e-02
-1.685723811389061577e-02
-1.572716175559393803e-02
-1.479708539729734929e-02
-1.352263002465906028e-02
-1.183702750694004546e-02
-1.071799682965174361e-02
-8.643512060880320647e-03
-7.180127024071669695e-03
-5.383307189857300390e-03
-3.753266865530291430e-03
-1.456490651384423352e-03
1.624347687820271169e-04
1.803586204220164468e-03
3.500328280921061186e-03
5.263737972550974753e-03
6.493818123897043826e-03
7.190557355810811568e-03
8.578415157507679467e-03
9.542823053314553050e-03
8.928457811953782741e-03
9.514084984494131092e-03
8.555276246951404318e-03
7.874241494136902109e-03
6.748773676026331714e-03
5.301076997856923878e-03
4.142244553755169978e-03
2.505654245385013912e-03
8.135083814594934459e-04
-9.675263713549986377e-04
-3.726338901947290339e-03
-5.462929210317324369e-03
-7.410630629798464764e-03
-9.958333945804254128e-03
-1.179492235764972863e-02
-1.392040155490859021e-02
-1.591254741883418866e-02
-1.746024883831526209e-02
-1.796350581335204311e-02
-1.896676658143819916e-02
-1.868113087453660004e-02
-1.851556198951456733e-02
-1.838451555882436583e-02
-1.697666142274992240e-02
-1.601325173111997624e-02
-1.499428648393447139e-02
-1.295309901452673662e-02
-1.152302265623006416e-02
-9.570724075711301015e-03
-7.607314384081353964e-03
-5.443904692451317917e-03
-3.602717223043672146e-03
-1.205974198080328463e-03
4.129910491051935750e-04
2.687511851846347000e-03
4.584254876809523704e-03
6.636553457328386862e-03
8.288852037847238563e-03
8.985595062810491918e-03
9.882338087773834268e-03
9.645747779403801569e-03
9.209157471033790898e-03
8.283678273774797152e-03
6.280421298738125824e-03
4.999386545923689695e-03
2.987177653167860658e-03
9.515574171913288026e-04
-1.318366224511924312e-03
-3.910512088437623213e-03
-6.247102396807646674e-03
-8.672581594066586241e-03
-1.062028301354772664e-02
-1.324576221080664418e-02
-1.564901918584335472e-02
-1.766338727199115444e-02
-1.927775535813899821e-02
-2.084767899984235617e-02
-2.195093597487904336e-02
-2.269863739436023264e-02
-2.242411659161913651e-02
-2.256070689998915246e-02
-2.226396197850114000e-02
-2.182277640561813836e-02
-2.104825465461473977e-02
-2.014040051854032454e-02
-1.927699177517275264e-02
-1.756913763909837001e-02
-1.628350572524611684e-02
-1.501787141012131399e-02
-1.279790195309726819e-02
-1.094560526910320908e-02
-9.359968613939229076e-03
-7.329888462593137088e-03
-5.588700044923067267e-03
-3.703071924120338032e-03
-1.784109521721866098e-03
4.596778483717534058e-05
2.153820024386743359e-03
4.172790012884175503e-03
5.680637511122077488e-03
6.699605603094571649e-03
6.596350524582628161e-03
6.315327150916427712e-03
5.800940099521478821e-03
5.197617694381928555e-03
4.449952308870464002e-03
3.168881522086275382e-03
1.643372928694264434e-03
6.240360598253058555e-05
-1.285333847468317359e-03
-3.566397996415893168e-03
-5.956319236846641108e-03
-8.103021187801096037e-03
-9.939611496171119054e-03
-1.223175736009671222e-02
-1.433501433513340029e-02
-1.590493797683675825e-02
-1.787486161854018318e-02
-2.015589637135464796e-02
-2.157026445750248600e-02
-2.251796587698368102e-02
-2.294344507424259105e-02
-2.308003538261260701e-02
-2.310551457987150559e-02
-2.273099377713047597e-02
-2.197869519661158066e-02
-2.194862073483963560e-02
-2.056298692446284493e-02
-2.003291056616615662e-02
-1.879172309675844477e-02
-1.766164768672418006e-02
-1.605379355064978641e-02
-1.547927179964628253e-02
-1.350475289343003316e-02
-1.167251681492881277e-02
-9.997024570081947115e-03
-8.333614878451967023e-03
-6.447982964599807687e-03
-5.073462161858777186e-03
-2.932274692450997922e-03
-1.124420556376570790e-03
6.389891352533982882e-04
2.402398826883311855e-03
3.654697407402207610e-03
5.029218210143238110e-03
4.914850123995451181e-03
4.967148704514312563e-03
4.341669507255341287e-03
3.727301421107442891e-03
3.246266668293029678e-03
1.431898582145263443e-03
2.953082737751633324e-04
-8.746153679282109294e-04
-2.877872342964882257e-03
-5.014462651334983256e-03
-6.951052959704939749e-03
-8.476532156963867415e-03
-1.057978913200066651e-02
-1.220310903050500495e-02
-1.388317381628842440e-02
-1.557531968021402813e-02
-1.722302109969517381e-02
-1.851516696362076608e-02
-1.995175727199083315e-02
-2.075501424702749786e-02
-2.201382677761981599e-02
-2.242819486376759763e-02
-2.239811850547093752e-02
-2.239026436939658971e-02
-2.201574356665550458e-02
-2.117455609724774868e-02
-2.021114640561785802e-02
-1.880329226954341459e-02
-1.747321591124681439e-02
-1.608758399739459999e-02
-1.413528541687575357e-02
-1.238298683635688513e-02
-1.016402158917140142e-02
-8.100611897541465378e-03
-5.448313317022612789e-03
-3.029348069837012325e-03
-1.330380421379007139e-03
1.134028738777659306e-03
3.608549541518846215e-03
5.160848122037708929e-03
6.746480035889845794e-03
7.632111949742059753e-03
7.762188308038653339e-03
7.481153555224162588e-03
6.744563246854073935e-03
5.985750716261895032e-03
4.938049296780711028e-03
4.145903432855091442e-03
2.420424235596130291e-03
1.361611705003928918e-03
-3.972008255883618943e-04
-2.189348586038697420e-03
-3.759270331217312577e-03
-5.640305084031793648e-03
-7.299117614624150985e-03
-9.213485700771906206e-03
-1.112785378691971694e-02
-1.273111076195646008e-02
-1.401214551477092396e-02
-1.557990985771970371e-02
-1.737108575461421278e-02
-1.858545384076210061e-02
-1.941093303802102210e-02
-2.051419001305768153e-02
-2.076189143253881486e-02
-2.140959285201998741e-02
-2.133507204927892476e-02
-2.120499569098230341e-02
-2.089714155490793313e-02
-2.085595408550017238e-02
-2.045921106053685823e-02
-2.008469025779580086e-02
-1.943239167727695005e-02
-1.936898198564696028e-02
-1.839446118290594123e-02
-1.726438482460931900e-02
-1.576764179964595947e-02
-1.515978766357156671e-02
-1.354082241638607242e-02
-1.297741272475608221e-02
-1.138066969979281695e-02
-9.661704452607278171e-03
-8.273913240000541069e-03
-7.242866914672907441e-03
-6.201679445265118051e-03
-4.416047531412947702e-03
-3.552637839782990525e-03
-2.189228148153088416e-03
-5.924851231897676485e-04
1.709245684402005416e-04
1.167667593403476367e-03
2.342188396144528895e-03
2.750042532218943681e-03
3.202341112737816520e-03
3.787973026589952497e-03
3.629160495997707514e-03
3.170347965405440060e-03
3.255979879257686616e-03
2.341611793109876771e-03
1.882799262517553807e-03
9.462089541475426913e-04
-2.237146875558870818e-04
-1.093638329259294384e-03
-2.063561970962635161e-03
-3.211263390443697130e-03
-4.401249955614749965e-03
-5.959092519176034664e-03
-6.995682827545979254e-03
-8.576717580360548876e-03
-9.457752333174973547e-03
-1.101656486376725863e-02
-1.185315517213730852e-02
-1.293418992495182218e-02
-1.427078023332184475e-02
-1.497403720835854823e-02
-1.616618307228412377e-02
-1.686944004732085500e-02
-1.759491924457981527e-02
-1.808706510850538463e-02
-1.882365541687541777e-02
-1.897135683635656211e-02
-1.927461381139325414e-02
-1.952231523087444298e-02
-1.978112776146670471e-02
-1.941771806983672022e-02
-1.888764171154005966e-02
-1.854645424213235971e-02
-1.816082232828017395e-02
-1.727519041442798775e-02
-1.679844498819205167e-02
-1.592292471692433042e-02
-1.528173724751655249e-02
-1.419610533366436056e-02
-1.361047341981225234e-02
-1.249150817262667523e-02
-1.131698736988562271e-02
-1.044246656714456489e-02
-8.945723542181233112e-03
-8.160091628329091407e-03
-7.252237492254731688e-03
-6.655494467291411809e-03
-5.325418108994783850e-03
-4.050897306253686825e-03
-3.409709836845908892e-03
-3.157411256327125049e-03
-2.205112675808251765e-03
-1.463925206400540358e-03
-7.449599592149747096e-04
-4.821693425172135505e-05
4.852609071159807996e-05
6.749133789707428832e-05
2.197899184159801678e-04
1.075811310226604256e-04
-5.026143253855641646e-05
-3.424072964641200478e-04
-6.789976048341417325e-04
-8.266990243153138351e-04
-1.218844888240921964e-03
-1.977657418833156378e-03
-2.680914393869915369e-03
-2.806393591128719667e-03
-3.787428343943299858e-03
-4.635129763424450378e-03
-4.838386738461097902e-03
-5.774977046831220040e-03
-6.744900688534560818e-03
-7.625935441349041000e-03
-8.773636860830241746e-03
-9.254671613644710471e-03
-1.080237303312586716e-02
-1.185007445260696790e-02
-1.248666476097703981e-02
-1.326769951379153101e-02
-1.394873426660594995e-02
-1.492976901942050239e-02
-1.541975558459149354e-02
-1.596648703704156569e-02
-1.699196623430052067e-02
-1.697300098711504446e-02
-1.734292462881836805e-02
-1.712395938163285836e-02
-1.782721635666961735e-02
-1.697491777615076081e-02
-1.688928586229856976e-02
-1.641476505955746790e-02
-1.612913314570529888e-02
-1.574350123185305761e-02
-1.461342487355649089e-02
-1.372779295970430469e-02
-1.326438326807433121e-02
-1.226764024311108314e-02
-1.179311944036998128e-02
-1.064082085985118553e-02
-9.388522279332289777e-03
-8.669557032146751885e-03
-7.450591784961269060e-03
-6.398293204442406790e-03
-5.490439068367936049e-03
-4.224870077983500227e-03
-3.060490419322492439e-03
-2.152636283248021698e-03
-9.781154805070246816e-04
9.640532223409437051e-05
1.104259458308443076e-03
2.023224705493986697e-03
3.075523286012793456e-03
4.061155199864996401e-03
4.580120447050528565e-03
5.332419027569368364e-03
6.029162052532677230e-03
6.203682855273728869e-03
6.511536991348154668e-03
6.330502238533708415e-03
5.827245263496927397e-03
5.557321621793620547e-03
4.376286868979117894e-03
4.284141005053476725e-03
3.191995141127890179e-03
2.688738166091164672e-03
1.429925635498929815e-03
-1.177757839822546337e-04
-1.121032759018925073e-03
-2.355398443894096694e-03
-3.924322617070818975e-03
-5.316468480996372481e-03
-6.508614344921920258e-03
-7.978537986625400258e-03
-9.626239406106518182e-03
-1.070727415892097634e-02
-1.199942097110898165e-02
-1.339156588677217763e-02
-1.493926730625330657e-02
-1.593141317017898739e-02
-1.739022570077120022e-02
-1.836014934247456876e-02
-1.940785076195569725e-02
-2.008888551477022721e-02
-2.074769804536247264e-02
-2.079539946484360025e-02
-2.104310088432473358e-02
-2.116858102984608969e-02
-2.080517038995374768e-02
-2.049731625387932188e-02
-2.025612878447158316e-02
-1.992605242617498384e-02
-1.941603899134605737e-02
-1.890721488824054219e-02
-1.827713852994389265e-02
-1.790261772720286304e-02
-1.680587470223959823e-02
-1.607579834394293194e-02
-1.564572198564631589e-02
-1.418231229401634153e-02
-1.349668038016413329e-02
-1.225549291075642144e-02
-1.161430544134872678e-02
-1.022867352749651237e-02
-8.787486058088767038e-03
-8.335187477569921954e-03
-7.416222230384406089e-03
-6.108368094310007157e-03
-5.011625069346659078e-03
-3.592659822161170524e-03
-2.840361241642386236e-03
-1.810284883345780749e-03
-2.357640806046057413e-04
5.387567221364908399e-04
1.791055302655275572e-03
2.378846515262045269e-03
3.643226173923097555e-03
4.062191421108585221e-03
5.125601112738409348e-03
5.033455248812934713e-03
5.419087162665037205e-03
4.982496854294971023e-03
5.023684323702759524e-03
4.731538459777195893e-03
3.561614818073821631e-03
3.347246731925934693e-03
2.821767534667007915e-03
1.929621670741454853e-03
1.148586917926963658e-03
2.342188317791538132e-04
-2.357048099241865202e-04
-1.238961784960912471e-03
-1.853329871108755356e-03
-2.612142401700989769e-03
-3.226510487848777142e-03
-3.774211907329960702e-03
-4.088579993477781116e-03
-4.758503635181154934e-03
-5.215156972381340683e-03
-6.139666097246754273e-03
-6.187367516727881878e-03
-6.268402269542394656e-03
-7.082770355690187758e-03
-7.163805108504672781e-03
-7.378173194652531963e-03
-7.514763503022547919e-03
-7.440242700281429755e-03
-7.632388564207059911e-03
-7.568978872577042383e-03
-7.427791403169375917e-03
-7.442159489317146104e-03
-7.400972019909413113e-03
-7.093117883835015069e-03
-6.963041525538393728e-03
-6.677409611686224711e-03
-6.102888808945189369e-03
-6.283923561759635623e-03
-5.609402759018611295e-03
-5.734881956277526616e-03
-5.660361153536463963e-03
-4.930284795239825435e-03
-4.766875103609902187e-03
-4.645685232929464004e-03
-4.725720517217313343e-03
-4.417866381142887544e-03
-4.365567800624026162e-03
-3.702158108994102470e-03
-3.805415084030705497e-03
-2.964227614623060614e-03
-3.111929034104232716e-03
-2.626297120252030215e-03
-2.407331873066520522e-03
-2.666144403658810003e-03
-2.458290267584373190e-03
-2.117102798176617728e-03
-1.964804217657767360e-03
-1.434727859361162317e-03
-1.682429278842323406e-03
-1.019019587212288691e-03
-9.889432289156840916e-04
-6.366446483968557501e-04
-6.732349567668549639e-04
-6.876030429147084178e-04
-3.575266846180813474e-04
-3.856143743252715694e-05
-6.325885743840853337e-06
2.691649893907244184e-04
1.021463569909508706e-03
1.018206594872894666e-03
1.348282953169577247e-03
1.556137089243903038e-03
1.475102336429445771e-03
2.038512028059380476e-03
2.490810608578142293e-03
2.331998077985952822e-03
2.562074436282590906e-03
2.925484127912492127e-03
2.833338263986961980e-03
2.963414622283555566e-03
3.049046536135691099e-03
3.412456227765758854e-03
2.898088141617904956e-03
3.250386722136733297e-03
3.091574191544432804e-03
3.188317216507752239e-03
2.918393574804334367e-03
2.881803266434335153e-03
2.734101846953163051e-03
2.833004065308564190e-03
2.375161607109932405e-03
2.916349076517610328e-03
2.768647657036438225e-03
2.509835126444148745e-03
2.651022595851870722e-03
2.692210065259659224e-03
2.766730868000721877e-03
2.774585004075180716e-03
2.949105806816121333e-03
2.779182165112858982e-03
2.987036301187240284e-03
3.506001548372716936e-03
3.158300128891511349e-03
3.243932042743757904e-03
3.529563956595982432e-03
3.404084759337011601e-03
3.634161117633594174e-03
3.475348587041404702e-03
3.005424945337953346e-03
3.224390192523518550e-03
2.998910995264614243e-03
3.284542909116838771e-03
3.394556238583257279e-03
3.070047113717888632e-03
3.389012360903331800e-03
3.485755385866651235e-03
3.415831744163266848e-03
3.645908102459904931e-03
3.064873349645391709e-03
3.583838596830979384e-03
3.458359399572064063e-03
3.543991313424255107e-03
3.640734338387519031e-03
3.615255141128592697e-03
3.911998166091890106e-03
3.519852302166170954e-03
3.594373104907400140e-03
3.313338352092853878e-03
3.532303599278363571e-03
3.762379957574946143e-03
3.781345204760533374e-03
3.666977118612690933e-03
3.419275699131585355e-03
3.893796501872603955e-03
3.701650637947029310e-03
3.522840508627389511e-03
3.876138557672936802e-03
3.928437138191798184e-03
3.836291274266157014e-03
3.799700965896157800e-03
3.940888435303879778e-03
4.115409238044931417e-03
4.023263374119345759e-03
4.108895287971536803e-03
3.550082757379280363e-03
4.057936893453684135e-03
4.021346585083629410e-03
3.640311832269205183e-03
4.025943746121363187e-03
3.733797882195799556e-03
4.197207573825689764e-03
4.149506154344562159e-03
4.290693623752339647e-03
4.254103315382229411e-03
4.495290784789995886e-03
3.914256031975482664e-03
4.433221279161070338e-03
4.429964304124345276e-03
4.260040662420916391e-03
4.236720658554071761e-03
4.812211533688603993e-03
4.375621225318648833e-03
4.561253139170828863e-03
4.446885053022986423e-03
4.554739189097378738e-03
4.651482214060753684e-03
4.637114127912900230e-03
4.744968263987292545e-03
4.686155733395036549e-03
4.471787647247205122e-03
4.368530672210491073e-03
4.620829252729330427e-03
4.662016722137063418e-03
4.425426413767086231e-03
4.599947216508082359e-03
4.396690241471434835e-03
4.693433266434732243e-03
4.801287402509124558e-03
4.909141538583572384e-03
4.761440119102344770e-03
4.724849810732290045e-03
4.954926169028928129e-03
4.509383942939870771e-03
4.451541484741139421e-03
4.814951176371151664e-03
4.589471979112191846e-03
4.597326115186595175e-03
4.538513584594339179e-03
4.879701054002039129e-03
5.120888523409805604e-03
4.895409326150845786e-03
4.992152351114165221e-03
4.788895376077406674e-03
4.830082845485139664e-03
4.904603648226202317e-03
4.901346673189588277e-03
4.786978587041745836e-03
4.839277167560496196e-03
5.002686859190530466e-03
4.910540995264944808e-03
5.096172909117124838e-03
5.204027045191572665e-03
5.167436736821517940e-03
5.430846428451430175e-03
4.983145008970346623e-03
5.104269449547838011e-03
5.324204769126927861e-03
4.965392238534704905e-03
5.317690819053477735e-03
4.958878288461310291e-03
5.111176868980160659e-03
4.974586560610005925e-03
4.971329585573391885e-03
5.701405943869974902e-03
4.909260079944410826e-03
5.250447549352110777e-03
5.402746129870961145e-03
5.032822488167665309e-03
5.374009957575309748e-03
5.470752982538629183e-03
5.200829340835266823e-03
5.286461254687457867e-03
5.416537612984106964e-03
5.668836193502946319e-03
5.387801440688455568e-03
5.395655576762858896e-03
5.347954157281731291e-03
5.533586071133855810e-03
5.399220386258618554e-03
5.608073990859774316e-03
5.427039238045328062e-03
5.790448929675340306e-03
6.131636399082984745e-03
5.661712757379588901e-03
5.758455782342908336e-03
5.455198807306271824e-03
5.674164054491726006e-03
5.570907079455011957e-03
5.845427882196108094e-03
5.886615351603785573e-03
5.772247265455998644e-03
5.757879179308200701e-03
5.610177759827028598e-03
5.806920784790392531e-03
6.003663809753589931e-03
5.922629056939132663e-03
5.986038748569066925e-03
6.227226217976833400e-03
6.146191465162320622e-03
5.820712267903371817e-03
5.817455292866646754e-03
6.247531651163373834e-03
6.124211541933988201e-03
6.299702522431060991e-03
6.240889991838860507e-03
6.182077461246604511e-03
6.278820486209868434e-03
6.175563511173098874e-03
6.027862091691982283e-03
6.246827338877602998e-03
6.599125919396375828e-03
6.484757833248588899e-03
6.037056413767449836e-03
6.278243883175105289e-03
6.052764685916200982e-03
6.449507710879487377e-03
5.990695180287219923e-03
6.154104871917143171e-03
6.006403452436082091e-03
6.525368699621503232e-03
6.644333946807023938e-03
6.296632527325873863e-03
6.404486663400321689e-03
6.090118577252501275e-03
6.697972713326838523e-03
6.674652604097608410e-03
6.083476917927987948e-03
6.569108831780134938e-03
6.510296301187878942e-03
6.707039326151187364e-03
6.681560128892205519e-03
6.944969820522284287e-03
6.386157289929916825e-03
6.505122537115437531e-03
6.601865562078812477e-03
6.587497475930959023e-03
7.006462723116446689e-03
6.858761303635330098e-03
6.788837661931945711e-03
6.907802909117466417e-03
6.671212600747433719e-03
6.990177847932932398e-03
6.631365317340709442e-03
6.905886120081777824e-03
6.891518033933896614e-03
6.866038836675025792e-03
6.907226306082731027e-03
6.759524886601614435e-03
6.913982555150022247e-03
6.856140202313787402e-03
6.852883227277034583e-03
6.960737363351454654e-03
6.957480388314785102e-03
7.076445635500278053e-03
6.573188660463608057e-03
6.992153907649123479e-03
6.866674710390180403e-03
7.163417735353477811e-03
6.971271871427875411e-03
6.968014896391178103e-03
7.298091254687805174e-03
7.028167612984415058e-03
7.547132860169947222e-03
7.010542551799947564e-03
7.218396687874301110e-03
7.215139712837548291e-03
7.156327182245347807e-03
7.175292429430796259e-03
7.216479898838557006e-03
7.157667368246301010e-03
7.509965948765157107e-03
7.375600263889947605e-03
7.195564979602137035e-03
7.403419115676601603e-03
7.544606585084295824e-03
7.485794054492067584e-03
7.515870412788672184e-03
7.790391215529685054e-03
7.276023129381886667e-03
7.550543932123010560e-03
7.680620290419659657e-03
7.332918870938481826e-03
7.662995229235108896e-03
7.604182698642825144e-03
7.434259056939479526e-03
7.275446526347179033e-03
7.761078440199409290e-03
7.513377020718220445e-03
7.676786712348143693e-03
7.929085292867066315e-03
7.414717206719267928e-03
7.644793565015878256e-03
7.963758812201376935e-03
7.816057392720177077e-03
7.612800417683529552e-03
8.145035864009747550e-03
7.742749066729059937e-03
7.606158758359016225e-03
7.647346227766721460e-03
7.877422586063359544e-03
7.940832277693266050e-03
8.170908635989987401e-03
8.000984994286558516e-03
7.597728019249849751e-03
8.105582155324281279e-03
7.668991846954270608e-03
8.065734871917473736e-03
7.851366785769697820e-03
7.714776477399626353e-03
8.311519502363001743e-03
8.152706971770673494e-03
8.405005552289623871e-03
7.679526355030635854e-03
8.054047157771693222e-03
8.184123516068342319e-03
8.458644318809410700e-03
7.910942899328143874e-03
8.374352590958200615e-03
8.384365815062244653e-03
8.337634573337054933e-03
8.212155376078111857e-03
8.231120623263615821e-03
8.205641426004744998e-03
8.546828895412444949e-03
8.421349698153501873e-03
8.618092723116810294e-03
8.470391303635665947e-03
8.500467661932298302e-03
8.686099575784533844e-03
8.571731489636663648e-03
8.146252292377753612e-03
8.354106428452079403e-03
8.584182786748745242e-03
8.703148033934238192e-03
8.699891058897568641e-03
8.329967417194189538e-03
8.548932664379699231e-03
8.312342356009694289e-03
7.953529825417415822e-03
8.661383961491825323e-03
8.591460319788413180e-03
8.812650085106343845e-03
8.876993920522713299e-03
8.640374216019458542e-03
9.103783907649432017e-03
9.100526932612706954e-03
9.219492179798255416e-03
8.794012982539289869e-03
8.846311563058206762e-03
8.643054588021475970e-03
9.150908724095879743e-03
8.836540637948087085e-03
8.877728107355764564e-03
8.641137798985704110e-03
9.304547490615766581e-03
9.067957182245678371e-03
8.798033540542232744e-03
9.072554343283356637e-03
9.091519590468888357e-03
8.910484837654414347e-03
9.085005640395438231e-03
8.959526443136522911e-03
9.234047245877619048e-03
9.319679159729837847e-03
9.418646702825467232e-03
9.049722635011248073e-03
9.135354548863411361e-03
9.132097573826686299e-03
9.306618376567765694e-03
9.336694734864370293e-03
9.322326648716627862e-03
9.207958562568757666e-03
8.971368254198697212e-03
9.168111279162061145e-03
9.309298748569755366e-03
9.750486217977527570e-03
9.613895909607483858e-03
9.588416712348529769e-03
9.562937515089575680e-03
9.348569428941799764e-03
9.167534676127270243e-03
9.864277701090606865e-03
9.683242948276160611e-03
9.191097084350507984e-03
9.698951220424939512e-03
9.740138689832700258e-03
9.514659492573684929e-03
9.624672716677690198e-03
9.744608141619287567e-03
9.763573388804847042e-03
1.006031641376808894e-02
9.612614994286922121e-03
9.687135797027957018e-03
9.817212155324606115e-03
