6.178478915528438975e+00
6.761892956767783089e-04
-1.349655908761803337e-04
2.066425698136313827e+01
6.428332809499076594e-01
8.031016493572504800e+00
1.005863951103448706e+01
1.040618680372513616e+01
9.945225381623551186e+00
-2.953594958222186762e+01
1.057321986932838742e+00
-7.789544913929415060e+00
-8.806080335670953829e+00
-3.005035115007169022e+00
-2.854613134419090037e-01
1.450155527179496140e+01
1.310595080125395739e+01
-5.776473332360428259e+00
1.703898410751839876e+01
-2.815967454670228776e+01
1.070660197568269645e+01
1.513061902693083915e+01
-2.079203538316358291e+00
-4.594408343546016127e+00
-1.626372426716499575e+01
1.818467846894960971e+01
-8.402566492817701294e-01
-1.036884846894991163e+01
-1.601000814322296906e+00
-1.703172638324048549e+01
6.652679008961535523e+00
-8.709938010066317071e-01
8.086373125830784048e+00
9.798572166163230790e+00
-6.405968780574395893e+00
2.063918464144882137e+01
-6.536463955274103732e+00
2.548245541315691032e+00
-5.965722204902625059e+00
-5.006040830098689831e+00
3.750750763074829575e+00
-1.429817272631611402e+01
-4.909824969468616018e+00
2.903495465461238823e-01
1.377514806486300891e+01
1.598087406100298402e+01
-1.269295699189863402e+00
-2.569938054710882103e+00
7.454534752094533090e+00
-2.149480847178987797e-01
-1.682494994761472018e+00
-9.642627763962984488e+00
1.270645844442871875e+00
-5.597565669005478917e+00
7.789400223187017858e+00
7.651794524068325387e+00
1.006824387983332514e+00
-9.570178174333038967e+00
-4.544077110417297227e+00
2.367787897704140665e+00
-4.039927574291216850e+00
-1.299510823499272227e+01
1.107581381022291200e+00
7.442809908279575559e+00
7.979249713946062528e+00
-3.170732338477638135e-01
1.839691202078103771e+00
1.004041438415768006e+01
-4.132660740537885680e+00
-5.082009039871108413e+00
-8.508267026269866307e+00
-8.922143122498026324e-01
-1.640184730124603085e+00
1.351780883033551817e+00
9.955227679000765661e+00
2.710365691684464728e+00
5.014466524416534732e+00
6.934095068107726689e+00
6.716726052641611489e+00
-6.350918012483933062e+00
-1.173073204188892227e+01
-4.124114132129602872e+00
3.721106398134502502e+00
-3.905162477117058994e+00
5.102023020302938860e+00
3.380414700519262627e+00
1.495428679689529972e+01
6.289198723188567097e-01
-3.520694830465821989e-01
-1.228816087434796200e+00
-6.798781116031678451e+00
-9.740274327544071298e+00
-4.838741004461604156e+00
-4.838764023399933834e+00
7.044095415832414275e+00
-1.643128678532498776e+00
1.388265433590533071e+01
5.917379429821544967e+00
-3.434553263480597529e+00
-1.424901910925940651e+00
-5.596537578240088351e+00
-3.456649373519897761e-01
-1.009065511218542888e+01
-1.129299879035000309e+01
7.405512614036596553e+00
1.855409892661918692e+00
9.315138361148179058e+00
2.854384927204222322e+00
3.804532395620052743e+00
5.029126064865472756e+00
-1.111900007378734934e+01
-4.404852223159886115e+00
-3.733367321338816769e+00
-6.064924904916975557e+00
1.927263193072889402e+00
-5.856755346166128140e-01
1.295250596273782051e+01
-3.527511668890225272e-01
1.848206010602633453e+00
7.477247491577061034e+00
-6.589291520254327850e+00
-5.577660537023501064e+00
-7.700052515098781747e+00
-4.378250447044895743e+00
5.310618921670298143e+00
-5.536995940427192231e+00
8.823360580595274172e+00
4.362862031960970555e+00
2.147705033438482403e+00
-2.764209684087036711e-01
-6.193068526259096984e+00
6.306162005258861836e-01
-6.275741645033617644e+00
-8.107294134832807586e+00
9.533942018910895877e-01
-7.665508618849036893e+00
7.641169370461917687e+00
6.319316836879051991e+00
5.102067359396587065e+00
6.728646015442683925e+00
-1.024330049261935294e+01
5.001568823234296524e+00
-3.275946389516176893e+00
-7.248765090447614412e+00
-6.273245044372176338e+00
-8.658399421131147022e+00
1.238108416773149578e+01
2.881334406574145302e+00
3.448682761955607745e+00
5.544021781633476920e+00
-4.729804826158037656e+00
6.330967725153497483e+00
-6.003874699698930506e+00
5.301459097855624192e-01
8.836752219271412301e+00
-1.788150428327618258e+01
1.556068546906704775e+01
1.563368188247616608e+01
6.671272795703362846e+00
-3.178722810719098124e+00
-2.099287734046393439e+01
7.050365366960542168e+00
-8.450764256007946784e+00
3.255252550682100621e-01
7.655101966026636617e+00
1.068083486403086230e-01
7.055638986307199545e+00
4.053182758117570117e+00
8.711845034048190106e-01
2.767771413335832875e+00
-1.237213252240069750e+01
-6.622360150008906210e+00
-1.191957508091128881e+00
1.823122161787936180e-01
3.398577497911229539e+00
-2.492162105045544251e+00
1.081664624600374047e+01
6.548593120380199473e+00
1.875522431074647223e+00
1.305239400364636371e+00
-8.164901057985940014e+00
-3.175157765244794206e+00
-6.275427610991353156e+00
-3.637797902278586459e+00
3.429722456531481445e+00
-5.059743398551622917e+00
4.445255361902825442e+00
3.429731573227573271e+00
2.496617593802770152e+00
2.568991374557069829e+00
-7.215992629725369589e+00
1.706425919128021329e+00
-7.264975319337724002e+00
-7.915573360462182961e+00
4.692597879837628883e-01
-6.106528079266525522e-01
7.891462920248075719e+00
2.587147441387118718e-01
3.703678369202179632e-01
7.245721097638769592e+00
-7.308184184360063007e+00
-1.112119337196876279e+00
-5.438878691968477064e+00
-4.423516697741290749e+00
-1.828407205711857886e+00
-4.028289517525273311e+00
8.991527757381344799e+00
2.933574687727679375e+00
7.782056049303369694e-01
7.401057658427724562e+00
-3.108298135474351742e+00
-1.501123996534317273e+00
-1.081841657762725895e+01
-4.966816458857166161e+00
4.363871981675667477e+00
-5.388804947555748903e+00
2.174546352914233704e+00
1.003063191630464646e+00
6.580971325684148887e+00
7.023282205237120657e+00
-7.242732334652270509e+00
2.679436834301639703e+00
-6.709791471142239061e+00
-8.064031746079830754e+00
-3.472344585158896546e+00
-5.987494885748920304e+00
1.942152642743159907e+00
-1.151308942271505487e+00
1.506062166630328658e+00
9.677647485489284662e+00
-5.965130859691180731e+00
2.343358077617756496e+00
-4.471275281109202027e+00
2.872988830023763818e-01
-5.813260160871653426e+00
-1.056241411710509404e+01
2.299850055857365572e+00
6.173150567022902102e+00
-4.565111700093090197e-01
3.968946146537474906e+00
-6.006839952765067325e-01
7.530584635128930060e+00
-4.666373227774155197e+00
1.871561890601582401e-01
-5.059663343623918008e-01
-8.034263561278809362e+00
1.205838691144650587e+00
3.063976515130136580e+00
7.603868298007119719e+00
9.794593156032452286e-02
3.410627043981543371e-01
1.006767895289588921e+01
-3.741266030433674228e-01
-6.019256388120543200e+00
-7.368454053389502434e+00
-5.669854274802942351e-01
1.843372793687310995e+00
-9.072674844851142950e+00
-2.259300539638481098e+00
4.299020003988238692e+00
4.668695801798331324e+00
2.056533279404544778e+00
-6.232347864190088238e+00
-4.332536331397648155e+00
-5.902905185720214831e+00
-2.451912998443809000e-01
-5.811697145391289121e-01
6.165098061677621866e-01
-6.986102668502497615e+00
7.950908429257985688e+00
9.720409001533690585e+00
7.961338002523643098e+00
-6.024659491626557895e+00
-9.243745423809732742e+00
-4.331222763654337449e+00
-9.010502458744733545e-01
-6.856814094678052918e+00
-2.706203958300427370e+00
3.133014627895501558e+00
7.118211980877154232e+00
1.440936635124001164e+01
2.517074353434562095e+00
1.106703854716140079e+01
5.420945399679611754e+00
-3.052300155051135278e+00
-4.972507801431501839e+00
-1.453961648123255657e+01
-7.792144875549774419e+00
-5.104381220002474073e+00
9.642952830570262535e+00
8.613217277820931272e+00
-1.057114381704293571e+01
8.826399298305824814e+00
7.556414370187709117e+00
1.135386617581821689e+01
-9.401354095044679227e+00
-1.898524619781009548e+01
4.334322103206033283e+00
-1.316494080028497926e+01
1.458348663912617837e+01
-1.453232565438097534e+00
-1.535331876310108923e+00
7.672056355778552605e-01
-7.644441574464726052e+00
1.878773664559232337e+00
-1.807653014702767891e+01
-1.405722320154744232e+01
1.002187656677165961e+01
-1.911011938102042507e+00
8.686587346652368424e+00
-3.091133145595001963e+00
1.141006787869629413e+01
1.082889054550529373e+01
9.207826644153435325e+00
-4.731790301133067089e+00
-1.156280544314586400e+01
-1.181307109174924186e+01
-7.043834698488931068e-01
-1.161233878460070379e+01
-2.926672656227808478e+00
-1.225400993320333143e+01
1.960231377463887625e+01
1.319027492602951845e+01
7.142608580406196728e-01
1.093936110911958082e+01
3.701835197699795632e+00
2.262759024484153336e+00
-2.233900189584563378e+00
-1.592884186614286612e+01
1.189150506037445609e+01
-8.691636611868597484e+00
2.432627053322151056e+01
9.623258994836721314e+00
-8.277425533395664559e+00
-7.028769023097442670e+00
-3.601119528066551112e+00
1.262895502289284622e+01
-1.223078120225311238e+01
-9.259179986578038424e+00
4.909436228318628359e+00
5.223362200600270455e+00
1.176254191032920282e+01
6.569133256111801877e+00
6.675680814510831063e+00
-2.982087926519667143e+00
-6.473488550325864566e+00
-7.712951389377068478e-01
-1.565093745805054226e+01
-8.631798954956275693e+00
-6.043374305948942649e+00
1.194354109034172273e+00
2.636505848897914284e+00
2.580590199635723336e-01
5.832328879816460976e+00
1.195158622217678435e+01
8.876772369331559887e+00
-7.275138192192346587e+00
-9.137316928799878113e+00
-8.112268791553063352e+00
4.309676548511098382e+00
-4.767697263629457005e+00
-2.218906788684191778e+00
1.324721003927444185e+00
5.758623513920432480e+00
4.845160180911852521e+00
8.511508845673372292e+00
-3.019596917084140242e-01
-2.715045867142459990e+00
-4.846707358962811796e+00
3.708061622176177519e+00
6.468632544914732385e+00
-5.215224363092572091e+00
8.893535945725233871e-01
8.075494302514664824e+00
6.920198132776147482e+00
2.304823323407064750e-01
-6.899933006674431546e+00
2.704716415966524234e+00
-1.248057368507554665e+00
-7.724095539697251489e+00
-3.468278050573156079e+00
-2.527254836256930925e+00
6.654007422321007503e+00
-1.374051636139368870e+00
2.818552988154450656e+00
4.744102806624424851e+00
-4.839738877273838114e+00
2.074780286205458513e+00
-4.085723950649176039e+00
-4.701849711314997626e-01
-8.840349245682933343e+00
-3.522646305673022393e+00
9.280308982030113896e+00
2.794685157170346823e+00
4.445680003712812467e-01
5.223508976257894787e+00
1.007400809718356882e+00
6.760417095854343472e+00
-1.025348491170275089e+01
6.581991207189923365e-01
-1.419730652645628144e+00
-4.179951117465016353e+00
2.856090563442212904e+00
1.838315063471657185e+00
7.760333478496607817e+00
6.152635896932314274e+00
1.383990058148736324e-01
9.831850914444164147e+00
-6.356712120633075891e+00
-3.450117157110701438e+00
-1.661398099717936061e+00
-2.186881754131074995e+00
2.210999029381311765e+00
-6.302446911240189742e+00
6.303384119719689593e+00
9.592052675291510511e+00
2.834871652586015145e+00
5.005449535030506603e+00
-4.803104104766918070e+00
1.981174985991540627e+00
-4.201420758426998248e+00
-8.471917716801488751e+00
2.622411589544335175e+00
-8.515179396806321632e-01
4.426554826115745023e+00
3.209857980733228366e+00
3.551093994852371427e+00
7.406048435389886997e+00
-6.127379100954597035e+00
2.816973663916126025e+00
-1.205406587076819802e+00
-7.472636203732816895e+00
-1.675432290120983936e+00
-1.678678039350182560e+00
6.466919413062392152e+00
3.327446719929033847e+00
6.241466147225027683e-01
8.388872291913873624e+00
-8.906811494149348141e-01
-4.821403278925372182e-02
-3.490856054045759382e+00
-1.971188320111922465e+00
2.009063983124733888e+00
-3.985980948713952365e+00
2.301714747430524177e+00
3.757020227217318986e+00
4.579946199635873683e+00
8.578298795945601185e+00
1.359863636982516555e+00
4.075155916963447145e-01
-5.798289897940992255e+00
-7.742423224413243155e+00
1.463730388364979706e+00
-5.571426100478460874e+00
-1.791630823854183596e+00
-1.397426410988269474e-01
8.144383266602210014e+00
1.067590074288428070e+01
-1.273282323519171921e+00
1.351872591572002680e+00
-2.759028213639231453e+00
-4.058852207153743841e+00
-6.407272197785943701e-01
-6.220449066449713627e+00
-6.284635784744488918e-01
1.638642605182455414e+00
-3.963057600746468179e+00
1.627198569768937020e+01
2.062443797985050176e-01
-3.777205013289516522e+00
-9.861423103703117476e+00
-5.621561272822575006e+00
1.023765492615189387e+01
-7.966104942772371800e+00
1.359237688137876043e+00
2.459290637769276255e+00
-3.640498451441614325e+00
2.732267077712456693e+00
-2.542087171967410075e+00
-7.142376884537776638e-01
-2.099070099997274230e+00
-5.214609645041431207e+00
3.062626459918849964e+00
1.222181830424113214e+00
2.389410676334314587e+00
8.159114039684699504e-01
-5.289193102934018897e-01
4.848539487193618491e+00
-2.901691515750187467e+00
-1.061997375079790196e+00
-3.096800119770909188e+00
-3.262917202713592868e+00
1.649233605773777533e+00
-1.675475303582917741e+00
3.164265980011990997e+00
2.142026058096530239e+00
3.116147471870354124e-01
3.801745235911119458e+00
2.895196728548337650e-01
2.653436635449767933e-01
-2.208517146309608936e+00
-2.974956793743973815e+00
9.944900167654534551e-01
-3.818751038940872089e+00
1.969027933678238584e+00
2.497485650020253800e+00
2.752240014515141109e+00
3.001298210586362814e+00
-1.995539023104963006e+00
7.671479114065414828e-01
-4.766068021038931679e-01
-4.550707108543187829e+00
-1.552617159589848861e-01
-1.970687794300314710e+00
2.021741031512367393e+00
2.441578704337140915e-01
2.447562295075857097e+00
4.250062140821385448e+00
-1.312956460685037019e+00
-2.454909576213498354e-02
-1.243004970005748833e+00
-3.354221294816715826e+00
-2.056561802965353625e+00
-3.241668131544553244e+00
3.856332310426647592e+00
2.328971824773078403e+00
1.804651079153651028e-01
2.760018250922286587e+00
1.573917764571257649e+00
2.266474288773022927e+00
-2.664243575352615245e+00
-4.157544639447444013e+00
-3.834524505145381346e-01
-3.492435594098157736e+00
7.782652464619005395e-01
1.200014206501097691e+00
3.799143224669900842e+00
2.664059246275985338e+00
2.154376149334094492e+00
1.515887751977164966e+00
5.009227864809554648e-02
-4.590147134377904337e+00
-1.054168096166144597e+00
-2.465614353355046973e+00
-8.652055863590453477e-02
-2.639805413034657100e+00
1.958220533451503043e+00
3.996361556368472900e+00
3.013838706705888271e+00
-1.956142699906884497e+00
-1.144281312847697851e+00
-1.035245416978683108e+00
-9.548691203566711527e-01
-4.209022077801053641e+00
-1.294007946828859223e+00
-1.023288362402622109e+00
-1.627986750284304285e-01
2.785510306897524657e+00
2.474379045747410633e+00
1.284950623720636509e+00
-3.220486920426996580e+00
9.155423036108343293e-01
-2.712264295383178259e-01
-3.862377129640658158e+00
-3.527990830054987370e+00
-4.472569597270135144e-01
3.910779019942212109e+00
-4.360387427677574895e-02
-1.125402562316520083e-01
2.579236316676181140e+00
3.960621505019362498e+00
7.247979658788771262e-01
-2.909607190590611570e+00
-2.508632215038840485e+00
7.079460470928664595e-01
-4.138151237053276921e-01
3.013175276464107100e+00
-9.767458624101531539e-01
2.726609036942846953e-01
-2.328332794218624269e+00
3.218917594927859227e+00
6.574052735363691280e-01
-5.556856210710318322e+00
-4.005392081986966168e+00
-1.046857127254817277e+00
1.538802294732593667e+00
3.575291484849106194e+00
-2.528250277650220479e+00
3.061276546713149305e+00
1.601622909716154730e+00
7.392803958258337138e-01
2.288058227039183379e+00
-6.526028210895383985e+00
3.275651952954104829e+00
-5.034010619004490650e+00
-2.579924481002876746e+00
-1.998200456011912651e+00
-3.798460027541084916e+00
6.468270496134219449e+00
9.907879774277277285e-01
4.653402727807468331e+00
-1.008008026037724214e+00
-5.111169512280492988e+00
6.598899624101458805e+00
-2.838129652641316336e-01
1.898926741213121439e+00
-7.049745512316482277e+00
-2.457824134412031292e+00
8.234898699718442572e+00
-5.273908338719888178e+00
3.354834369952306439e+00
-5.916220819034006873e+00
-2.995832773288988893e+00
1.385165619138146065e+00
-5.781216764562322474e-01
3.113111145567723614e+00
1.003187306062952144e+00
2.932251529633650211e+00
1.008693083426454784e+01
-3.757214376416840196e+00
-1.601844448566851487e+00
-4.193976549153427769e+00
-6.637515989226511204e-01
7.460117568117113906e-02
-6.990880265335214006e+00
-4.732397414681207337e+00
-2.853110922724019449e+00
2.373969993322402605e-01
7.576046327116662482e+00
-3.459042860506506667e+00
5.203084448904588655e+00
-2.305404115021339795e+00
6.170154438108449213e+00
-3.706998285757433287e+00
-1.036129138257148874e+01
3.478350875298261702e+00
-4.725042879479547153e+00
-9.071377931810948869e-01
-2.802835250029778624e+00
-4.337042241941362342e+00
6.275630781147426340e+00
-7.297678303177296044e+00
2.138609301861248146e-01
-5.911849519918916052e+00
-1.179725191498788028e+01
1.100256237501503198e-01
4.675944991663908645e+00
4.441320454909133630e+00
-4.330135193006149130e+00
1.678146276676295567e+00
7.172116267453527705e+00
-5.020793251794833933e-01
-2.827214931407480147e+00
-9.793949328255172615e-01
-5.867967034112857583e+00
-3.460735725589945577e+00
-1.789409973283607069e+00
1.341521400136580056e+00
8.016124110712513628e-01
2.129895128815391114e+00
8.311578959830807634e+00
2.480881734722604648e+00
2.063560121237794753e+00
-1.648496594780733127e-01
3.839616083476813518e-02
2.181331064822864541e+00
-6.166860507653339596e+00
-5.351282699054653591e+00
-1.247773516380070724e+00
2.162931789440666608e-01
5.240024530553312410e+00
-3.192093076316405043e+00
1.046062053354619437e+00
1.504883976034984139e+00
8.271465870293962519e-01
-5.652515031770340842e-02
-3.181314970423138266e+00
-2.878050007807625654e+00
-3.255242328556878562e+00
-8.440605512280339173e-01
2.029980677798495226e+00
5.329671682318851827e-02
-3.291152811546350421e+00
2.361387606612860068e+00
2.019622400763627201e+00
-3.783791729334365361e-01
-4.865826714426860100e+00
-1.741292366973703265e+00
1.638528087722904480e+00
-1.754279845909212598e+00
-8.961919892853189573e-01
1.184546080200199469e+00
3.449010040445938952e+00
2.751837145245952687e+00
-7.716356774042834044e-01
2.049897277262506368e+00
-5.269251770145533253e-01
-2.563637873853994442e+00
-3.720770348012795159e-01
-2.029653682096423495e+00
1.833645094345877080e-01
-3.016274474154296836e+00
3.371196914968375591e+00
3.983664847829355704e+00
-1.455548078689297586e+00
-2.861949546205369566e-01
-5.254866177240551384e-01
-8.258075264458980547e-01
-2.493879617452394726e+00
-5.461733896264584942e+00
1.008365302239847328e+00
-1.536096144635991978e+00
1.554663165402674352e-01
2.088846371263127555e+00
1.298843702295316538e+00
1.987775322843694958e+00
-2.600575770301711831e+00
-1.271700746384098579e+00
-2.161471047167243587e+00
-5.369930149031694633e+00
-1.638899826014017735e+00
-1.309528258177545534e-01
1.048212808810166319e+00
6.832346691823926177e-01
4.643323530024250911e-01
4.322280777742728120e+00
1.572569713836362848e-01
-1.614986019352298907e+00
-3.865924745506702287e+00
-2.892152644611482248e+00
-7.690971323732177511e-01
-2.572299174345313855e+00
3.037533476398629473e-01
3.045164132201054308e+00
1.856397262989824215e+00
1.896337503102759614e+00
-7.810395332528136114e-01
9.734805646054234263e-01
-2.159836627215499405e+00
-3.944200313092372845e+00
-6.340649491107207547e-01
-1.849122886078688799e+00
-9.835262503625954444e-01
1.330868333815409477e+00
3.185662819594849537e+00
2.324962576252946889e+00
-1.070700128355172920e+00
1.634695820661460353e-01
-9.179852799060782553e-01
-2.711813483908920741e+00
-2.813537834076709210e+00
-1.304898908403643532e+00
6.569781557888910717e-01
3.005722158817133449e-01
4.162254792425332250e-02
1.639113876515124524e+00
8.701025463385442249e-01
7.885479755859383655e-01
-2.419554369612869404e+00
-1.877768355386151056e+00
-3.583417263644605555e+00
-2.040731316502231607e+00
1.186458367032786176e+00
2.229579815685649447e+00
1.526060445466359994e+00
1.178666934993978899e+00
2.874705418591978923e+00
3.034745458173314869e+00
-2.507039603105157166e+00
-3.188599400517948546e+00
-2.899155250481714408e+00
-1.298152248711691881e+00
-1.069428901240196128e-01
4.899039440137335499e-01
9.081111172496332262e-01
1.342866983271441272e+00
2.215904148203489576e+00
-7.448555890640928823e-01
1.263904088870917874e+00
-4.654452788872763591e+00
-4.340885520510334494e+00
-1.522841588974582550e+00
3.442999872217458623e+00
3.200333644619377971e+00
-1.838256233280887830e+00
2.772490166146769575e+00
1.727147732615722742e+00
-1.507545295844554767e+00
7.775510474327674837e-01
-8.608367354543426941e-01
-5.116492245154793256e-02
-3.275614536191647774e-01
4.140399264336525054e-01
1.236969564013371548e+00
3.504382191536302704e-01
2.260729925790151973e-01
-4.345451456832563619e-01
-6.925091970254720897e-02
-7.514635883860208698e-02
-1.235568053521302723e+00
-3.199409019004554877e-01
-4.192876398746319122e-01
5.685765488077627605e-01
6.415611915988110869e-01
3.295189442828631021e-01
8.199742285910092132e-01
-1.458980685088788753e-01
-1.985641263218815289e-01
-3.376975372076565507e-01
-5.891816288457133455e-01
-6.957242604655329288e-01
-4.928072007356429918e-01
2.333121320132986454e-01
4.535038403236645865e-01
3.053052342240093475e-01
9.845636911301136607e-01
3.660314360485533713e-01
1.266964786548224753e-01
-7.602892956034909000e-01
-6.991701273971515640e-01
-2.143748617114116239e-01
-3.302910665307363658e-01
-1.138291975439374160e-01
5.765999168077151626e-01
6.639955244343234142e-01
6.240783141092980379e-01
6.441439067086991710e-02
4.770928967649617491e-01
-3.555051104072055046e-01
-7.525826449584697153e-01
-4.676099129393906373e-01
-2.635467351229489608e-01
7.974501272441247846e-02
9.187427315272767014e-02
8.588829833582556361e-01
1.040325151050359276e+00
-6.455812767333507507e-02
-2.343550886943980005e-01
-2.425386433772448169e-01
-1.363844114989924139e-01
-7.497477070103895080e-01
-7.930681465487869897e-01
3.840142017009823966e-02
4.312028051763894809e-01
6.398992466270125856e-01
6.124337100479096963e-01
5.480047564941401550e-01
4.042345641439560322e-01
-6.860086971597059158e-01
2.665258564200165964e-02
-8.439999400805184848e-01
-2.781136865898667376e-01
-3.330586135397354819e-01
4.743217211170274727e-01
6.921573376365210972e-01
2.505455306579035257e-01
5.129548563220508450e-01
7.787435519204163326e-01
1.875453042185086794e-01
-7.222665847861385602e-02
-1.034694284164813904e+00
2.177464139254474962e-01
3.450252336967847833e-01
-7.995356148790292924e-03
1.484945256837935379e-01
4.241854221252849833e-01
8.620399161650025288e-01
1.848228925065729666e-01
3.180427841247644993e-01
1.915739357974971871e-02
-7.554431401122893019e-01
-5.676914113023789898e-01
3.145868248298487879e-01
-3.069389227305546752e-01
-2.337839912199333736e-01
8.514746132497853781e-02
1.212796894861999597e+00
5.657884065837912591e-01
-4.678300070079533524e-01
1.607065301468889040e-01
1.454121380938966646e-01
2.273804957927198778e-01
-1.036728808587411788e+00
-6.165649820258515268e-01
2.000865837679214887e-01
3.507002863970868356e-01
3.264300046939993538e-01
4.062574351450082277e-01
-3.679972018724919081e-01
3.005457693079720549e-01
2.831505692923453887e-01
9.881317327192035149e-01
-3.050796561868925338e-01
-8.829698948665550828e-01
6.869985298820548980e-01
3.100888592193553062e-01
7.065149773554887380e-01
1.455641459871248322e-01
-6.485462883762862507e-01
9.716975473969733379e-01
-4.559326100436383172e-02
6.034896623664411097e-02
-4.424181948380051521e-01
-1.211120609096006273e+00
5.849130716553249121e-01
-1.369352720097686937e+00
2.467888291931002454e-01
-1.584093435023811169e-01
8.363430004611833724e-01
1.627844586317706677e+00
-2.988004058475002833e-01
6.169646196517760695e-01
-9.155459177577945917e-01
-3.443776418290072083e-01
8.835328040796422977e-01
-1.123631230626774391e+00
-8.788267060949126463e-01
-1.631082435236083317e+00
8.056438667553692534e-01
1.346808359704613878e+00
-8.009762472257672128e-01
1.239299609685624581e+00
1.966796739035269470e-01
8.063167235108862352e-01
1.235215188984976953e+00
-4.907900127648484045e-01
-6.769473583245154413e-02
-4.538403712477165342e-01
-5.138828674319327883e-01
7.939135613608513387e-01
-2.103575268916835661e+00
3.308053329388411790e-01
5.547597163286187572e-01
8.145962198496774498e-01
5.982251746892300881e-01
-1.122436163075686943e+00
9.325563503620561967e-01
1.394735550409872959e-01
1.360943612777900658e+00
9.956854648177534406e-01
-1.187683890178005797e+00
1.440811709655579032e+00
-5.049290306592177924e-01
1.345008011869036624e+00
-8.959471739000710588e-01
-6.999338807170506493e-01
2.186634045250156255e+00
-1.343275280823691187e+00
2.754442684997655544e-01
-3.622305100117775289e-01
7.132368960351496145e-01
1.586050644004570964e+00
-3.011062268232168604e-01
1.415695848151207414e+00
9.465535159440979784e-01
-7.641193191419646258e-01
2.923385404105918628e+00
7.369008811237767187e-01
-6.355188973008332187e-01
-1.329333503264141347e+00
3.772047814558730505e-01
7.018062928916440901e-01
-1.416693158989227763e+00
-1.850358628332736677e-01
5.067969025805704186e-01
-8.620694604043703801e-01
9.398966750419184280e-01
3.062352585224643042e-01
8.653645559720182234e-01
-2.824324920343611045e-01
7.975943911667998654e-02
1.023972436670269825e+00
-1.557489211098671777e+00
-3.516494820486279482e-02
-7.171261341038244197e-01
7.855566869859238743e-02
-2.334341979447528137e-01
-1.252139810729966829e+00
5.639955523485383759e-01
4.777119359125417408e-01
1.090090392309210676e+00
6.805754748099704932e-01
-7.108792359695504937e-01
7.177103391078784034e-01
2.649661539065475968e-01
-2.210080992598854530e-02
-4.628707152773845479e-01
-4.254243184452344839e-01
3.487447448967191943e-01
-1.142105018915515330e-01
9.896225799812771173e-01
3.561676127061040864e-01
-1.168338077615738296e-01
-4.088507086900929344e-01
6.350959358084810047e-01
-2.777642491981521366e-03
-7.720380607490708869e-01
-6.384328935306495811e-01
7.527696388208284795e-01
3.605833291048523015e-01
8.568508628572165525e-03
1.115610904504701628e-01
4.973667490949879033e-01
3.067748964155120328e-01
-5.785664442037519173e-01
-3.823220503195998710e-01
-3.334297457243149410e-01
-4.688784186618035199e-01
-3.216942910770501096e-01
2.125468685425181414e-01
3.907753616413222053e-01
2.187308765556976453e-01
3.183409227196454805e-01
1.011102638628384565e+00
-2.376612304932869402e-02
-7.205244434543567333e-01
-3.981861473811994512e-01
-2.786073036825432048e-03
-7.208097945401221833e-03
-3.719429433010281727e-01
4.518565894995016374e-01
9.063663688683316622e-01
6.268717215742742876e-01
3.581465331873625590e-01
3.766744704894599005e-01
3.806378824179296183e-02
-6.146937371542390283e-01
-5.814811905811472226e-01
2.602175125596027996e-02
-2.379349885339692994e-01
3.722739915189666182e-01
4.850115359039402496e-01
1.106094505241415282e+00
1.743142928596749797e-01
7.566511789645394281e-02
1.653516158172511630e-01
-1.077920205365127532e-01
-5.774414061989477931e-01
-6.773823516362456054e-01
-3.809489077670371038e-01
6.656914414237754540e-01
1.649152268540992061e-01
5.827309990439235587e-01
4.255659312262813909e-01
4.720517328348206032e-01
-1.125343124826301139e-01
-6.078184611950619987e-01
-3.418007582953141443e-01
-2.029475260554945426e-01
-5.888009980201566185e-01
3.996899057721261389e-02
3.811590097118350284e-01
6.381457718756206043e-01
1.145611347424300847e-01
5.622532228271410748e-01
3.811145558025217372e-01
-6.222075244429803309e-01
-3.582103821732033899e-01
-1.857525285240003710e-01
-2.535399133733094446e-01
-1.016464096950464580e-01
-1.151178516751945463e-01
8.163074962210464802e-01
2.085141383545971450e-01
1.757390966724108050e-01
1.187700443906998388e-01
9.851953664098088426e-02
1.106615271777214131e-02
-3.382767502370360169e-01
-4.849495500463912867e-01
1.360889951740012482e-01
-3.582150754794795056e-01
7.751418124809883459e-01
3.854988834918572360e-01
1.881090560390802635e-01
-7.949122166374755771e-02
-3.472035680019200377e-01
3.239472083609326036e-01
-6.321720963474868338e-01
-8.450576301774633814e-01
-1.311322266503759659e-01
-3.551190797923542419e-02
7.563077883455757711e-01
8.067279231524718264e-02
2.588876477889691663e-01
5.065503506578505205e-02
-1.278670013047750360e-02
2.038249729908646890e-01
-4.303613748774557379e-01
2.315386290526648405e-01
-2.648082111595460031e-01
9.104649994787271383e-02
1.093031038433178947e+00
5.408573481182054055e-01
-2.436764090342448119e-01
-5.465416209342437437e-01
8.489856726281629073e-02
-1.699641312168941043e-01
-5.353356036453623679e-01
3.651671904338499863e-01
1.282933645320221902e-02
