-2.849557655348025076e+00
1.661410899592094060e-03
-2.610243217652322752e-03
-5.140390903149183011e+00
-2.850084243594896982e+00
-2.426780584886709669e+00
-2.406529881154999995e+00
-5.244691797216240126e+00
-4.305226114706384166e+00
1.006836703187082804e+01
-1.024098636335514900e+00
3.617061073492279011e+00
3.990558486224866197e+00
4.559437930870000599e+00
-2.759604466861861116e+00
-4.243230270111145508e+00
-2.819976280503409427e+00
-6.113030511709622861e-01
-9.013733143297866235e+00
9.705224327752446811e+00
-2.128323745599880912e+00
-8.543772187031626331e+00
4.038677766572538630e+00
3.846678527951342907e+00
5.483288930001466888e+00
-4.098270501786535291e+00
2.248733190552199890e+00
1.014668817937143808e-01
-1.734097232299966818e+00
6.539860059830451711e+00
-6.743259887230801386e-01
-1.501857764397554362e+00
-1.973805028790651894e+00
-1.816478611185077252e+00
2.904886769368763666e+00
-5.361538591661846986e+00
2.914868140585769929e+00
-3.457586820430316621e+00
5.525657935856015390e-01
2.235166285756895022e+00
-2.139034361843943355e+00
5.695452145422009949e+00
3.519565512482595970e+00
1.939678981000752422e+00
-4.354553695149175674e+00
-4.911606717887150531e+00
-2.738818146635198514e-01
3.897748393031912895e-01
-2.998570004426176716e+00
-5.545666166000241537e-01
-8.243448015873732215e-01
3.103403372242680369e+00
6.648100591093957235e-01
3.976964012615830324e+00
-1.363144374152079008e+00
-2.292132118946862196e+00
-8.975886167511005764e-01
3.389786289752576565e+00
1.435120237842018476e+00
-2.168348557007544475e+00
8.179871510443159632e-01
4.189745355673315963e+00
-1.725525420030337598e+00
-2.556932242644181397e+00
-1.267951751421014350e+00
1.002870923495867289e-01
1.642276924239951807e-01
-3.712659900578388683e+00
3.286762507553211976e-01
1.504928470036128507e+00
3.516780002641757719e+00
-2.424254161719054390e-01
1.937071100581215510e-01
-7.278100645399739888e-01
-3.154875319783676968e+00
-8.374787082972373620e-01
-5.802087806853957197e-01
-1.537466050980080823e+00
-4.156505647191561792e+00
3.173466338022477018e+00
4.447565097225501418e+00
-2.679544380767596712e-01
-1.990362063831117023e+00
1.098552321738903048e+00
-1.381962081330705860e+00
-2.185612348669963900e+00
-3.898058746847465006e+00
8.863770666901500395e-01
-1.406264921040928373e+00
1.537740701009415289e+00
2.111159946411704791e+00
2.572169998508567978e+00
1.290064202610231581e+00
-1.207899612491300373e-01
-1.647283169855731089e+00
-6.199751536178034206e-01
-3.420556211826325743e+00
-1.248603227999612875e+00
-2.118238100723121298e-01
2.331878853218206871e+00
6.748114654249239841e-01
4.974136093543456427e-01
3.104283867719235257e+00
1.207541053394441288e+00
-1.868391897145774250e+00
-1.109842111939930209e+00
-2.241258070365505617e+00
-7.816716473718356983e-01
-2.571482782052549876e+00
4.927512144045195774e-01
2.713505622799012418e+00
1.781441677333928109e+00
-1.060859600503027689e-01
1.689745469815323586e-01
8.508145703541444282e-01
-7.571201853225529854e-01
-2.819445139874814377e+00
5.501645119589366750e-01
-9.580989989927516381e-01
-1.163151896111658479e+00
1.403831317512113541e+00
2.557652022931255598e+00
7.166199013423785180e-01
-3.068093813623442023e-01
-1.397319674504773068e-01
1.833081334159653297e-01
-2.425773833429697657e+00
-1.151381891046197481e+00
3.877933257814970003e-01
7.912155783180704338e-01
-1.779248481296369644e-01
-6.749291240598265240e-01
8.664369547548990136e-01
2.265553593782528186e+00
-1.314480762000545866e+00
1.378215222789211936e+00
-2.140275209408853740e+00
-2.969700010812283408e-01
-8.104640704937928763e-01
-1.791378146455538500e+00
2.833450698531354117e+00
-2.118330392652927774e+00
1.863236880875064339e-01
2.412791419421187911e+00
-3.274546946228222843e-01
2.093699558892107238e+00
-3.124490722603157966e+00
2.613651927416353438e+00
-1.017312281043467159e+00
-1.017463550559246865e+00
1.270478699289002256e+00
-5.840451975995769374e+00
5.154680635431332369e+00
-5.893950990503216580e+00
-6.724322907784502590e+00
2.181247917953094362e+00
-7.080104143651798410e+00
4.031117873469294843e-01
-3.116350741674604463e-01
2.245907280960397490e+00
6.393512518776991449e+00
-5.677289000429294852e+00
7.094027774271143727e+00
-5.844752563842707360e+00
-5.308630651237144171e+00
-9.764443434155274382e-01
-1.371094526262847113e+00
1.708440573802708418e+00
5.860735715919814792e-01
1.452149570762588437e+00
2.712243668820479403e+00
1.813182010316709114e+00
4.856448692660510491e-01
-1.352678621873199205e+00
4.882228711413034994e-02
-1.350435550142344399e+00
-2.636839937445793591e+00
-5.443090223090857327e-01
3.477199592204161527e-01
5.766469853677399504e-01
1.750267345564112897e+00
1.725127876330827537e+00
1.455450121696943322e+00
-4.190826820853630341e-01
-7.378970197070182646e-01
8.924883892032232646e-01
-2.303070157834614939e-01
-9.917034703277404217e-01
-5.090922103870898496e-01
-2.695575741633706723e-01
1.799779035159288165e+00
-3.865021429404469910e-01
7.477474002656011587e-01
2.219081977975225772e+00
-4.534582299701106489e-01
-5.594426561014401722e-01
-1.307496634690850978e+00
3.633500308833261805e-01
4.915530917500971486e-01
-8.370746697472987163e-01
2.183069575876863233e+00
-3.709077732013595780e-02
-3.415422236950016455e-01
1.518698083986286029e+00
5.055980060868390247e-01
5.466146031407039807e-01
-2.273710702751904567e+00
-6.564738797348926846e-01
1.655633372604813580e+00
-1.366156004020470993e+00
1.698555020713972352e+00
7.311005476784363522e-01
1.719120160853711665e+00
4.378466931177398269e-01
-2.177934933970334885e+00
2.166553966148839994e+00
-6.788467031712898114e-01
-1.090193588879621256e+00
-2.805051968112785565e-01
-8.350221901034485805e-01
2.489583511924266190e+00
-5.862613142206084538e-01
1.590274000040130309e+00
2.150582682040530713e+00
-8.610054173755390394e-01
1.771865676049454219e+00
-1.426180303294369400e+00
6.936284967018087055e-01
6.616926005276299039e-01
-1.715368433392346903e+00
2.843454468205059094e+00
2.623953134915958385e-01
1.368331570404044850e+00
-1.775948084816730277e-01
1.876954278500270190e+00
2.760510299169112169e+00
-3.138832957548089553e+00
-1.115617814758713244e+00
3.116866529235827521e+00
-5.472409457811345801e-01
2.413516383004617738e-01
-9.194335577066747867e-01
2.647877091343418865e+00
-4.012719679135962614e-01
3.068802001327937679e-01
1.626725132661224205e+00
-2.734521303921304991e+00
-3.006010003867034985e+00
-2.926849040415714365e-01
-2.249375029752364100e-02
-5.957870270730710738e-01
-2.288484195456521153e+00
1.078112600510370944e+00
2.973986774236335062e+00
1.497492063656125527e+00
-1.416682000161803012e+00
-2.966970403816429069e-01
2.746662146060480314e+00
-1.189633731442379050e+00
-2.028396431837786729e+00
3.074083718869267123e-01
2.603522830014389999e+00
1.096952665056085019e+00
2.495713537738598831e+00
-3.911844240727076483e-01
-5.952486278428108513e-01
9.785814472677644149e-01
9.034299667015387447e-01
2.367226485550203208e+00
-3.896262215027554099e+00
1.099064080400090349e-01
8.547505877363955618e-01
3.146895407284057367e+00
4.356491755256467258e+00
-2.286541275067051071e+00
2.017241010772099052e+00
2.135889916785766118e+00
-2.060222190220722283e+00
-4.052243981362417813e-01
-3.668286961465391904e+00
-2.282602881449319554e+00
-1.718259376133120409e+00
-2.663290075960248693e+00
-1.857533557510433031e+00
1.243000450206459107e+00
5.056650036630195189e+00
1.638470509535021824e+00
3.487780625956921066e-01
9.794287556303905573e-01
-2.650226384680981262e+00
-1.542259658566324854e+00
2.696438234513709009e+00
-4.161538459579870342e+00
-6.727183187587749025e+00
-4.254335027038731454e+00
6.631240847143937245e+00
1.618390593434844815e+00
-5.915090322386337141e-01
6.456025611393966912e+00
-2.980466741881013348e+00
2.061223275127096244e+00
2.771801436969428156e+00
1.830977542148738646e+00
2.451739821506061290e+00
-3.014801853116077623e+00
7.986133979189070864e+00
6.956460311586429301e-02
-3.869590053443372035e+00
3.254078561253342716e+00
-1.567244157617814437e+00
1.705381189362813243e+00
-3.807971783228520479e+00
1.741674432089516333e+00
-1.671147317051758119e+00
4.390350175583778380e+00
4.204730532253122988e+00
2.588541052796260900e+00
2.260615129942472379e+00
2.230570192223308545e+00
4.439885747496312263e+00
3.351968462252433500e+00
-7.948384846032975126e+00
1.555067288873452247e+00
-3.298837751112428496e+00
-3.427269460499244413e+00
-4.455590095320445698e+00
2.298002311496440964e+00
3.415995848250199973e+00
2.568940478474447620e+00
4.941677821561932249e-01
7.845678786487557232e+00
-8.716298006586546521e+00
1.712147173143106160e+00
6.669715028086054431e+00
-2.200386015046866373e+00
-3.517410036451708244e+00
-4.413200438179854856e+00
3.697445788856443816e+00
-1.972982383068458301e+00
1.382764576882474228e-01
1.973059220866304475e+00
-5.117396752132679083e+00
-5.877139882234644341e-01
6.260933776513994964e-01
1.851955003082733420e+00
8.161891424091527458e-01
-1.967466211168128032e+00
4.799199513333542555e+00
-2.169454454448605407e+00
3.303030225841377732e+00
-3.686549010816984051e-01
-1.318624337322431561e+00
1.255052032065860024e+00
-4.426001692924407926e+00
-3.295794165118239860e+00
-2.309110503181019514e+00
3.522495406838010990e+00
3.700643150491612854e+00
3.486643214104349076e-01
2.341133720701457921e-01
2.436043315979698587e+00
4.575023888972593045e-01
3.849624380451394656e-01
-2.233315747132737172e+00
-7.502747233510287383e-01
-3.615608520892435784e+00
9.876912235013360908e-01
1.441836488781675474e+00
9.659916812491168292e-01
-2.696142312827908061e+00
-9.530422391260984227e-01
2.102013693337561051e+00
-8.794940605339218731e-01
-3.538313472475992594e+00
1.147535878908316764e+00
1.731699559193645488e+00
9.001440126935845720e-01
-2.826704711657679336e-01
2.569234451911645567e-01
2.729308580585515287e+00
-1.543076968163800411e-01
-6.823408414954148515e-01
-2.656185900456946580e+00
6.206815527353730377e-02
-6.180227145533193633e-01
2.499369741507262155e-01
2.221077051312963846e+00
6.320037089712732259e-01
6.255648007528730181e-01
1.253724863349853003e+00
3.473181958423389393e+00
-2.175233412874109984e+00
-3.749000813310237490e+00
3.606082588671705169e-01
1.313998030104919001e+00
-1.364939420888569233e+00
6.774180181737888828e-01
1.642870025843035986e+00
3.165482104492561177e+00
-7.844183211513009457e-01
1.610052755558010196e+00
-6.105524220265328150e-01
-1.821347022657891168e+00
-1.777207833923926339e+00
-1.088314147235448281e+00
-3.038218793698810871e-01
8.996245730034908572e-01
1.051728352711337050e-01
2.750771249451144929e+00
7.296779137781719271e-01
6.374856481323747381e-01
-1.507511099484514450e+00
-2.712463694835078876e-01
-2.550005669077605730e-01
-2.595216988637495614e+00
-1.115064498047892982e+00
1.119038607956588605e+00
3.579222686867371550e-01
1.693679908187053051e+00
4.454485603557265527e-01
2.331149740548180027e+00
-3.051249370012106277e-01
-1.863482798739393820e+00
-1.215205837831092595e+00
-2.250380724510365749e-01
-2.524879012141920676e-01
-1.069997714282818979e+00
2.966995469112131412e-01
2.126928726362289357e+00
-5.712801166450226509e-01
9.570681952740395237e-01
1.206573688282533086e+00
-8.091486341501559210e-01
-1.715530594546873733e+00
-5.227383247551815604e-01
2.197937940179090222e-01
-5.642286482298317640e-01
-5.561845910651199709e-01
1.869663494407856508e+00
7.283885488248134088e-01
-1.910069541900954460e-01
-4.038126391607589349e-01
5.793119619013090693e-01
6.622367345703799035e-01
-5.170385546795710496e-01
-1.731677640433675336e+00
6.150214454215137128e-01
-1.514001575441553005e+00
1.506059856098364014e+00
-1.589914787749851510e-01
8.047317672497054097e-01
1.351320821337323563e+00
-1.721375723011645098e+00
1.951857860115784771e+00
-2.636745165137300284e-01
-1.915624850533945267e+00
5.480243266428904206e-03
-1.753807563672394654e+00
2.091703628171629692e+00
-2.414871827657704362e+00
9.049283885648707892e-01
5.009333802742306219e-01
-5.808073422101508454e-01
3.855987503386664184e+00
-3.154362029221596586e+00
3.991170048201369891e+00
4.006400168383305704e+00
-1.373882431755625744e+00
4.861257895341871915e+00
-3.480958659095695351e-01
5.772359776093992645e-01
-1.547552243191326671e+00
-3.556969182875272306e+00
3.524593509983063200e+00
-4.695228131466036459e+00
3.909961004218780012e+00
3.527926328538904421e+00
4.873861565291128795e-01
7.757374646548775843e-01
-6.546351012335376307e-01
-1.383407775959223651e-01
-5.534786449740753955e-01
-1.313698160709227070e+00
-7.695562288310542343e-01
-3.111112736273847212e-01
4.892882115641140617e-01
-1.423612202214819544e-01
5.580088472458794024e-01
1.359455083198595648e+00
3.382352631073622939e-01
9.384440946468728881e-03
-2.404732483574077012e-02
-7.753183460998728238e-01
-7.247758048357881844e-01
-8.545646208404981126e-01
1.707428939929370448e-01
3.250375522916887361e-01
-5.402753998724946216e-01
2.411649732222083120e-01
4.509075237152420645e-01
3.599020058254082111e-01
2.912041969385758544e-01
-7.101218199002646836e-01
2.856792337097645018e-01
-6.028116755204635524e-01
-1.058134922394923905e+00
1.042107452798249206e-01
8.508186308299389711e-02
6.449958547727312475e-01
-1.676552564715066140e-01
-8.747448691256329290e-02
4.587915242346286004e-01
-9.319388466002042071e-01
9.442339557513866610e-02
5.001409767007920781e-02
-7.032617518012194147e-01
-4.605155431322747739e-01
-3.415318348182672104e-01
1.039711572271819096e+00
2.659719781721797682e-01
-5.883176662042799432e-01
8.208089357566022981e-01
-6.997460871415308592e-01
-2.393284726902138171e-01
-8.606787897122417652e-01
-1.696588008052341556e-01
8.626813154943379081e-01
-1.144460560490567325e+00
3.331080145763680722e-01
5.080700471630037462e-01
3.080343482239552566e-01
5.040746482639268944e-01
-1.007086596050650540e+00
5.216084532570067767e-01
-8.182057002771401244e-01
-9.914540260208017930e-01
3.133421217019710658e-01
-1.060179323297887333e+00
5.227181748723889188e-01
-3.356088400788765913e-01
-1.346947033729991028e-01
7.306842569434246482e-01
-1.165988210509774303e+00
1.794913361921868233e-01
-6.843325939765968480e-01
1.291090775410245195e-01
-1.011272956400057543e+00
-1.356240020793797241e+00
1.238742017542142193e+00
4.759442021486801067e-01
-1.405780911960190283e+00
1.159994090626244728e-01
-1.802302874727806925e-02
5.762277250858088840e-01
-1.259762967829481717e+00
3.045462157324790864e-01
-3.236341792388681138e-01
-9.083981616207255083e-01
1.194775091755975627e+00
1.408029535610863192e+00
1.053465076690830310e-01
-9.643804902469962220e-03
5.029551046014888449e-01
1.188885227260734867e+00
-5.356661013155037399e-01
-1.218058774772735386e+00
-7.132748014351161236e-01
5.923048190357957932e-01
-6.318723764224740136e-02
-1.334318174536738733e+00
5.106329095900570270e-01
9.560255885051881508e-01
8.063226428361612574e-02
-9.564589091947051092e-01
-4.871455108902542630e-01
-1.131407322454356823e+00
1.835604443859490398e-01
4.405101651190023726e-01
-6.163290041219170456e-01
-6.884501370669383613e-01
-1.145631603072541971e+00
1.765260169905617182e+00
-2.831397884685946456e-02
-1.550541416999682842e-01
-1.270193136748969831e+00
-1.903371160312372412e+00
8.973960380037684370e-01
-9.585517948900654783e-01
-1.203727415118370558e+00
6.286558234502148679e-01
1.340929947331360728e-01
1.471255830386979602e+00
9.971892328213820544e-01
7.969841538451429841e-01
1.411089471513681026e+00
1.200673725462877650e+00
-3.890587041917821232e-01
-2.219077890821119503e+00
-1.256114113781452213e+00
-2.947925083899370358e-01
-3.806502586189223214e-01
9.347316542500986314e-01
5.662030749481700154e-01
-1.168217977770300786e+00
1.818013330638188041e+00
3.086352925832255512e+00
2.532551943847467957e+00
-2.644817626238695762e+00
-7.017972759379528247e-01
4.024215401250561541e-01
-2.714745570395220131e+00
1.113544913052121998e+00
-1.013447270940839973e+00
-9.252221930382802384e-01
-6.258742095272654682e-01
-1.009537233903956999e+00
1.415736757271693014e+00
-3.784911938170671508e+00
2.709662283798732751e-01
1.668319648354321227e+00
-1.309345334857227483e+00
5.491795655976271506e-01
-8.047565235744792433e-01
1.639420587559796694e+00
-4.934272272584503405e-01
1.497418327406093264e+00
-1.906392991285884353e+00
-1.963587666654189379e+00
-1.281531738334416692e+00
-1.228562600176054120e+00
-1.211461154959687425e+00
-2.245337423857707293e+00
-1.503518829293384318e+00
3.694898905899334896e+00
-1.030628025024511230e+00
1.713435650654218767e+00
1.768435833622683528e+00
2.472547110734286235e+00
-9.942896641249894252e-01
-1.463590261795051806e+00
-1.378923628439470139e+00
-2.613810823603462952e-01
-4.035293349329980295e+00
4.550399743221027471e+00
-8.072027337950283821e-01
-3.035626165862897352e+00
5.737429797192924452e-01
1.927386656871711734e+00
2.054023159404071208e+00
-1.868011057228344374e+00
1.017613615232258795e+00
-1.308517672953592170e-01
-1.273671129964959903e+00
2.332532945333568364e+00
7.966017054817703391e-01
-1.167092741350790469e-01
-1.026530265085541460e+00
7.971946051668667155e-02
8.124273078369134149e-01
-2.476464010562725360e+00
8.645353750033882845e-01
-1.731158329674284957e+00
9.259043946592507290e-02
3.364721741952329537e-01
-3.905923384598208314e-01
1.904798975358351631e+00
1.738148118262689446e+00
1.457357765648892745e+00
-1.561031111325466014e+00
-1.570837342803580228e+00
-2.230193524594646093e-01
-2.843622924180621014e-01
-1.173507791518066501e+00
-2.936017949989621623e-01
-1.091594026234791875e-01
8.473602913442088713e-01
4.695788907049975869e-01
1.859181849214199822e+00
-3.991038381920515854e-01
-4.722981115639682259e-01
-4.884844333684986162e-01
1.329218001137961291e+00
3.376519651197467664e-01
-1.176084304981818152e+00
4.521617400974737300e-01
1.692510129263672392e+00
-4.093815133016647234e-01
-6.724471306988072383e-01
-3.688055346257586020e-01
2.453480416944731624e-01
-2.403935121101461458e-01
-1.098378064222369277e+00
7.183215642119787636e-03
7.937647985459873878e-02
1.105067575491096354e+00
-1.653617379137260757e-02
4.828751857786269808e-01
3.506109001519244241e-03
-8.739388280962386846e-01
-2.463463519130540957e-01
-3.156444319044181546e-01
-5.516995975226351989e-01
-1.708340471406360139e+00
8.444587428004768359e-01
1.801594805199035809e+00
-2.689996192542365994e-01
-5.418120658613422291e-01
7.961865479984496785e-01
-8.716702801815340296e-02
-7.159292761113330572e-01
-1.440455472140299342e+00
4.560659513013714528e-01
-9.966843211704429217e-01
-1.532911702773754638e-02
8.852286143654053419e-01
6.699513196044576402e-01
4.785629298909209739e-01
2.595949007162444699e-01
-1.917369804213032713e-01
1.238135638086236417e-01
-1.226962307011408626e+00
-1.479705672026130903e-01
-5.040377647295426478e-01
5.573616903350733232e-01
-4.199165782313022538e-02
2.872420926251344556e-02
1.187705667506427032e+00
5.423527618124742711e-01
-3.145464667861375130e-01
5.727515630563440041e-02
-6.911507687136585476e-01
-7.704946569256004851e-02
-1.171534569590190200e+00
1.546482480081126099e-01
7.007339226268777255e-01
4.679306514335340728e-01
1.772276849719471026e-01
1.346017915084406213e-01
7.042135527062728384e-01
1.586127750801395037e-02
-8.974773004980415303e-01
3.573878604015822691e-01
-4.975963727607061737e-01
-6.516214670435624967e-01
2.139074998093700719e-01
6.387089967265469070e-01
1.464537547757597535e-01
-1.553691186937721236e-01
5.739396396092180108e-01
4.270762079885617735e-01
-7.900986524021336166e-01
-2.229908162189752074e-01
8.965856415396346313e-02
1.257835428935427657e-01
-4.996384231833931322e-01
-3.561941346046723078e-01
1.118841554876882499e-01
7.321630396076119762e-01
-1.062073476036354408e-01
8.380228882657814182e-01
-5.781649014171811318e-01
2.675499881245033684e-01
-3.811030936713361572e-01
-5.332689297908166370e-01
5.211920235299111193e-01
-9.992842479253517540e-01
1.359276173742926530e-01
8.699128520374372897e-01
1.158346339215283877e-01
8.093741463507964085e-01
-7.568601342431532375e-01
1.265410894728835833e+00
-4.030760639544814783e-01
-3.700721173681257442e-02
6.669279279669947103e-02
-1.529026947356431299e+00
1.099334475189231553e+00
-1.639478258625316487e+00
-1.395952260268342959e+00
5.015813795342090042e-01
-1.924471931229968513e+00
1.956987415334586755e-01
-3.350356320881495709e-01
6.713333821630349529e-01
1.114923789330604764e+00
-1.280317096460442450e+00
1.808217864792507124e+00
-1.623964113965538747e+00
-1.437097109143167684e+00
-1.072661771868027442e-01
-1.892466635716144596e-01
1.209177072658896568e-01
-1.488081585531805589e-03
9.033490754394161992e-02
2.807120173999306800e-01
1.459311549733461333e-01
8.007421401262354577e-02
-8.226899178941841917e-02
6.035550733943094437e-02
-1.010974303138902908e-01
-3.106725948608527466e-01
-7.427457570497572603e-02
-3.762844358461300137e-02
-4.230240893250044459e-02
1.414309063327212901e-01
1.324115942767165321e-01
2.143226779076011501e-01
-4.129521399317455377e-02
-5.992444697432629946e-02
1.383476040249356498e-01
-7.082470133634326259e-02
-8.493799323814317515e-02
-1.059600128734912300e-01
-8.613870673897662533e-02
1.113222633186100596e-01
-8.494527864805816175e-02
1.691288782475802999e-01
2.157381332153243403e-01
4.747565743076526124e-03
1.512459235618968806e-02
-1.344135076979255938e-01
4.146485867392996072e-02
-1.534935727857093292e-02
-1.023149593244484234e-01
1.714651355330528426e-01
-2.785993006608370251e-02
8.455117127023056628e-04
1.354277232390524444e-01
1.466546277885879823e-01
9.093704045840833583e-02
-2.026993724501489902e-01
-3.916829196667407503e-02
8.979857043035817388e-02
-1.999402158241458949e-01
1.227422419205669302e-01
3.975976641337936740e-02
1.880693282644720077e-01
1.475058520087696445e-02
-1.557708268610109303e-01
2.700569412212254217e-01
-6.745908415393485347e-02
-1.093983191399838240e-01
-9.421905771761249215e-02
-1.163219782804872232e-01
1.780580576553429661e-01
-1.655404691967016229e-01
1.812864357745966049e-01
1.989567123068298193e-01
-5.226522286847349458e-02
2.736528329378026259e-01
-7.966423798579186366e-02
6.999599257225423699e-02
-4.154316133034516040e-04
-1.250565762793054425e-01
2.099160689552923009e-01
-1.007251041568435895e-01
1.357314854722865283e-01
-4.880474859136792881e-02
2.394981172992020069e-01
2.941822496623185401e-01
-2.126845092726649677e-01
-1.009633325235268358e-01
3.012653144145641670e-01
2.566454257126694199e-02
-8.747610598284979999e-03
-1.468118607646175244e-01
2.705753538330098462e-01
-8.745200034846743742e-02
9.375402630559409589e-02
2.137739698431813662e-01
-2.322966546026820345e-01
-3.079494615948180081e-01
-5.227140310322652035e-03
2.429943948339103460e-02
-1.519610110301597705e-01
-2.865264130153071243e-01
1.269973057939240979e-01
2.366863165960035875e-01
1.444034612255916949e-01
-1.316398956430198941e-01
6.428914560968243541e-02
2.979175297478780515e-01
-8.718944357065722128e-02
-1.855789327717759785e-01
-6.460702137210594387e-02
1.499022066851066759e-01
9.150125849981308179e-02
2.352881020587237193e-01
-5.511391811995960260e-02
-1.508754505848661220e-01
1.649487527484094496e-01
1.988744421624775993e-01
2.652250611266143143e-01
-3.628358474939392675e-01
9.045317728482646369e-03
-6.495421396125164492e-05
2.274010426254170492e-01
3.778298661913810919e-01
-1.797295755775982773e-01
1.892590289353577870e-01
3.011228651482722452e-01
-6.308821606975087426e-02
-9.600236889391553299e-03
-2.736386671503756585e-01
-1.919585825977323246e-01
-1.471069427521151385e-01
-3.323376855659188611e-01
-3.276109122163433640e-01
2.294342919027526559e-02
4.276431820374351767e-01
3.675009757726747650e-01
9.220887668185674679e-02
8.276415722179610024e-02
-1.401398488286355604e-01
-7.264343938809550427e-02
2.478678660067843986e-01
-3.508346600430691242e-01
-6.439099874307665505e-01
-6.769056210379809091e-01
4.849461133385529199e-01
1.336757101998477248e-01
-1.306107661345957127e-01
5.120493658796770875e-01
-1.698497964028937990e-01
2.634916361103269988e-01
1.206031931450583378e-01
8.223198900666041367e-02
2.060175494058036627e-01
-3.189459568300732628e-01
8.409019834684138273e-01
-1.018480696212564485e-01
-3.229807476414991441e-01
1.880674085915138294e-01
-6.693006026350362125e-02
2.068461356912179028e-01
-3.298010421499794065e-01
1.113778996971576812e-02
-4.461677322384741129e-01
3.693283732318606294e-01
4.032109932176744516e-01
2.745052418465728228e-01
3.088509810782228415e-01
2.827772178221335531e-01
5.337895948206607954e-01
3.170119034897505017e-01
-7.781111319342562949e-01
2.588701561807247309e-01
-3.804505425922406481e-01
-4.137313142095917495e-01
-6.093912521244485569e-01
1.672669843896245345e-01
2.522540320776367473e-01
3.209551901208801961e-01
5.920025421281387840e-02
9.528355508291227460e-01
-1.076224167723431213e+00
1.719073037643878699e-01
6.290208788791915584e-01
-1.387383672183755551e-02
-4.900484923707201790e-01
-4.252411467529482181e-01
4.174943642952682610e-01
-2.418798362447401595e-01
3.758431166782790628e-02
3.531035657918440984e-01
-4.959161850665364524e-01
-2.888008887721071338e-01
1.505511790673190638e-02
2.723885699343059907e-01
-1.582662289795829513e-01
-1.705695857702718699e-01
5.686201773984627117e-01
-1.255000184409739428e-01
3.862307519390985600e-01
7.039663097143213435e-03
-2.515916934973971061e-03
4.153393477713588494e-02
-3.406001182372224156e-01
-3.957035637159425634e-01
-3.907654407133940300e-01
2.873937897755158288e-01
2.910645580351192696e-01
6.024727946343536727e-02
6.401217317292741404e-02
2.458458334280749502e-01
9.029207698787773684e-02
2.652300984015749583e-02
-1.184044421477878084e-01
-1.229359978620580135e-01
-4.233245879003650902e-01
7.420556236242320525e-02
6.712881944069702678e-02
9.865827718503991650e-02
-3.186751235082720957e-01
-5.866106729058954972e-02
2.890607896775397312e-01
-9.142548534856688447e-02
-3.582340530292587588e-01
5.619003970564970252e-02
1.175233809754163694e-01
7.258811930972762505e-02
-7.146176752645691521e-02
6.339449167983145228e-02
1.758451235196278328e-01
1.277154064630043467e-02
2.988716923881733212e-02
-1.938413535483810290e-01
1.350126869942052180e-02
-1.391394458081681440e-01
-1.440524857675496220e-02
1.551830205036275057e-01
4.657520392117013575e-02
5.301638993759538732e-02
9.448347523068187370e-02
3.853400318416914661e-01
-1.453443137630306969e-01
-3.908505947589785978e-01
7.853738911658271482e-02
1.153791214503357976e-01
-1.881590745934588749e-01
-2.946181128605876096e-02
1.509379577030467712e-01
2.850766868216277894e-01
-1.307529710773019938e-01
2.700012375682511179e-01
7.519102758505745443e-02
-1.954341337171636162e-01
-1.101814311241191419e-01
-7.988770856611218663e-02
-5.971879217685685526e-02
-1.631687150347917864e-02
-6.004823408891318826e-02
2.375690465284963082e-01
-2.194241429586846551e-02
1.452580790683067613e-01
-9.055436738548433562e-02
5.227885391017884215e-02
1.350094232163719966e-02
-2.241713788689670972e-01
-1.031694734652324474e-01
1.747304930546956722e-02
-5.201572159333935075e-02
1.187053536415589583e-01
-1.573619347127405699e-02
2.548489153391856887e-01
-4.834556814178667117e-02
-1.166743093079861265e-01
-8.332562944164008389e-02
-3.513504631649993354e-02
-2.387083251828622799e-02
-1.979861185912167587e-01
-3.811747173008439571e-02
1.713578279861290854e-01
-1.018359340700211307e-01
1.074708238112704189e-01
1.515435625308383105e-01
-1.336028362799844549e-02
-1.044511114873360180e-01
4.812397011373100754e-03
5.734156699767421067e-02
-1.878688228021781481e-01
-1.209208741089173450e-01
1.463807912617610674e-01
1.974019729173873486e-02
-3.479247316389027372e-02
-2.414101671867967605e-02
1.620857155911368530e-01
8.096367307582302830e-02
1.167114199418406092e-02
-1.345646952849952616e-01
-8.286153769000222102e-03
-1.915928123479770651e-01
9.503267226890699249e-02
-9.257486843739753946e-02
6.864930304274753647e-02
7.909481091332958014e-02
-4.639632514320004425e-02
2.219582803225586820e-01
-2.365664517840084316e-02
-1.811408325498286565e-01
-4.809993586810206584e-02
-1.607474059678893896e-01
1.116674921189814013e-01
-2.925044634793342868e-01
6.816937159002071922e-02
-4.098023780974618252e-02
2.675126460506951562e-02
2.738073116440539745e-01
-1.634243097674591416e-01
3.131053588052434833e-01
2.207364345886643764e-01
-7.970254420508922355e-02
3.408734226085999852e-01
-4.785378682085020957e-02
6.795180790610158561e-02
-1.392663945501760037e-01
-1.467626256634031179e-01
2.033039942254890042e-01
-3.158003944312426370e-01
3.205235122787507551e-01
2.837744687224743045e-01
