-1.449999999999999900e-01
-1.449000000000000010e-01
-1.449444444444444313e-01
-1.448999999999999733e-01
-1.448333333333333139e-01
-1.448999999999999733e-01
-1.450777777777777500e-01
-1.448222222222222133e-01
-1.447444444444444256e-01
-1.448999999999999733e-01
-1.448777777777777720e-01
-1.448444444444444423e-01
-1.447777777777777830e-01
-1.449888888888888894e-01
-1.450555555555555487e-01
-1.447555555555555540e-01
-1.450222222222222468e-01
-1.447444444444444533e-01
-1.449999999999999623e-01
-1.447555555555555540e-01
-1.447333333333333250e-01
-1.448111111111111127e-01
-1.446999999999999953e-01
-1.449999999999999900e-01
-1.447222222222222243e-01
-1.447555555555555540e-01
-1.446777777777777940e-01
-1.447555555555555540e-01
-1.448222222222222133e-01
-1.447888888888888836e-01
-1.449888888888888894e-01
-1.448111111111111127e-01
-1.446888888888888669e-01
-1.449888888888888616e-01
-1.447555555555555540e-01
-1.446666666666666656e-01
-1.446666666666666379e-01
-1.449777777777777610e-01
-1.448222222222222133e-01
-1.448222222222222133e-01
-1.446222222222222076e-01
-1.450111111111110906e-01
-1.447444444444444533e-01
-1.448777777777777720e-01
-1.448999999999999733e-01
-1.448999999999999733e-01
-1.447333333333332972e-01
-1.448888888888888726e-01
-1.448222222222222133e-01
-1.447777777777777830e-01
-1.448666666666666436e-01
-1.447999999999999843e-01
-1.446111111111111069e-01
-1.448111111111111127e-01
-1.448111111111111127e-01
-1.448777777777777720e-01
-1.446777777777777940e-01
-1.449999999999999623e-01
-1.448222222222222133e-01
-1.447888888888888836e-01
-1.446555555555555372e-01
-1.447111111111111237e-01
-1.450555555555555487e-01
-1.448999999999999733e-01
-1.447666666666666546e-01
-1.446333333333333082e-01
-1.446777777777777940e-01
-1.446444444444444366e-01
-1.447444444444444533e-01
-1.448111111111111127e-01
-1.448777777777777720e-01
-1.447888888888888836e-01
-1.446999999999999675e-01
-1.447999999999999843e-01
-1.447555555555555540e-01
-1.448444444444444423e-01
-1.449222222222222023e-01
-1.446999999999999953e-01
-1.447111111111111237e-01
-1.449222222222222023e-01
-1.445888888888888779e-01
-1.447777777777777830e-01
-1.447111111111110959e-01
-1.449222222222222023e-01
-1.448111111111111127e-01
-1.447111111111111237e-01
-1.446222222222222076e-01
-1.450222222222222468e-01
-1.447777777777777830e-01
-1.448777777777777720e-01
-1.447111111111111237e-01
-1.447444444444444533e-01
-1.447777777777777830e-01
-1.449666666666666603e-01
-1.450444444444444203e-01
-1.446222222222222076e-01
-1.447333333333333250e-01
-1.447333333333333250e-01
-1.451111111111111074e-01
-1.446888888888888947e-01
-1.449666666666666603e-01
-1.448999999999999733e-01
-1.448222222222222133e-01
-1.447444444444444256e-01
-1.448333333333333139e-01
-1.446777777777777940e-01
-1.449777777777777610e-01
-1.448555555555555430e-01
-1.447555555555555540e-01
-1.447333333333333250e-01
-1.447333333333333250e-01
-1.448333333333333139e-01
-1.448777777777777720e-01
-1.448222222222222133e-01
-1.448666666666666714e-01
-1.449333333333333029e-01
-1.447777777777777830e-01
-1.445888888888888779e-01
-1.449444444444444313e-01
-1.447999999999999843e-01
-1.446111111111111347e-01
-1.447555555555555540e-01
-1.445222222222222186e-01
-1.447666666666666546e-01
-1.448666666666666436e-01
-1.448555555555555430e-01
-1.447333333333333250e-01
-1.446999999999999953e-01
-1.446666666666666656e-01
-1.447333333333333250e-01
-1.447666666666666546e-01
-1.446999999999999953e-01
-1.445888888888888779e-01
-1.448555555555555430e-01
-1.446222222222222076e-01
-1.448111111111111127e-01
-1.447666666666666546e-01
-1.446555555555555650e-01
-1.448444444444444423e-01
-1.448111111111111127e-01
-1.446444444444444366e-01
-1.446888888888888947e-01
-1.447444444444444533e-01
-1.449555555555555597e-01
-1.448777777777777720e-01
-1.449444444444444313e-01
-1.446999999999999953e-01
-1.447555555555555540e-01
-1.448222222222222133e-01
-1.447999999999999843e-01
-1.446555555555555650e-01
-1.447444444444444533e-01
-1.448999999999999733e-01
-1.449333333333333029e-01
-1.445666666666666489e-01
-1.447999999999999843e-01
-1.448222222222222133e-01
-1.447999999999999843e-01
-1.447999999999999843e-01
-1.448000000000000120e-01
-1.448111111111111127e-01
-1.445666666666666766e-01
-1.447555555555555540e-01
-1.447999999999999565e-01
-1.446333333333333082e-01
-1.446555555555555372e-01
-1.446555555555555372e-01
-1.446777777777777940e-01
-1.448666666666666436e-01
-1.448333333333333139e-01
-1.449333333333333029e-01
-1.448555555555555430e-01
-1.448111111111111127e-01
-1.447222222222222243e-01
-1.446888888888888669e-01
-1.448666666666666436e-01
-1.449222222222222300e-01
-1.447555555555555540e-01
-1.445999999999999786e-01
-1.447333333333333250e-01
-1.446444444444444366e-01
-1.448222222222222133e-01
-1.449111111111111017e-01
-1.448444444444444423e-01
-1.449222222222222023e-01
-1.446333333333333082e-01
-1.447333333333333250e-01
-1.446999999999999675e-01
-1.447999999999999843e-01
-1.448777777777777720e-01
-1.449111111111111017e-01
-1.447555555555555540e-01
-1.446777777777777663e-01
-1.446333333333333360e-01
-1.446888888888888669e-01
-1.449333333333333029e-01
-1.448222222222222133e-01
-1.448666666666666436e-01
-1.446555555555555650e-01
-1.446777777777777940e-01
-1.449444444444444313e-01
-1.448444444444444423e-01
-1.448111111111111127e-01
-1.448111111111111127e-01
-1.447555555555555540e-01
-1.447333333333333250e-01
-1.447999999999999843e-01
-1.445444444444444476e-01
-1.448999999999999733e-01
-1.447999999999999843e-01
-1.447111111111111237e-01
-1.448999999999999733e-01
-1.449111111111111017e-01
-1.446333333333333082e-01
-1.448666666666666436e-01
-1.449111111111111017e-01
-1.448222222222222133e-01
-1.446222222222222076e-01
-1.448666666666666436e-01
-1.447222222222222243e-01
-1.446888888888888947e-01
-1.446777777777777663e-01
-1.446999999999999953e-01
-1.447222222222222243e-01
-1.445888888888888779e-01
-1.446444444444444644e-01
-1.447444444444444533e-01
-1.447333333333333250e-01
-1.447222222222221966e-01
-1.446555555555555372e-01
-1.447888888888888836e-01
-1.447111111111111237e-01
-1.446222222222222076e-01
-1.450111111111110906e-01
-1.448888888888888726e-01
-1.447999999999999843e-01
-1.447333333333333250e-01
-1.448888888888888726e-01
-1.444999999999999896e-01
-1.447888888888888836e-01
-1.447999999999999843e-01
-1.445444444444444476e-01
-1.449888888888888616e-01
-1.448222222222222133e-01
-1.447222222222221966e-01
-1.446555555555555372e-01
-1.447555555555555540e-01
-1.446333333333333082e-01
-1.449555555555555320e-01
-1.448888888888888726e-01
-1.447555555555555540e-01
-1.445555555555555483e-01
-1.449444444444444313e-01
-1.448111111111111127e-01
-1.448444444444444423e-01
-1.446333333333333082e-01
-1.445444444444444476e-01
-1.446555555555555650e-01
-1.447111111111111237e-01
-1.449222222222222300e-01
-1.448222222222222133e-01
-1.447666666666666546e-01
-1.446777777777777663e-01
-1.446222222222222076e-01
-1.449666666666666326e-01
-1.445222222222222186e-01
-1.445111111111111180e-01
-1.444666666666666599e-01
-1.445444444444444476e-01
-1.445777777777778050e-01
-1.444999999999999896e-01
-1.444777777777777883e-01
-1.442999999999999838e-01
-1.441999999999999948e-01
-1.442444444444444529e-01
-1.441444444444444639e-01
-1.443333333333333135e-01
-1.440222222222222181e-01
-1.441555555555555646e-01
-1.439555555555555588e-01
-1.439000000000000279e-01
-1.439111111111111285e-01
-1.436888888888889215e-01
-1.436111111111111338e-01
-1.434888888888889158e-01
-1.432999999999999829e-01
-1.431888888888888656e-01
-1.430555555555555469e-01
-1.427555555555555522e-01
-1.426888888888888929e-01
-1.424222222222222278e-01
-1.422333333333333227e-01
-1.419666666666666854e-01
-1.416555555555555623e-01
-1.414333333333333553e-01
-1.415111111111111153e-01
-1.412555555555555786e-01
-1.410111111111110871e-01
-1.409777777777777574e-01
-1.407111111111111201e-01
-1.404444444444444551e-01
-1.407777777777777795e-01
-1.403999999999999970e-01
-1.404999999999999860e-01
-1.403999999999999970e-01
-1.404111111111111254e-01
-1.409111111111110981e-01
-1.407222222222222208e-01
-1.411444444444444057e-01
-1.410444444444444168e-01
-1.412333333333333496e-01
-1.410111111111110871e-01
-1.416111111111111320e-01
-1.417333333333333500e-01
-1.415111111111111153e-01
-1.417888888888888810e-01
-1.420777777777777751e-01
-1.422222222222222221e-01
-1.424333333333333285e-01
-1.430888888888888766e-01
-1.428333333333333122e-01
-1.432333333333333236e-01
-1.435888888888889048e-01
-1.436888888888888938e-01
-1.442999999999999838e-01
-1.443888888888888999e-01
-1.446222222222222353e-01
-1.447999999999999843e-01
-1.449111111111111017e-01
-1.453111111111111131e-01
-1.453999999999999737e-01
-1.457222222222222252e-01
-1.458333333333333426e-01
-1.462555555555555553e-01
-1.463333333333333153e-01
-1.465111111111111197e-01
-1.464999999999999636e-01
-1.470333333333333214e-01
-1.469000000000000028e-01
-1.469666666666666621e-01
-1.472111111111110981e-01
-1.472888888888889136e-01
-1.477999999999999869e-01
-1.474777777777777910e-01
-1.476555555555555677e-01
-1.476777777777777689e-01
-1.477111111111110986e-01
-1.476555555555555399e-01
-1.474666666666666903e-01
-1.474999999999999922e-01
-1.471555555555555395e-01
-1.471333333333333104e-01
-1.469999999999999640e-01
-1.466111111111111087e-01
-1.465111111111111197e-01
-1.459666666666666890e-01
-1.457666666666667110e-01
-1.456333333333333646e-01
-1.452222222222222248e-01
-1.448666666666666436e-01
-1.444777777777777883e-01
-1.441444444444444362e-01
-1.435777777777778041e-01
-1.429333333333333012e-01
-1.426444444444444348e-01
-1.424555555555555575e-01
-1.418555555555555681e-01
-1.411666666666666348e-01
-1.410999999999999754e-01
-1.402111111111111197e-01
-1.399666666666666837e-01
-1.396666666666666612e-01
-1.395111111111111413e-01
-1.389111111111110963e-01
-1.387555555555555487e-01
-1.385888888888888726e-01
-1.383444444444444366e-01
-1.383111111111111347e-01
-1.380777777777777715e-01
-1.379777777777777825e-01
-1.381555555555555592e-01
-1.379888888888888832e-01
-1.381222222222222018e-01
-1.383111111111111347e-01
-1.384555555555555539e-01
-1.388111111111111073e-01
-1.388111111111111073e-01
-1.392222222222222472e-01
-1.395000000000000406e-01
-1.394222222222222252e-01
-1.397888888888888792e-01
-1.401444444444444604e-01
-1.402222222222222203e-01
-1.404555555555555557e-01
-1.404555555555555557e-01
-1.409222222222221987e-01
-1.409444444444444278e-01
-1.413111111111111373e-01
-1.417222222222222217e-01
-1.422555555555555518e-01
-1.422111111111111215e-01
-1.427444444444444516e-01
-1.429777777777777592e-01
-1.433666666666666700e-01
-1.436000000000000054e-01
-1.438222222222222402e-01
-1.440666666666666762e-01
-1.446111111111111069e-01
-1.446444444444444644e-01
-1.448777777777777720e-01
-1.450999999999999790e-01
-1.454444444444444873e-01
-1.454888888888888621e-01
-1.458666666666667000e-01
-1.461000000000000076e-01
-1.466999999999999971e-01
-1.464777777777777901e-01
-1.467222222222222261e-01
-1.471444444444444111e-01
-1.471777777777777407e-01
-1.472222222222221988e-01
-1.472444444444444001e-01
-1.470777777777777517e-01
-1.469777777777777628e-01
-1.466666666666666674e-01
-1.462666666666666559e-01
-1.461999999999999966e-01
-1.458777777777778006e-01
-1.457222222222222530e-01
-1.453333333333333421e-01
-1.451555555555555654e-01
-1.446888888888888669e-01
-1.446555555555555650e-01
-1.442555555555555535e-01
-1.439222222222222292e-01
-1.434555555555555584e-01
-1.429555555555555302e-01
-1.426333333333333064e-01
-1.422111111111111215e-01
-1.420666666666666744e-01
-1.414555555555555566e-01
-1.411111111111110761e-01
-1.407777777777777795e-01
-1.404333333333333267e-01
-1.401777777777777900e-01
-1.399777777777777843e-01
-1.398888888888888959e-01
-1.393888888888888955e-01
-1.393222222222222084e-01
-1.392222222222222194e-01
-1.389999999999999847e-01
-1.390444444444444150e-01
-1.390666666666666440e-01
-1.388777777777777667e-01
-1.393111111111111078e-01
-1.392000000000000182e-01
-1.394444444444444542e-01
-1.396111111111111025e-01
-1.397222222222222199e-01
-1.399222222222222256e-01
-1.400555555555555443e-01
-1.401888888888888907e-01
-1.408777777777777684e-01
-1.407888888888888801e-01
-1.411111111111110761e-01
-1.414777777777777856e-01
-1.416000000000000036e-01
-1.417444444444444507e-01
-1.421777777777777640e-01
-1.426888888888888929e-01
-1.429888888888889154e-01
-1.435222222222222455e-01
-1.439444444444444582e-01
-1.444000000000000006e-01
-1.446111111111111347e-01
-1.448999999999999733e-01
-1.454111111111111021e-01
-1.458333333333333703e-01
-1.461555555555555386e-01
-1.462777777777777843e-01
-1.466666666666666397e-01
-1.468555555555555447e-01
-1.474333333333333329e-01
-1.477555555555555566e-01
-1.480444444444444507e-01
-1.480666666666666798e-01
-1.483777777777778029e-01
-1.485888888888888815e-01
-1.488111111111111162e-01
-1.487666666666666582e-01
-1.488111111111111162e-01
-1.486222222222222111e-01
-1.481888888888888978e-01
-1.476777777777777967e-01
-1.474777777777777910e-01
-1.473444444444444168e-01
-1.469777777777777628e-01
-1.466111111111111087e-01
-1.462333333333333263e-01
-1.461222222222222089e-01
-1.457555555555555549e-01
-1.451222222222222080e-01
-1.449333333333333029e-01
-1.443777777777777716e-01
-1.438666666666666982e-01
-1.432999999999999552e-01
-1.427555555555555522e-01
-1.423777777777777975e-01
-1.417333333333333500e-01
-1.410888888888888748e-01
-1.403222222222222371e-01
-1.400000000000000133e-01
-1.394555555555555548e-01
-1.386555555555555597e-01
-1.383777777777777940e-01
-1.377000000000000168e-01
-1.374666666666666814e-01
-1.369999999999999829e-01
-1.367777777777777759e-01
-1.369555555555555526e-01
-1.370777777777777429e-01
-1.372444444444444189e-01
-1.375444444444444414e-01
-1.377222222222222181e-01
-1.382888888888889056e-01
-1.387333333333333196e-01
-1.389111111111110963e-01
-1.395222222222222141e-01
-1.400000000000000133e-01
-1.407333333333333214e-01
-1.413444444444444392e-01
-1.416555555555555623e-01
-1.421555555555555350e-01
-1.428777777777777702e-01
-1.434555555555555584e-01
-1.438666666666666982e-01
-1.443666666666666709e-01
-1.453000000000000125e-01
-1.458777777777778006e-01
-1.462777777777777843e-01
-1.469777777777777628e-01
-1.474111111111111316e-01
-1.480111111111111211e-01
-1.481777777777777971e-01
-1.484111111111111048e-01
-1.482777777777777861e-01
-1.480777777777777804e-01
-1.476666666666667238e-01
-1.471777777777777407e-01
-1.464888888888888907e-01
-1.463111111111111140e-01
-1.457888888888888845e-01
-1.452222222222221970e-01
-1.447444444444444256e-01
-1.439000000000000279e-01
-1.436000000000000332e-01
-1.428999999999999715e-01
-1.419555555555555570e-01
-1.413999999999999979e-01
-1.406777777777777905e-01
-1.399333333333333540e-01
-1.394666666666666555e-01
-1.388111111111111073e-01
-1.382222222222222185e-01
-1.375111111111111395e-01
-1.369333333333332958e-01
-1.362666666666666471e-01
-1.362222222222222168e-01
-1.358555555555555350e-01
-1.357555555555555460e-01
-1.358333333333333337e-01
-1.357555555555555460e-01
-1.360000000000000098e-01
-1.361444444444444568e-01
-1.365666666666666418e-01
-1.368444444444444352e-01
-1.371666666666666312e-01
-1.373555555555555641e-01
-1.376444444444444304e-01
-1.381555555555555592e-01
-1.388222222222222080e-01
-1.390444444444444150e-01
-1.393666666666666942e-01
-1.400333333333333430e-01
-1.406666666666666621e-01
-1.407666666666666511e-01
-1.416666666666666907e-01
-1.419777777777777583e-01
-1.425777777777777755e-01
-1.428444444444444406e-01
-1.432999999999999829e-01
-1.439444444444444582e-01
-1.445111111111111180e-01
-1.449444444444444313e-01
-1.457111111111111246e-01
-1.460000000000000187e-01
-1.462444444444444547e-01
-1.464111111111111307e-01
-1.465111111111111197e-01
-1.462666666666666559e-01
-1.458222222222222419e-01
-1.453111111111110854e-01
-1.446111111111111069e-01
-1.440888888888888775e-01
-1.434666666666666868e-01
-1.430777777777777482e-01
-1.424999999999999878e-01
-1.417777777777777803e-01
-1.412222222222222212e-01
-1.403666666666666674e-01
-1.399666666666666837e-01
-1.391999999999999627e-01
-1.387666666666666493e-01
-1.383000000000000063e-01
-1.380333333333333412e-01
-1.373333333333333628e-01
-1.368555555555555636e-01
-1.366888888888888876e-01
-1.365555555555555411e-01
-1.362666666666666471e-01
-1.362333333333333452e-01
-1.360888888888888704e-01
-1.359111111111111214e-01
-1.361777777777777865e-01
-1.363444444444444625e-01
-1.366888888888888876e-01
-1.369222222222222229e-01
-1.371666666666666312e-01
-1.377555555555555755e-01
-1.380222222222222128e-01
-1.382555555555555482e-01
-1.385333333333333139e-01
-1.390444444444444150e-01
-1.393999999999999961e-01
-1.398888888888888682e-01
-1.402333333333333210e-01
-1.406555555555555337e-01
-1.410222222222222155e-01
-1.413333333333333663e-01
-1.417444444444444507e-01
-1.420222222222222164e-01
-1.424333333333333285e-01
-1.428555555555555412e-01
-1.430666666666666476e-01
-1.432888888888889101e-01
-1.435666666666666758e-01
-1.439000000000000279e-01
-1.442111111111111232e-01
-1.443555555555555703e-01
-1.446444444444444366e-01
-1.446555555555555650e-01
-1.448111111111111127e-01
-1.447222222222222243e-01
-1.446333333333333082e-01
-1.446888888888888669e-01
-1.446555555555555372e-01
-1.443222222222222129e-01
-1.444444444444444586e-01
-1.441000000000000059e-01
-1.439333333333333576e-01
-1.437111111111111228e-01
-1.435666666666666758e-01
-1.431888888888888933e-01
-1.428555555555555412e-01
-1.425222222222222168e-01
-1.426111111111111329e-01
-1.419333333333333280e-01
-1.419222222222222274e-01
-1.415777777777777746e-01
-1.413444444444444670e-01
-1.411222222222222045e-01
-1.409666666666666568e-01
-1.409444444444444278e-01
-1.406777777777777627e-01
-1.406888888888888911e-01
-1.406111111111111311e-01
-1.404111111111111254e-01
-1.406666666666666621e-01
-1.405222222222222150e-01
-1.410555555555555451e-01
-1.410444444444444168e-01
-1.410333333333333161e-01
-1.411666666666666903e-01
-1.410999999999999754e-01
-1.416444444444444617e-01
-1.417777777777777803e-01
-1.420111111111111157e-01
-1.422111111111111215e-01
-1.423333333333333395e-01
-1.427333333333333232e-01
-1.431777777777777372e-01
-1.433333333333333404e-01
-1.434777777777777874e-01
-1.438777777777777989e-01
-1.441000000000000059e-01
-1.443444444444444419e-01
-1.447333333333333250e-01
-1.451333333333333364e-01
-1.453222222222222415e-01
-1.456555555555555659e-01
-1.459333333333333593e-01
-1.463111111111111418e-01
-1.464999999999999913e-01
-1.466111111111111087e-01
-1.464111111111111030e-01
-1.462111111111111250e-01
-1.461000000000000076e-01
-1.455111111111111188e-01
-1.449333333333333029e-01
-1.446999999999999675e-01
-1.442888888888888832e-01
-1.438000000000000389e-01
-1.433333333333333681e-01
-1.431111111111110779e-01
-1.426666666666666639e-01
-1.420000000000000151e-01
-1.416222222222222327e-01
-1.410777777777777464e-01
-1.404999999999999860e-01
-1.398777777777777953e-01
-1.396777777777777896e-01
-1.389777777777777557e-01
-1.387666666666666493e-01
-1.381111111111111289e-01
-1.374444444444444524e-01
-1.371999999999999886e-01
-1.366888888888888876e-01
-1.358000000000000040e-01
-1.357888888888888757e-01
-1.352888888888889030e-01
-1.349888888888888805e-01
-1.347222222222222154e-01
-1.341222222222222260e-01
-1.341111111111111254e-01
-1.339111111111111196e-01
-1.339000000000000190e-01
-1.339444444444444493e-01
-1.339777777777777790e-01
-1.336777777777777843e-01
-1.339888888888888796e-01
-1.339444444444444493e-01
-1.340444444444444660e-01
-1.340888888888888963e-01
-1.341333333333333266e-01
-1.338222222222222035e-01
-1.335555555555555662e-01
-1.337222222222222145e-01
-1.334666666666666779e-01
-1.333888888888888902e-01
-1.332333333333333425e-01
-1.333333333333333592e-01
-1.332666666666666444e-01
-1.332000000000000128e-01
-1.334000000000000186e-01
-1.336222222222221978e-01
-1.338777777777777622e-01
-1.337666666666666726e-01
-1.341777777777777847e-01
-1.344222222222222207e-01
-1.346111111111110981e-01
-1.347777777777777741e-01
-1.350555555555555676e-01
-1.353888888888888919e-01
-1.358444444444444343e-01
-1.363000000000000045e-01
-1.365444444444444405e-01
-1.371666666666666312e-01
-1.375444444444444692e-01
-1.378111111111111342e-01
-1.382222222222222185e-01
-1.389444444444444537e-01
-1.395888888888888735e-01
-1.398999999999999966e-01
-1.407777777777777795e-01
-1.412111111111111206e-01
-1.419777777777777861e-01
-1.425333333333333174e-01
-1.432222222222221952e-01
-1.438888888888888995e-01
-1.445222222222222186e-01
-1.450666666666666771e-01
-1.453333333333333421e-01
-1.458000000000000129e-01
-1.457000000000000239e-01
-1.455333333333333479e-01
-1.453444444444444428e-01
-1.454333333333333311e-01
-1.449999999999999623e-01
-1.447333333333333250e-01
-1.445555555555555483e-01
-1.443888888888888999e-01
-1.439888888888888885e-01
-1.437333333333333518e-01
-1.435777777777778041e-01
-1.434555555555555584e-01
-1.429999999999999882e-01
-1.426666666666666361e-01
-1.422999999999999821e-01
-1.420888888888888757e-01
-1.414666666666666850e-01
-1.413000000000000089e-01
-1.407222222222222208e-01
-1.403888888888888964e-01
-1.398777777777777953e-01
-1.393000000000000349e-01
-1.388111111111111073e-01
-1.384111111111111236e-01
-1.377555555555555478e-01
-1.370444444444444132e-01
-1.365777777777777702e-01
-1.359000000000000208e-01
-1.355999999999999983e-01
-1.349888888888889082e-01
-1.346666666666666567e-01
-1.340111111111111364e-01
-1.333333333333333592e-01
-1.333777777777777618e-01
-1.329111111111110910e-01
-1.323444444444444590e-01
-1.321111111111111236e-01
-1.315666666666666651e-01
-1.312666666666666704e-01
-1.309222222222222176e-01
-1.306111111111111223e-01
-1.303999999999999881e-01
-1.306777777777777816e-01
-1.307333333333333403e-01
-1.304555555555555468e-01
-1.308666666666666589e-01
-1.306666666666666532e-01
-1.308555555555555583e-01
-1.311444444444443969e-01
-1.311333333333333517e-01
-1.315222222222222348e-01
-1.315444444444444361e-01
-1.318333333333333579e-01
-1.319111111111111179e-01
-1.321555555555555539e-01
-1.326333333333333253e-01
-1.327888888888888730e-01
-1.329555555555555491e-01
-1.335444444444444656e-01
-1.335888888888888959e-01
-1.340999999999999970e-01
-1.347777777777777741e-01
-1.350333333333333108e-01
-1.356888888888888867e-01
-1.357222222222222163e-01
-1.367222222222222172e-01
-1.373777777777777931e-01
-1.378888888888888942e-01
-1.382555555555555482e-01
-1.387333333333333196e-01
-1.393333333333333646e-01
-1.400444444444444436e-01
-1.406111111111111034e-01
-1.416000000000000036e-01
-1.421888888888888647e-01
-1.427777777777777812e-01
-1.431000000000000050e-01
-1.435444444444444467e-01
-1.434222222222222287e-01
-1.432444444444443965e-01
-1.433111111111111113e-01
-1.430888888888888766e-01
-1.426777777777777922e-01
-1.427555555555555522e-01
-1.428555555555555412e-01
-1.423888888888888704e-01
-1.423777777777777975e-01
-1.422222222222222221e-01
-1.421222222222222054e-01
-1.420444444444444454e-01
-1.419222222222221996e-01
-1.417444444444444507e-01
-1.414333333333333553e-01
-1.412111111111110651e-01
-1.408888888888888968e-01
-1.403888888888888964e-01
-1.401333333333333320e-01
-1.397222222222222199e-01
-1.390888888888888730e-01
-1.386999999999999900e-01
-1.379777777777777825e-01
-1.375333333333333408e-01
-1.370333333333333126e-01
-1.362666666666666471e-01
-1.355888888888888977e-01
-1.349888888888889082e-01
-1.344333333333333214e-01
-1.338777777777777622e-01
-1.334888888888888792e-01
-1.329777777777777781e-01
-1.325333333333333363e-01
-1.324888888888889060e-01
-1.321999999999999842e-01
-1.321666666666666545e-01
-1.323666666666666603e-01
-1.323777777777777886e-01
-1.321999999999999842e-01
-1.324888888888888783e-01
-1.324444444444444480e-01
-1.329222222222222194e-01
-1.331777777777777838e-01
-1.334777777777777785e-01
-1.338555555555555332e-01
-1.343444444444444608e-01
-1.345999999999999697e-01
-1.350555555555555676e-01
-1.358000000000000040e-01
-1.360888888888888704e-01
-1.366555555555555579e-01
-1.372111111111111170e-01
-1.378222222222222071e-01
-1.384444444444444533e-01
-1.388888888888888951e-01
-1.397000000000000186e-01
-1.401111111111111307e-01
-1.406888888888888911e-01
-1.413888888888888973e-01
-1.420777777777777751e-01
-1.422888888888888814e-01
-1.424555555555555575e-01
-1.424666666666666581e-01
-1.423444444444444401e-01
-1.419111111111111267e-01
-1.413444444444444670e-01
-1.406333333333333324e-01
-1.401777777777777900e-01
-1.395777777777778006e-01
-1.389555555555555544e-01
-1.383777777777777940e-01
-1.377444444444444471e-01
-1.369888888888888823e-01
-1.361333333333333284e-01
-1.354888888888888809e-01
-1.346222222222222265e-01
-1.339777777777777790e-01
-1.333222222222222308e-01
-1.327777777777777724e-01
-1.322111111111111403e-01
-1.315000000000000335e-01
-1.311333333333332962e-01
-1.307777777777777706e-01
-1.304777777777777759e-01
-1.305333333333333068e-01
-1.303111111111110998e-01
-1.304777777777778036e-01
-1.305111111111111333e-01
-1.306888888888888822e-01
-1.308111111111111002e-01
-1.311333333333333240e-01
-1.314777777777777767e-01
-1.317444444444444418e-01
-1.317777777777777715e-01
-1.322888888888888725e-01
-1.326555555555555543e-01
-1.333777777777777895e-01
-1.335777777777777953e-01
-1.338888888888888629e-01
-1.344222222222222207e-01
-1.347444444444444445e-01
-1.352666666666666739e-01
-1.356111111111111267e-01
-1.362555555555555464e-01
-1.364444444444444515e-01
-1.369888888888888823e-01
-1.375666666666666982e-01
-1.377666666666666762e-01
-1.387777777777777777e-01
-1.388333333333333086e-01
-1.394666666666666832e-01
-1.398777777777777676e-01
-1.398666666666666669e-01
-1.394777777777777839e-01
-1.395888888888888735e-01
-1.391888888888888898e-01
-1.387999999999999790e-01
-1.381888888888888889e-01
-1.379111111111111232e-01
-1.372666666666666480e-01
-1.365333333333333121e-01
-1.362888888888889038e-01
-1.355555555555555680e-01
-1.348666666666666625e-01
-1.340111111111111364e-01
-1.334666666666666779e-01
-1.328888888888888897e-01
-1.321555555555555539e-01
-1.314777777777777767e-01
-1.308444444444444299e-01
-1.302555555555555689e-01
-1.293777777777777860e-01
-1.288777777777777578e-01
-1.287333333333333107e-01
-1.281999999999999806e-01
-1.278666666666666563e-01
-1.278888888888888853e-01
-1.279888888888888743e-01
-1.278777777777777847e-01
-1.282222222222222097e-01
-1.284222222222222154e-01
-1.289222222222222158e-01
-1.291333333333333222e-01
-1.293555555555555570e-01
-1.298444444444444290e-01
-1.302444444444444405e-01
-1.305777777777777926e-01
-1.311111111111111227e-01
-1.314777777777777767e-01
-1.321444444444444533e-01
-1.325666666666666660e-01
-1.330000000000000071e-01
-1.336777777777777843e-01
-1.339111111111111196e-01
-1.344666666666666510e-01
-1.350999999999999701e-01
-1.356444444444444286e-01
-1.363999999999999935e-01
-1.368333333333333346e-01
-1.375000000000000111e-01
-1.379444444444444529e-01
-1.386222222222222022e-01
-1.386999999999999622e-01
-1.384777777777777830e-01
-1.383666666666666656e-01
-1.381000000000000005e-01
-1.375333333333333408e-01
-1.370333333333333126e-01
-1.364888888888888818e-01
-1.361999999999999877e-01
-1.355999999999999983e-01
-1.349333333333333218e-01
-1.345000000000000084e-01
-1.339333333333333487e-01
-1.332666666666666999e-01
-1.330222222222222361e-01
-1.324444444444444480e-01
-1.319222222222222185e-01
-1.312888888888888994e-01
-1.309333333333333182e-01
-1.304777777777777759e-01
-1.304888888888888765e-01
-1.303111111111111275e-01
-1.301222222222222225e-01
-1.299777777777777754e-01
-1.301333333333333231e-01
-1.302777777777777979e-01
-1.302999999999999992e-01
-1.306777777777777816e-01
-1.309777777777777485e-01
-1.312333333333333407e-01
-1.316111111111111232e-01
-1.318444444444444308e-01
-1.325555555555555654e-01
-1.330444444444444374e-01
-1.331222222222221974e-01
-1.336666666666666836e-01
-1.340111111111111086e-01
-1.344999999999999807e-01
-1.351777777777777301e-01
-1.352666666666666739e-01
-1.356888888888888867e-01
-1.359555555555555517e-01
-1.365999999999999992e-01
-1.367999999999999772e-01
-1.369555555555555526e-01
-1.374222222222222234e-01
-1.375444444444444414e-01
-1.376888888888888607e-01
-1.379222222222222238e-01
-1.379444444444444529e-01
-1.384222222222222243e-01
-1.384111111111111236e-01
-1.384444444444444533e-01
-1.382777777777777772e-01
-1.385777777777777720e-01
-1.383444444444444643e-01
-1.384777777777777830e-01
-1.382444444444444476e-01
-1.380777777777777715e-01
-1.377888888888889052e-01
-1.378777777777777658e-01
-1.376333333333333575e-01
-1.371888888888888602e-01
-1.371888888888889158e-01
-1.364666666666666528e-01
-1.362222222222222168e-01
-1.363777777777777922e-01
-1.359444444444444511e-01
-1.359444444444444511e-01
-1.355666666666666964e-01
-1.353555555555555623e-01
-1.351333333333332998e-01
-1.349333333333333218e-01
-1.349222222222221934e-01
-1.348999999999999921e-01
-1.346111111111111258e-01
-1.344444444444444497e-01
-1.343999999999999917e-01
-1.340333333333333377e-01
-1.341888888888888853e-01
-1.342777777777778014e-01
-1.339666666666666783e-01
-1.338333333333333597e-01
-1.342888888888889021e-01
-1.341555555555555557e-01
-1.341111111111111254e-01
-1.340999999999999970e-01
-1.345777777777777962e-01
-1.344555555555555504e-01
-1.348111111111111038e-01
-1.345777777777777962e-01
-1.347999999999999754e-01
-1.351666666666666572e-01
-1.352555555555555455e-01
-1.354777777777777803e-01
-1.355333333333333390e-01
-1.358333333333333337e-01
-1.362111111111111161e-01
-1.362777777777777755e-01
-1.366444444444444295e-01
-1.369444444444444242e-01
-1.372666666666666480e-01
-1.374111111111110950e-01
-1.378000000000000058e-01
-1.382666666666666766e-01
-1.385111111111111404e-01
-1.388222222222222080e-01
-1.389333333333333254e-01
-1.392555555555555491e-01
-1.394111111111111245e-01
-1.394666666666666832e-01
-1.393444444444444652e-01
-1.388666666666666660e-01
-1.386555555555555597e-01
-1.381444444444444586e-01
-1.380000000000000115e-01
-1.374333333333333518e-01
-1.367444444444444462e-01
-1.364444444444444515e-01
-1.357111111111111157e-01
-1.350444444444444392e-01
-1.346666666666666567e-01
-1.340999999999999970e-01
-1.336222222222222256e-01
-1.328222222222222304e-01
-1.323000000000000009e-01
-1.319222222222222185e-01
-1.311555555555555530e-01
-1.306222222222222229e-01
-1.301222222222222225e-01
-1.294555555555555737e-01
-1.289111111111110874e-01
-1.284666666666666734e-01
-1.283333333333332993e-01
-1.280888888888888910e-01
-1.278111111111111253e-01
-1.278555555555555556e-01
-1.277222222222222092e-01
-1.279333333333333433e-01
-1.281777777777777794e-01
-1.284666666666666457e-01
-1.286999999999999811e-01
-1.289999999999999758e-01
-1.290666666666666351e-01
-1.297666666666666690e-01
-1.299555555555555741e-01
-1.304444444444444462e-01
-1.309777777777777485e-01
-1.316111111111111232e-01
-1.319222222222222185e-01
-1.323111111111111293e-01
-1.331444444444444541e-01
-1.334000000000000186e-01
-1.339111111111111196e-01
-1.343444444444444608e-01
-1.347999999999999754e-01
-1.352444444444444449e-01
-1.358222222222222053e-01
-1.360666666666666691e-01
-1.360888888888888981e-01
-1.361444444444444568e-01
-1.365333333333333121e-01
-1.362777777777777755e-01
-1.361888888888888871e-01
-1.361333333333333284e-01
-1.359888888888888814e-01
-1.355222222222222384e-01
-1.350444444444444114e-01
-1.347888888888888748e-01
-1.338111111111111307e-01
-1.334555555555555495e-01
-1.325555555555555654e-01
-1.318333333333333579e-01
-1.310777777777777653e-01
-1.304333333333333178e-01
-1.295777777777777917e-01
-1.290999999999999925e-01
-1.282777777777777684e-01
-1.280222222222222317e-01
-1.277222222222222092e-01
-1.278444444444444272e-01
-1.280111111111111033e-01
-1.282888888888888967e-01
-1.286111111111111205e-01
-1.290999999999999925e-01
-1.297444444444444678e-01
-1.302222222222222114e-01
-1.311444444444444246e-01
-1.320111111111111346e-01
-1.327888888888888730e-01
-1.336000000000000243e-01
-1.341111111111111254e-01
-1.350999999999999979e-01
-1.360999999999999988e-01
-1.366111111111110998e-01
-1.374666666666666814e-01
-1.382111111111111179e-01
-1.388333333333333364e-01
-1.394111111111111245e-01
-1.398888888888888682e-01
-1.400777777777777733e-01
-1.397777777777777786e-01
-1.393222222222222362e-01
-1.386555555555555597e-01
-1.380777777777777993e-01
-1.374888888888888827e-01
-1.366777777777777869e-01
-1.357888888888888757e-01
-1.348444444444444335e-01
-1.342555555555555447e-01
-1.329444444444444207e-01
-1.323444444444444590e-01
-1.313000000000000278e-01
-1.303666666666666585e-01
-1.294777777777778027e-01
-1.284666666666666457e-01
-1.276777777777777789e-01
-1.270111111111110747e-01
-1.264888888888889007e-01
-1.258777777777777829e-01
-1.257000000000000062e-01
-1.254222222222222405e-01
-1.257444444444444365e-01
-1.259444444444444422e-01
-1.263777777777777833e-01
-1.266888888888888787e-01
-1.271222222222222198e-01
-1.276000000000000190e-01
-1.281444444444444497e-01
-1.287888888888888694e-01
-1.293555555555555570e-01
-1.299666666666666748e-01
-1.304666666666666475e-01
-1.308666666666666312e-01
-1.315222222222222070e-01
-1.322111111111111126e-01
-1.325666666666666660e-01
-1.330777777777777948e-01
-1.334222222222222198e-01
-1.341333333333333266e-01
-1.343666666666666620e-01
-1.348555555555555341e-01
-1.350777777777777411e-01
-1.349444444444444224e-01
-1.346111111111110981e-01
-1.345111111111111368e-01
-1.343333333333333046e-01
-1.340000000000000080e-01
-1.335888888888888959e-01
-1.329555555555555491e-01
-1.325111111111111351e-01
-1.318777777777777882e-01
-1.313111111111111284e-01
-1.305222222222222339e-01
-1.298666666666666858e-01
-1.291777777777777525e-01
-1.282222222222222097e-01
-1.277444444444444660e-01
-1.270999999999999908e-01
-1.265444444444444594e-01
-1.258777777777777829e-01
-1.258444444444444255e-01
-1.256333333333333468e-01
-1.258111111111111236e-01
-1.260111111111111293e-01
-1.265444444444444594e-01
-1.269111111111110857e-01
-1.274111111111111139e-01
-1.278777777777777847e-01
-1.284555555555555451e-01
-1.293555555555555570e-01
-1.298666666666666858e-01
-1.306111111111111223e-01
-1.311777777777777820e-01
-1.318444444444444308e-01
-1.325333333333333086e-01
-1.334555555555555495e-01
-1.338222222222222035e-01
-1.347555555555555451e-01
-1.352777777777777468e-01
-1.358444444444444621e-01
-1.359333333333333504e-01
-1.361333333333333284e-01
-1.356888888888888867e-01
-1.350888888888888695e-01
-1.342777777777777737e-01
-1.334111111111111192e-01
-1.325555555555555654e-01
-1.317444444444444696e-01
-1.307555555555555693e-01
-1.300555555555555354e-01
-1.287555555555555398e-01
-1.279000000000000137e-01
-1.268444444444444263e-01
-1.258444444444444532e-01
-1.247888888888888936e-01
-1.238666666666666388e-01
-1.230222222222222134e-01
-1.222555555555555618e-01
-1.218000000000000055e-01
-1.213333333333333486e-01
-1.211333333333333151e-01
-1.211333333333333429e-01
-1.210444444444444406e-01
-1.212555555555555470e-01
-1.216444444444444439e-01
-1.221666666666666595e-01
-1.225888888888888861e-01
-1.230111111111111127e-01
-1.233666666666666800e-01
-1.243444444444444380e-01
-1.247555555555555362e-01
-1.252555555555555644e-01
-1.259333333333333416e-01
-1.265666666666666607e-01
-1.273000000000000242e-01
-1.278222222222221982e-01
-1.287666666666666404e-01
-1.294000000000000150e-01
-1.302444444444444682e-01
-1.310111111111110782e-01
-1.318666666666666598e-01
-1.323111111111111016e-01
-1.327555555555555711e-01
-1.327888888888888730e-01
-1.328666666666666607e-01
-1.326444444444444537e-01
-1.322333333333333416e-01
-1.318777777777777604e-01
-1.318333333333333579e-01
-1.313000000000000278e-01
-1.310111111111111060e-01
-1.304555555555555468e-01
-1.299333333333333451e-01
-1.291333333333333222e-01
-1.285555555555555618e-01
-1.278555555555555556e-01
-1.271555555555555772e-01
-1.264777777777778001e-01
-1.255555555555555314e-01
-1.248555555555555530e-01
-1.243666666666666670e-01
-1.237666666666666498e-01
-1.234111111111111103e-01
-1.229999999999999982e-01
-1.227444444444444477e-01
-1.225999999999999868e-01
-1.229666666666666686e-01
-1.229444444444444534e-01
-1.233333333333333504e-01
-1.234888888888889119e-01
-1.238111111111110940e-01
-1.241444444444444462e-01
-1.248888888888888826e-01
-1.254111111111111121e-01
-1.258666666666666822e-01
-1.267000000000000071e-01
-1.270333333333333037e-01
-1.274555555555555442e-01
-1.283555555555555561e-01
-1.288888888888888862e-01
-1.296111111111111214e-01
-1.303111111111111275e-01
-1.309333333333332905e-01
-1.317111111111111121e-01
-1.326111111111110963e-01
-1.328444444444444317e-01
-1.331111111111110967e-01
-1.330444444444444096e-01
-1.328222222222222304e-01
-1.323999999999999899e-01
-1.320777777777777939e-01
-1.317444444444444696e-01
-1.312666666666666704e-01
-1.305999999999999661e-01
-1.301222222222222225e-01
-1.293111111111110989e-01
-1.288666666666666571e-01
-1.281222222222222207e-01
-1.275111111111111306e-01
-1.267666666666666386e-01
-1.257777777777777939e-01
-1.253444444444444528e-01
-1.247333333333333349e-01
-1.240444444444444572e-01
-1.233000000000000207e-01
-1.226777777777777606e-01
-1.223888888888889082e-01
-1.220555555555555560e-01
-1.220222222222222264e-01
-1.219444444444444386e-01
-1.220666666666666705e-01
-1.223777777777777659e-01
-1.228777777777777663e-01
-1.232444444444444343e-01
-1.239777777777777701e-01
-1.245111111111110863e-01
-1.252111111111111064e-01
-1.259888888888889003e-01
-1.267666666666666664e-01
-1.276555555555555499e-01
-1.287999999999999978e-01
-1.295555555555555627e-01
-1.303444444444444572e-01
-1.311888888888888827e-01
-1.320555555555555649e-01
-1.332666666666666999e-01
-1.340111111111111086e-01
-1.345444444444444665e-01
-1.346888888888888858e-01
-1.345666666666666400e-01
-1.344666666666666510e-01
-1.343222222222222317e-01
-1.341222222222222260e-01
-1.336333333333333540e-01
-1.331333333333332980e-01
-1.326888888888888840e-01
-1.319555555555555482e-01
-1.314666666666666761e-01
-1.307999999999999718e-01
-1.302222222222222392e-01
-1.295666666666666911e-01
-1.286444444444444501e-01
-1.281888888888889078e-01
-1.274111111111111139e-01
-1.266888888888888787e-01
-1.259777777777777719e-01
-1.254555555555555424e-01
-1.247999999999999665e-01
-1.241111111111111165e-01
-1.238888888888888817e-01
-1.234777777777777974e-01
-1.232666666666666910e-01
-1.231444444444444453e-01
-1.228111111111111070e-01
-1.231444444444444453e-01
-1.230555555555555430e-01
-1.235333333333333422e-01
-1.234555555555555545e-01
-1.236555555555555602e-01
-1.238888888888888817e-01
-1.244222222222222118e-01
-1.248333333333333239e-01
-1.251555555555555754e-01
-1.258222222222222242e-01
-1.260777777777777886e-01
-1.265000000000000013e-01
-1.272222222222222365e-01
-1.273444444444444545e-01
-1.281888888888889078e-01
-1.287222222222222101e-01
-1.291666666666666241e-01
-1.296111111111111214e-01
-1.302222222222222114e-01
-1.308666666666666589e-01
-1.313111111111111007e-01
-1.317555555555555702e-01
-1.320888888888888946e-01
-1.325222222222222357e-01
-1.327333333333333143e-01
-1.333333333333333592e-01
-1.335666666666666946e-01
-1.336666666666666836e-01
-1.334333333333333482e-01
-1.334222222222222198e-01
-1.331111111111110690e-01
-1.330222222222222084e-01
-1.327333333333333143e-01
-1.321777777777777829e-01
-1.317000000000000115e-01
-1.315777777777777935e-01
-1.310777777777777653e-01
-1.305333333333333345e-01
-1.300999999999999934e-01
-1.295555555555555627e-01
-1.291444444444444228e-01
-1.284444444444444444e-01
-1.279222222222222149e-01
-1.276333333333333486e-01
-1.271555555555555772e-01
-1.266333333333333200e-01
-1.261333333333333195e-01
-1.257222222222222074e-01
-1.254333333333333411e-01
-1.250222222222222290e-01
-1.248555555555555530e-01
-1.244000000000000106e-01
-1.241999999999999910e-01
-1.243555555555555525e-01
-1.242111111111111194e-01
-1.242111111111111194e-01
-1.242111111111111055e-01
-1.241666666666666613e-01
-1.244000000000000106e-01
-1.246666666666666479e-01
-1.251222222222222180e-01
-1.251222222222221903e-01
-1.253666666666666818e-01
-1.257666666666666933e-01
-1.259666666666666712e-01
-1.264444444444444704e-01
-1.268333333333333257e-01
-1.272888888888888959e-01
-1.278333333333333544e-01
-1.281777777777777794e-01
-1.284444444444444444e-01
-1.291111111111111209e-01
-1.293444444444444286e-01
-1.296555555555555517e-01
-1.298888888888888871e-01
-1.305111111111111055e-01
-1.305111111111111333e-01
-1.307444444444444409e-01
-1.310666666666666369e-01
-1.312000000000000111e-01
-1.313555555555555587e-01
-1.315777777777777935e-01
-1.315000000000000335e-01
-1.316555555555555534e-01
-1.314777777777777767e-01
-1.316888888888888831e-01
-1.314888888888888774e-01
-1.313444444444444581e-01
-1.312111111111111117e-01
-1.311111111111110950e-01
-1.309444444444444189e-01
-1.307444444444444409e-01
-1.305888888888888932e-01
-1.300666666666666638e-01
-1.300666666666666638e-01
-1.295666666666666911e-01
-1.294000000000000150e-01
-1.289111111111110874e-01
-1.286444444444444501e-01
-1.282888888888888690e-01
-1.278222222222222260e-01
-1.275111111111111029e-01
-1.270888888888889179e-01
-1.268999999999999850e-01
-1.264555555555555710e-01
-1.260222222222222299e-01
-1.260888888888888892e-01
-1.252888888888888941e-01
-1.253222222222222237e-01
-1.251666666666666761e-01
-1.250777777777777600e-01
-1.248333333333333239e-01
-1.247333333333333349e-01
-1.249777777777777849e-01
-1.250111111111111006e-01
-1.251999999999999780e-01
-1.251999999999999780e-01
-1.254111111111111121e-01
-1.257666666666666933e-01
-1.258555555555555538e-01
-1.263444444444444537e-01
-1.265333333333333310e-01
-1.267777777777777670e-01
-1.270888888888889179e-01
-1.279111111111111143e-01
-1.281999999999999806e-01
-1.283888888888888857e-01
-1.286999999999999811e-01
-1.290444444444444061e-01
-1.291333333333333222e-01
-1.297888888888888981e-01
-1.297666666666666690e-01
-1.303222222222222004e-01
-1.308222222222222009e-01
-1.310111111111111060e-01
-1.314111111111111174e-01
-1.316222222222222238e-01
-1.322222222222222132e-01
-1.322777777777777719e-01
-1.325444444444444647e-01
-1.329888888888888787e-01
-1.330666666666666387e-01
-1.333888888888888902e-01
-1.333555555555555605e-01
-1.332222222222222141e-01
-1.327555555555555433e-01
-1.325777777777777666e-01
-1.325000000000000067e-01
-1.317555555555555702e-01
-1.315888888888888941e-01
-1.309666666666666479e-01
-1.304666666666666475e-01
-1.299222222222222167e-01
-1.290222222222222326e-01
-1.287333333333333107e-01
-1.281111111111111200e-01
-1.274222222222222145e-01
-1.268555555555555547e-01
-1.261444444444444479e-01
-1.254111111111111398e-01
-1.246666666666666479e-01
-1.240888888888888875e-01
-1.234000000000000097e-01
-1.228999999999999815e-01
-1.223111111111111066e-01
-1.217111111111111310e-01
-1.214222222222222231e-01
-1.209999999999999964e-01
-1.204444444444444512e-01
-1.203333333333333338e-01
-1.200888888888888839e-01
-1.200888888888888839e-01
-1.201555555555555432e-01
-1.202444444444444455e-01
-1.203333333333333338e-01
-1.204444444444444512e-01
-1.207444444444444459e-01
-1.209111111111110942e-01
-1.212333333333333318e-01
-1.213222222222222341e-01
-1.216444444444444439e-01
-1.218888888888888800e-01
-1.221333333333333299e-01
-1.228333333333333222e-01
-1.230666666666666853e-01
-1.231333333333333446e-01
-1.236222222222222306e-01
-1.240888888888888875e-01
-1.242444444444444351e-01
-1.249555555555555419e-01
-1.252111111111110509e-01
-1.256111111111111178e-01
-1.259777777777777996e-01
-1.264777777777778001e-01
-1.269222222222222418e-01
-1.272555555555555662e-01
-1.275000000000000022e-01
-1.280444444444444330e-01
-1.285000000000000031e-01
-1.287666666666666404e-01
-1.293555555555555570e-01
-1.297999999999999987e-01
-1.302999999999999992e-01
-1.304333333333333456e-01
-1.307777777777777706e-01
-1.307555555555555415e-01
-1.308333333333333015e-01
-1.308333333333333015e-01
-1.305222222222222339e-01
-1.302555555555555689e-01
-1.300111111111111051e-01
-1.298333333333333561e-01
-1.293777777777777860e-01
-1.292000000000000093e-01
-1.289777777777777468e-01
-1.285333333333333328e-01
-1.281888888888888800e-01
-1.279444444444444717e-01
-1.275111111111111306e-01
-1.274777777777777732e-01
-1.271111111111110914e-01
-1.268888888888888844e-01
-1.265111111111111297e-01
-1.264777777777777723e-01
-1.259666666666666712e-01
-1.257555555555555649e-01
-1.257333333333333636e-01
-1.252999999999999947e-01
-1.252444444444444638e-01
-1.252444444444444638e-01
-1.250222222222222290e-01
-1.248222222222222233e-01
-1.246666666666666479e-01
-1.247222222222222343e-01
-1.246444444444444327e-01
-1.244444444444444547e-01
-1.244666666666666699e-01
-1.245999999999999885e-01
-1.247333333333333349e-01
-1.246888888888888769e-01
-1.247999999999999943e-01
-1.249333333333333407e-01
-1.248111111111111088e-01
-1.252888888888888941e-01
-1.252777777777777934e-01
-1.254000000000000115e-01
-1.252111111111111064e-01
-1.254555555555555424e-01
-1.256555555555555481e-01
-1.258555555555555538e-01
-1.258555555555555538e-01
-1.259000000000000119e-01
-1.261444444444444479e-01
-1.261555555555555763e-01
-1.262888888888888950e-01
-1.264111111111111407e-01
-1.264555555555555710e-01
-1.264666666666666717e-01
-1.265111111111111297e-01
-1.265444444444444594e-01
-1.268666666666666554e-01
-1.267888888888888954e-01
-1.270222222222222030e-01
-1.267888888888888954e-01
-1.270333333333333037e-01
-1.272333333333333649e-01
-1.272222222222222365e-01
-1.273111111111111249e-01
-1.272000000000000075e-01
-1.274666666666666726e-01
-1.272888888888888959e-01
-1.274444444444444435e-01
-1.275888888888888628e-01
-1.276777777777777789e-01
-1.278222222222222260e-01
-1.278666666666666840e-01
-1.280000000000000027e-01
-1.279444444444444440e-01
-1.281666666666666510e-01
-1.281666666666666510e-01
-1.283777777777777851e-01
-1.281666666666666510e-01
-1.284444444444444444e-01
-1.286666666666666514e-01
-1.287333333333333385e-01
-1.284888888888888747e-01
-1.284888888888889025e-01
-1.286555555555555508e-01
-1.287111111111111095e-01
-1.285777777777777908e-01
-1.286888888888888804e-01
-1.285222222222222321e-01
-1.284444444444444444e-01
-1.285999999999999921e-01
-1.283888888888888857e-01
-1.285777777777777908e-01
-1.284888888888889025e-01
-1.283666666666666567e-01
-1.282888888888888967e-01
-1.283111111111111258e-01
-1.282777777777777684e-01
-1.286111111111111205e-01
-1.283666666666666567e-01
-1.282666666666666400e-01
-1.282777777777777961e-01
-1.282111111111111368e-01
-1.285444444444444612e-01
-1.282888888888888690e-01
-1.284777777777777741e-01
-1.282999999999999974e-01
-1.281555555555555503e-01
-1.281777777777777794e-01
-1.282888888888888967e-01
-1.284333333333333160e-01
-1.281999999999999806e-01
-1.283555555555555561e-01
-1.282000000000000084e-01
-1.281666666666666510e-01
-1.283111111111111258e-01
-1.281888888888889078e-01
-1.283111111111111258e-01
-1.281999999999999806e-01
-1.283999999999999864e-01
-1.282666666666666677e-01
-1.283999999999999864e-01
-1.283222222222222264e-01
-1.283888888888888857e-01
-1.286222222222222211e-01
-1.283333333333333270e-01
-1.284444444444444444e-01
-1.282666666666666677e-01
-1.282777777777777961e-01
-1.284222222222222154e-01
-1.282555555555555671e-01
-1.281444444444444497e-01
-1.283444444444444554e-01
-1.283333333333333270e-01
-1.282111111111111368e-01
-1.282999999999999974e-01
-1.285222222222222044e-01
-1.283333333333333270e-01
-1.283555555555555561e-01
-1.284999999999999754e-01
-1.285000000000000031e-01
-1.282999999999999974e-01
-1.281555555555555503e-01
-1.283222222222222264e-01
-1.284333333333333160e-01
-1.282666666666666677e-01
-1.282666666666666677e-01
-1.283111111111111258e-01
-1.285333333333333050e-01
-1.282777777777777961e-01
-1.283888888888888857e-01
-1.283777777777777851e-01
-1.284111111111111148e-01
-1.282777777777777961e-01
-1.283333333333333270e-01
-1.283111111111111258e-01
-1.283222222222222264e-01
-1.286777777777777798e-01
-1.283777777777777851e-01
-1.283888888888888857e-01
-1.284111111111111148e-01
-1.282666666666666677e-01
-1.283111111111111258e-01
-1.281666666666666510e-01
-1.281888888888889078e-01
-1.282555555555555671e-01
-1.282888888888888967e-01
-1.284222222222222431e-01
-1.283333333333333270e-01
-1.283777777777777851e-01
-1.283333333333333270e-01
-1.283888888888888857e-01
-1.282333333333333381e-01
-1.283888888888888857e-01
-1.284333333333333160e-01
-1.283777777777777851e-01
-1.283888888888889135e-01
-1.282333333333333381e-01
-1.283777777777777851e-01
-1.283666666666666567e-01
-1.282888888888888967e-01
-1.282222222222222097e-01
-1.283333333333333270e-01
-1.282333333333333381e-01
-1.284666666666666457e-01
-1.283555555555555561e-01
-1.284333333333333160e-01
-1.282999999999999974e-01
-1.282888888888888690e-01
-1.283222222222222264e-01
-1.284111111111111148e-01
-1.284333333333333160e-01
-1.282888888888888690e-01
-1.284444444444444722e-01
-1.282666666666666400e-01
-1.283222222222222264e-01
-1.285666666666666624e-01
-1.283555555555555561e-01
-1.282777777777777961e-01
-1.284222222222222154e-01
-1.283666666666666567e-01
-1.282555555555555671e-01
-1.284111111111111148e-01
-1.283999999999999864e-01
-1.282888888888888967e-01
-1.282888888888888690e-01
-1.283999999999999864e-01
-1.284666666666666457e-01
-1.283333333333333270e-01
-1.282111111111111368e-01
-1.284333333333333160e-01
-1.284333333333333160e-01
-1.283888888888888857e-01
-1.282444444444444664e-01
-1.283555555555555561e-01
-1.283222222222222264e-01
-1.283222222222222264e-01
-1.281555555555555503e-01
-1.281888888888888800e-01
-1.283777777777777851e-01
-1.283444444444444554e-01
-1.283666666666666567e-01
-1.283999999999999864e-01
-1.283555555555555561e-01
-1.281999999999999806e-01
-1.284333333333333160e-01
-1.282888888888888967e-01
-1.282999999999999974e-01
-1.284111111111111148e-01
-1.282000000000000084e-01
-1.283888888888888857e-01
-1.283333333333333270e-01
-1.283777777777777851e-01
-1.284333333333333160e-01
-1.283333333333333270e-01
-1.282555555555555393e-01
-1.283333333333333270e-01
-1.284555555555555728e-01
-1.284222222222222154e-01
-1.283777777777777851e-01
-1.283333333333333270e-01
-1.283333333333333270e-01
-1.282555555555555671e-01
-1.282222222222222374e-01
-1.283111111111111258e-01
-1.284555555555555728e-01
-1.281999999999999806e-01
-1.281222222222222207e-01
-1.284222222222222154e-01
-1.283333333333333270e-01
-1.282666666666666400e-01
-1.282888888888888967e-01
-1.284222222222222431e-01
-1.282777777777777684e-01
-1.283555555555555561e-01
-1.284666666666666457e-01
-1.282555555555555393e-01
-1.283444444444444554e-01
-1.281777777777777794e-01
-1.280555555555555614e-01
-1.285555555555555618e-01
-1.282888888888888967e-01
-1.281666666666666510e-01
-1.284777777777778018e-01
-1.282333333333333103e-01
-1.285666666666666624e-01
-1.285222222222222321e-01
-1.283666666666666567e-01
-1.282333333333333381e-01
-1.283555555555555561e-01
-1.281222222222222207e-01
-1.283444444444444554e-01
-1.283999999999999864e-01
-1.283999999999999864e-01
-1.284666666666666457e-01
-1.283777777777777851e-01
-1.283111111111110980e-01
-1.283666666666666567e-01
-1.284333333333333438e-01
-1.283999999999999864e-01
-1.281777777777777794e-01
-1.282888888888888967e-01
-1.281888888888888800e-01
-1.283666666666666567e-01
-1.284111111111111148e-01
-1.282888888888888967e-01
-1.282555555555555671e-01
-1.282444444444444664e-01
-1.283111111111111258e-01
-1.283222222222222264e-01
-1.283777777777777851e-01
-1.283666666666666567e-01
-1.282444444444444387e-01
-1.282888888888888967e-01
-1.282888888888888967e-01
-1.283777777777777851e-01
-1.284777777777777741e-01
-1.282333333333333103e-01
-1.281555555555555503e-01
-1.285555555555555618e-01
-1.284222222222222154e-01
-1.283222222222221987e-01
-1.284111111111111148e-01
-1.281666666666666510e-01
-1.284333333333333160e-01
-1.282888888888888690e-01
-1.285222222222222321e-01
-1.283444444444444554e-01
-1.282555555555555671e-01
-1.281444444444444497e-01
-1.282666666666666677e-01
-1.282222222222222097e-01
-1.284333333333333160e-01
-1.283444444444444554e-01
-1.283999999999999864e-01
-1.284666666666666457e-01
-1.282777777777777684e-01
-1.285777777777777908e-01
-1.283222222222222264e-01
-1.284444444444444444e-01
-1.282777777777777961e-01
-1.282666666666666400e-01
-1.282000000000000084e-01
-1.283777777777777851e-01
-1.283777777777777851e-01
-1.283444444444444554e-01
-1.283333333333333270e-01
-1.283111111111111258e-01
-1.281888888888888800e-01
-1.284444444444444444e-01
-1.283444444444444554e-01
-1.284777777777778018e-01
-1.284111111111111148e-01
-1.281444444444444497e-01
-1.283999999999999864e-01
-1.283222222222222264e-01
-1.283666666666666567e-01
-1.283222222222222264e-01
-1.283555555555555561e-01
-1.283555555555555561e-01
-1.282777777777777684e-01
-1.285000000000000031e-01
-1.281777777777777794e-01
-1.283333333333333270e-01
-1.282999999999999974e-01
-1.282888888888888967e-01
-1.282444444444444664e-01
-1.283666666666666567e-01
-1.283222222222222264e-01
-1.284777777777778018e-01
-1.282333333333333381e-01
-1.281999999999999806e-01
-1.281222222222222207e-01
-1.284222222222222431e-01
-1.282888888888888967e-01
-1.282000000000000084e-01
-1.282555555555555671e-01
-1.283555555555555561e-01
-1.283555555555555561e-01
-1.283333333333333270e-01
-1.283444444444444554e-01
-1.282111111111111090e-01
-1.282111111111111368e-01
-1.283888888888888857e-01
-1.284666666666666734e-01
-1.282666666666666400e-01
-1.284999999999999754e-01
-1.282111111111111090e-01
-1.283777777777777851e-01
-1.281999999999999806e-01
-1.284888888888888747e-01
-1.282555555555555671e-01
-1.283555555555555561e-01
-1.283222222222222264e-01
-1.282555555555555671e-01
-1.282666666666666677e-01
-1.284333333333333438e-01
-1.282333333333333381e-01
-1.282222222222222374e-01
-1.287333333333333107e-01
-1.284444444444444444e-01
-1.284222222222222154e-01
-1.282999999999999974e-01
-1.284111111111111148e-01
-1.283777777777777851e-01
-1.282333333333333381e-01
-1.281777777777777794e-01
-1.283999999999999864e-01
-1.284555555555555451e-01
-1.283777777777777851e-01
-1.284555555555555451e-01
-1.283888888888888857e-01
-1.283666666666666567e-01
-1.285333333333333050e-01
-1.283888888888888857e-01
-1.283111111111111258e-01
-1.283444444444444554e-01
-1.281999999999999806e-01
-1.282000000000000084e-01
-1.283999999999999864e-01
-1.284111111111111148e-01
-1.283666666666666567e-01
-1.284111111111111148e-01
-1.283333333333333270e-01
-1.283777777777778129e-01
-1.285111111111111037e-01
-1.282333333333333103e-01
-1.283777777777777851e-01
-1.283777777777777851e-01
-1.282333333333333103e-01
-1.283777777777777851e-01
-1.283666666666666567e-01
-1.283777777777777851e-01
-1.284111111111111148e-01
-1.284888888888888747e-01
-1.284111111111111148e-01
-1.284222222222222154e-01
-1.283222222222222264e-01
-1.282888888888888967e-01
-1.281666666666666510e-01
-1.283777777777777851e-01
-1.283444444444444554e-01
-1.284333333333333160e-01
-1.284666666666666734e-01
-1.283666666666666567e-01
-1.283666666666666567e-01
-1.282555555555555671e-01
-1.283111111111111258e-01
-1.283222222222222264e-01
-1.283777777777777851e-01
-1.283888888888888857e-01
-1.283777777777777851e-01
-1.282444444444444664e-01
-1.279666666666666730e-01
-1.283222222222221987e-01
-1.282888888888888967e-01
-1.282888888888888690e-01
-1.285444444444444612e-01
-1.281222222222222207e-01
-1.281222222222222207e-01
-1.282222222222222097e-01
-1.283333333333333270e-01
-1.283444444444444554e-01
-1.282555555555555671e-01
-1.281777777777778071e-01
