1.241468072695289804e-03
1.330975137220802296e-03
1.276038281922436957e-03
1.309990840133529177e-03
1.366165095946253460e-03
1.289005493805117641e-03
1.100735305173433654e-03
1.345798974495576728e-03
1.411699343186717526e-03
1.245305127219070718e-03
1.257034938587336947e-03
1.279875861066731568e-03
1.336050116879455851e-03
1.114446594914442201e-03
1.037287517393847835e-03
1.326795106539907509e-03
1.049636029019307415e-03
1.316921395943165818e-03
1.050873429533721870e-03
1.284825463124195100e-03
1.296555274492516840e-03
1.208285085860794084e-03
1.308903786117976420e-03
9.984113752640466632e-04
1.265696217567363613e-03
1.221870998000640363e-03
1.289156364924465281e-03
1.200886176292798035e-03
1.123727098772203670e-03
1.146568021251598291e-03
9.360750857771160671e-04
1.101975979088787305e-03
1.213359540898933941e-03
9.028671300450041848e-04
1.125707527903863081e-03
1.204104530559357844e-03
1.193612119705450558e-03
8.720085977404201660e-04
1.017071742442032800e-03
1.006579331588097759e-03
1.196086920734168446e-03
7.967056209913780940e-04
1.052879876804080350e-03
9.090541326168266600e-04
8.763389749201488943e-04
8.658470886867830618e-04
1.022021344499524087e-03
8.559733780900136146e-04
9.121476339027656532e-04
9.460996674932609096e-04
8.467183677504652728e-04
9.028926235631895558e-04
1.081289101598159608e-03
8.707966907442188376e-04
8.588773120141446338e-04
7.813614925245293552e-04
9.708690816706000426e-04
6.381544485944967704e-04
8.054392908977692223e-04
8.282807379977052964e-04
9.511216604771444150e-04
8.850736940676229292e-04
5.301368387692628747e-04
6.751999834709310200e-04
7.980403813297731741e-04
9.208818284297259904e-04
8.659449731313051402e-04
8.887848463696723655e-04
7.782929601362620353e-04
7.011344072362091229e-04
6.240172993590420436e-04
7.024242698048521749e-04
7.808207478398332402e-04
6.703278123653677589e-04
7.042803705764044686e-04
6.048990708335810762e-04
5.166288822019138305e-04
7.269317256940466265e-04
7.049709371394208279e-04
4.833679397949486312e-04
8.062088622743379673e-04
6.068275625315255883e-04
6.630018183442776269e-04
4.413982963792362213e-04
5.420164720158493488e-04
6.315245857824725029e-04
7.099210638174535681e-04
2.994286529634793137e-04
5.333806865540358100e-04
4.228882757001117820e-04
5.790620068922835983e-04
5.352367873255603481e-04
4.914110431383234001e-04
2.920297433955110211e-04
2.037595547638160198e-04
6.154893661321214626e-04
4.938858441670690436e-04
4.833934333131340022e-04
9.512272006087507670e-05
5.068530560497219728e-04
2.185828674180212428e-04
2.733721249980614054e-04
3.403112423637222328e-04
4.075966092875749069e-04
3.082153095447515145e-04
4.532784542463641486e-04
1.427860433924621475e-04
2.545158547607451194e-04
3.440234439067990646e-04
3.557532552751208055e-04
3.452608444211857641e-04
2.347684335672617362e-04
1.798315782688686415e-04
2.248947229705200446e-04
1.699578676721269499e-04
9.279774091047743312e-05
2.378619348531729738e-04
4.162584128881430257e-04
5.020992185811312680e-05
1.841624800691665786e-04
3.625589581041088749e-04
2.076215781852130959e-04
4.304625006646134455e-04
1.755261699868115866e-04
6.364876090017568266e-05
6.392121159914943007e-05
1.756510229674601575e-04
1.984919454468547784e-04
2.213328679262493992e-04
1.441737904056550335e-04
1.003480462184180855e-04
1.565223020311423685e-04
2.571410022883247048e-04
-2.001807523224763408e-05
2.028223226266112622e-04
3.441547504312580941e-06
3.739358109483559289e-05
1.380117567314764759e-04
-6.136901839079444976e-05
-3.852809591139982892e-05
1.176461599013411963e-04
6.270930460297585718e-05
-3.338661806517873032e-06
-2.249432330126421853e-04
-1.576568168476788490e-04
-2.348158943682732147e-04
-8.638607777722295822e-07
-6.833926139276913503e-05
-1.458546145530204008e-04
-1.341248031846986599e-04
-1.727695942144169550e-07
-9.955459395757926266e-05
-2.656020357464650150e-04
-3.094277799337297186e-04
4.674595125844782650e-05
-1.970792683082811525e-04
-2.297939013844174649e-04
-2.180640900161234796e-04
-2.285565008700585210e-04
-2.390489117240213179e-04
-2.606524336890292393e-04
-2.670040009852825413e-05
-2.260816998413406331e-04
-2.810185551396504611e-04
-1.248442993269371915e-04
-1.575589324031012595e-04
-1.680513432570363008e-04
-2.007240066898008379e-04
-4.001367836651281706e-04
-3.772643839531630849e-04
-4.891732702723694537e-04
-4.222451699381069012e-04
-3.882936609681530982e-04
-3.098961336920891263e-04
-2.870552112126667499e-04
-4.753253998443784933e-04
-5.413733662538999791e-04
-3.851991104411311984e-04
-2.401364903600322620e-04
-3.839617099267722544e-04
-3.055657565123603980e-04
-4.938354205235029326e-04
-5.932167202663263250e-04
-5.370424644536020420e-04
-6.253126530852692877e-04
-3.469161750503102493e-04
-4.574091105248034861e-04
-4.345676634248396564e-04
-5.450600742787636843e-04
-6.333302629104864412e-04
-6.771560070977511447e-04
-5.320928623961107551e-04
-4.648074954722580809e-04
-4.308554618817628246e-04
-4.982884265239406751e-04
-7.535720560010172875e-04
-6.529528311233212534e-04
-7.078902110422280458e-04
-5.072709861645152696e-04
-5.399856192406793376e-04
-8.171452213817931298e-04
-7.276371076151977313e-04
-7.047961851357753549e-04
-7.152891206102518495e-04
-6.702254512880867487e-04
-6.584956399197650079e-04
-7.356547174403593736e-04
-4.905920973592992063e-04
-8.566395391482184429e-04
-7.671319500021367421e-04
-6.887354719672111880e-04
-8.881167717099958114e-04
-9.097202936750314883e-04
-6.424349267511730854e-04
-8.862611955589849710e-04
-9.411975262368366124e-04
-8.628015728223970005e-04
-6.746784572884967357e-04
-9.299615621450596503e-04
-7.960100531750891051e-04
-7.731686060751530309e-04
-7.725504304385011345e-04
-8.052645388940959936e-04
-8.379791719702600616e-04
-7.151382494908486986e-04
-7.811862159003701844e-04
-8.916791513748079101e-04
-8.910599264970731070e-04
-8.904412262398797573e-04
-8.342669704271554743e-04
-9.780937638554920710e-04
-9.108073476905842458e-04
-8.324108696556031806e-04
-1.231792169398393533e-03
-1.120062358030110561e-03
-1.041666404615698704e-03
-9.854921488029744214e-04
-1.151539590591887929e-03
-7.731431125569399043e-04
-1.072524412299769025e-03
-1.095554902140916109e-03
-8.508484994083354014e-04
-1.305785354706684442e-03
-1.149611098893971173e-03
-1.060103509747889472e-03
-1.003929778555678887e-03
-1.114422189409630670e-03
-1.002691853420778489e-03
-1.335406486496937273e-03
-1.279232230684185234e-03
-1.156391308204801627e-03
-9.668837190587309394e-04
-1.366265018801521292e-03
-1.243424096322137684e-03
-1.287249840509402388e-03
-1.086631140252203309e-03
-1.008234662217249999e-03
-1.129838708802843872e-03
-1.195886150591796149e-03
-1.417489672556809799e-03
-1.327982083410728098e-03
-1.282918938709104451e-03
-1.204522460674151141e-03
-1.160844314205239369e-03
-1.516127419061763515e-03
-1.082175385471284557e-03
-1.081556685214091207e-03
-1.047604651623568195e-03
-1.135874840255290952e-03
-1.179700584442555655e-03
-1.112415217518675226e-03
-1.100685406150408996e-03
-9.334000392265395796e-04
-8.438924500804578788e-04
-8.988298299993924267e-04
-8.093217162327970282e-04
-1.008703015975581652e-03
-7.080853649594764931e-04
-8.519105845262164856e-04
-6.624050938623116114e-04
-6.173419491607157195e-04
-6.389438972640992809e-04
-4.272140858958273224e-04
-3.599276697308917417e-04
-2.481978583625810142e-04
-6.980138032758320676e-05
2.943232169688725364e-05
1.519269946181067699e-04
4.414345837641664438e-04
4.976088395768907269e-04
7.537830953896484942e-04
9.321795734246185461e-04
1.188353829237320802e-03
1.488972529494508867e-03
1.700702340862808581e-03
1.612432152231113580e-03
1.857495296932715201e-03
2.091447330523271697e-03
2.114278809832920158e-03
2.370462508815396330e-03
2.626632043043253262e-03
2.282809971199784016e-03
2.650096387364742068e-03
2.539601878028652227e-03
2.629111041036330532e-03
2.607507519071294855e-03
2.097015632837928578e-03
2.275412110872870874e-03
1.842697477796750860e-03
1.932204542322291108e-03
1.731438302637888782e-03
1.942822330777416173e-03
1.332329919923436190e-03
1.199615286847283135e-03
1.411345098215582849e-03
1.123074909583909875e-03
8.236936098410807539e-04
6.687567545426986726e-04
4.471527079571158136e-04
-2.188947338317981384e-04
2.616841086983123787e-05
-3.843239999841152610e-04
-7.503719663936037065e-04
-8.608643772475277345e-04
-1.482467899212552842e-03
-1.581849198955403990e-03
-1.825674943142646667e-03
-2.013945131774330655e-03
-2.135548653739383074e-03
-2.546041064593301817e-03
-2.645422364336097454e-03
-2.978137522032825446e-03
-3.099740519377336412e-03
-3.533882120329595589e-03
-3.622509050930311503e-03
-3.810779764182592455e-03
-3.810160539304829896e-03
-4.353986283492122800e-03
-4.231145361012711437e-03
-4.308304438533305802e-03
-4.563241293831676870e-03
-4.651511482463399627e-03
-5.173115004428407993e-03
-4.861385193060147047e-03
-5.049655381691858791e-03
-5.082370014767967348e-03
-5.126195758955232051e-03
-5.081132614253608404e-03
-4.902736136218666108e-03
-4.946561880405903056e-03
-4.612609846815385328e-03
-4.600880035447091343e-03
-4.478039112967652224e-03
-4.099643159553273408e-03
-4.010135570407219463e-03
-3.476183012196182309e-03
-3.288060887612215266e-03
-3.165566272982145435e-03
-2.764947048104399174e-03
-2.419883903402725300e-03
-2.041487425367805031e-03
-1.718646502888387939e-03
-1.162472247075663212e-03
-5.285202134850952582e-04
-2.501237354501639754e-04
-7.172725741522167908e-05
5.177803317308604658e-04
1.196176809765858717e-03
1.252351065578583000e-03
2.130747543613531469e-03
2.364699577204032455e-03
2.654207166350119884e-03
2.799270311051704763e-03
3.388777900197842419e-03
3.533841044899455053e-03
3.690015300712196078e-03
3.923967334302724819e-03
3.946808256782091684e-03
4.169649179261519789e-03
4.257771770174861858e-03
4.069155331984986024e-03
4.225329587797727049e-03
4.081503843610473359e-03
3.882122543867633224e-03
3.727185688569278899e-03
3.361137722159790453e-03
3.350645311305855412e-03
2.929041789340808277e-03
2.640771600709079792e-03
2.708056967632960221e-03
2.330897890112398896e-03
1.964849923702882695e-03
1.876579735071187693e-03
1.632753990883917261e-03
1.622261580030009975e-03
1.145102502509431908e-03
1.112387869433267840e-03
7.352287919126510030e-04
3.136252699476316241e-04
-2.302004742396335235e-04
-1.962484406491382671e-04
-7.400741848363756592e-04
-9.838999290236183359e-04
-1.384666226999176075e-03
-1.628838220744610599e-03
-1.861552853820780395e-03
-2.116489709119151463e-03
-2.671427089038058700e-03
-2.715252308604781950e-03
-2.959078052792024627e-03
-3.191792685868166668e-03
-3.546729541166582234e-03
-3.601666396464892062e-03
-3.989936585096665045e-03
-4.233762329283907722e-03
-4.844254740137804438e-03
-4.632524928769532480e-03
-4.887461784067903547e-03
-5.320176417143995806e-03
-5.364002161331260510e-03
-5.418938492009112151e-03
-5.451653649705789917e-03
-5.295479393893048892e-03
-5.205971804746994946e-03
-4.905353104489834637e-03
-4.515845515343758221e-03
-4.461098227407145345e-03
-4.149725158007905312e-03
-4.004662013306292678e-03
-3.626265535271316898e-03
-3.458980168347447481e-03
-3.002805912534683985e-03
-2.979964990055317120e-03
-2.590457400909240704e-03
-2.267616478429823612e-03
-1.811442222617087872e-03
-1.321934633470994713e-03
-1.010204822102678257e-03
-5.984750107344283254e-04
-4.645229771439163269e-04
1.360957231132664536e-04
4.700477567038396920e-04
7.928886791832012726e-04
1.126840712773719000e-03
1.371903857475320621e-03
1.561411446621419064e-03
1.639807924656372373e-03
2.129315513802437776e-03
2.185489769615217570e-03
2.273612360528559639e-03
2.484995922338667507e-03
2.430059067040329923e-03
2.397344433964165855e-03
2.575740911999108151e-03
2.131915167811831990e-03
2.232533868069014327e-03
1.977597012770643259e-03
1.800437935250059907e-03
1.678834413285035243e-03
1.468342002431094473e-03
1.324516258243840783e-03
1.180690514056559337e-03
4.813092143137742696e-04
5.597056923487275792e-04
2.269910592725965515e-04
-1.501680182480480408e-04
-2.828826513241733398e-04
-4.378195066225554211e-04
-8.816452508098038265e-04
-1.403248772774839948e-03
-1.713741183628797460e-03
-2.257566927816062607e-03
-2.691666559124922253e-03
-3.158060775092563777e-03
-3.379664297057632938e-03
-3.679045596800406548e-03
-4.200649118765442669e-03
-4.633364276462187403e-03
-4.966078909538290675e-03
-5.098793017993902277e-03
-5.498174317736692629e-03
-5.697555617479532764e-03
-6.285825806111255964e-03
-6.618540439187386992e-03
-6.917921738930216113e-03
-6.950636372006380181e-03
-7.272239893971438329e-03
-7.493843415936424224e-03
-7.726558049012594021e-03
-7.692606015422071009e-03
-7.747542870720436348e-03
-7.569146392685466296e-03
-7.146305470206087973e-03
-6.645686769948921935e-03
-6.456179180802823492e-03
-6.333338258323384373e-03
-5.978549000743377251e-03
-5.622720994488822344e-03
-5.255435627564974954e-03
-5.154817451928334071e-03
-4.798643196115587317e-03
-4.175801749015634057e-03
-3.997405270980664005e-03
-3.452342126279067669e-03
-2.951723426021901631e-03
-2.395549170209093637e-03
-1.861597136618625692e-03
-1.494311769694778302e-03
-8.603597361042658598e-04
-2.264077025137256616e-04
5.297665532989770387e-04
8.414963646672934949e-04
1.375447873637275498e-03
2.164955987403877069e-03
2.432240829707166263e-03
3.099526721251577577e-03
3.322367643730977926e-03
3.778541374923199969e-03
3.990271710912041137e-03
3.800574554404190231e-03
3.667503179359044019e-03
3.490344101838432911e-03
3.179851166363933945e-03
2.991581502352791411e-03
2.414422424832168845e-03
1.959485569533819804e-03
1.771215380902135816e-03
1.149611858937082953e-03
6.613416703053487389e-04
-8.248407388189438194e-05
-7.040875958469194895e-04
-1.025691117811977637e-03
-1.536183528665885367e-03
-2.268898161742027852e-03
-2.857168350373751053e-03
-3.278771872338825943e-03
-3.789264283192733673e-03
-4.733090027379982523e-03
-5.321360216011705724e-03
-5.731852626865624467e-03
-6.442345037719537926e-03
-6.886170781906814087e-03
-7.498048190993450435e-03
-7.675553518072253389e-03
-7.919379262259468311e-03
-7.796538339780084703e-03
-7.607030750634014016e-03
-7.206411001135781813e-03
-6.728015572341816686e-03
-6.049619618927443154e-03
-5.882334252003601494e-03
-5.370603916014737855e-03
-4.814429660201985373e-03
-4.347144293278148997e-03
-3.513192259687658581e-03
-3.223684670541598907e-03
-2.534177081395472264e-03
-1.600225047804992862e-03
-1.055161903103341015e-03
-3.434320917350686120e-04
3.905199418554328172e-04
8.466941976681963133e-04
1.491756293128754240e-03
2.070152771163707994e-03
2.770771471420852006e-03
3.336672423023767653e-03
3.992500370987139835e-03
4.026452929198176545e-03
4.382626135769840392e-03
4.472133724915922093e-03
4.383864060904740789e-03
4.451148903208052010e-03
4.196212047909680942e-03
4.041275192611298861e-03
3.608560034914637393e-03
3.320291420144561023e-03
2.987576262447888542e-03
2.788194438084479199e-03
2.488813662962219286e-03
1.967209091756100259e-03
1.290051588097140822e-03
1.057336430400457328e-03
7.246207480831601266e-04
4.746219518314553909e-05
-5.963630243835671418e-04
-7.068549106169497165e-04
-1.617347321470896659e-03
-1.938950843435899296e-03
-2.550828252522563400e-03
-2.828333579601327585e-03
-3.294381546010805017e-03
-3.949318401309215298e-03
-4.526477478829810108e-03
-4.970303223017030758e-03
-5.747462300537659052e-03
-6.046844124901029627e-03
-6.301780980199400695e-03
-6.478939533099442594e-03
-6.589432468573908075e-03
-6.355480434983379334e-03
-5.921527876772331167e-03
-5.420909176515109618e-03
-4.731401587369066242e-03
-4.219671776000771812e-03
-3.607941964632488396e-03
-3.229545486597484860e-03
-2.662260119673659498e-03
-1.950530308305359339e-03
-1.405467163603735248e-03
-5.604040189021164409e-04
-1.708964297560677803e-04
5.852778260567459423e-04
1.006691780659985103e-03
1.462509294503672175e-03
1.718683550316402187e-03
2.408191139462473318e-03
2.875476506386337450e-03
3.031650237578537022e-03
3.154491684678489838e-03
3.432888162713476632e-03
3.455729085192843497e-03
3.589681118783383251e-03
3.756966485707197156e-03
3.479807408186624818e-03
3.302648330666013710e-03
2.947711475367653655e-03
2.703884681939328072e-03
2.448947826640984760e-03
1.849567051518646865e-03
1.572407973998074526e-03
1.328582229810831850e-03
1.040312565799672573e-03
5.187090438346364518e-04
1.526610774251480063e-04
-3.467202223176590881e-04
-7.030420758487587740e-04
-1.136102958483070635e-03
-1.513262036003687472e-03
-1.834866082589314829e-03
-2.256469079933792754e-03
-2.544739268565465728e-03
-2.966342790530512863e-03
-3.399057423606660633e-03
-3.620660945571674283e-03
-3.853376103268413289e-03
-4.141646816520655472e-03
-4.485472036087401193e-03
-4.807077131914055945e-03
-4.962012937971327364e-03
-5.261394762334670183e-03
-5.282997759679192162e-03
-5.449053595396796679e-03
-5.370648198812610907e-03
-5.292251720777629842e-03
-5.358299687187095817e-03
-5.335458764707701196e-03
-5.012617842228311860e-03
-5.145332475304492670e-03
-4.812765439946686818e-03
-4.656937433692137640e-03
-4.445207622323837926e-03
-4.311255588733298172e-03
-3.943970221809450782e-03
-3.621129299330033691e-03
-3.298288376850616599e-03
-3.397671250455092107e-03
-2.730384834290139340e-03
-2.729770855617846825e-03
-2.395816198924621832e-03
-2.172975276445221482e-03
-1.961243891215269652e-03
-1.816181795754739925e-03
-1.804456181350777566e-03
-1.548279827055853985e-03
-1.569884398262000325e-03
-1.502597982097092499e-03
-1.313089868330452603e-03
-1.579137310119382853e-03
-1.445182653426163588e-03
-1.989007872992859527e-03
-1.988390221976749084e-03
-1.989155470711212459e-03
-2.133328513697768658e-03
-2.077153208643905957e-03
-2.632090063942327252e-03
-2.775915808129553186e-03
-3.019741552316823618e-03
-3.230234487791305842e-03
-3.362948596246917443e-03
-3.773441007100808431e-03
-4.228378387019698925e-03
-4.394425828808695700e-03
-4.549362684107077781e-03
-4.959855094960996524e-03
-5.192569728037138566e-03
-5.447506583335509633e-03
-5.846887883078299986e-03
-6.257380293932246484e-03
-6.456761593675086619e-03
-6.800587337862346038e-03
-7.088858051114588221e-03
-7.477127715125764240e-03
-7.676509014868548864e-03
-7.798113061454142736e-03
-7.608604947687502840e-03
-7.420524326417599070e-03
-7.320262368129437647e-03
-6.741865890094483893e-03
-6.174580523170575264e-03
-5.951739600691174914e-03
-5.551120900434025618e-03
-5.072724422399088606e-03
-4.616550166586352866e-03
-4.404820355217997641e-03
-3.970868321627518682e-03
-3.314694065814777213e-03
-2.947408698890929823e-03
-2.413456665300378612e-03
-1.846171298376553249e-03
-1.234441487008269833e-03
-1.044933897862199146e-03
-3.554263087161002588e-04
-1.548076084589011803e-04
4.902555362426841423e-04
1.146429792055425612e-03
1.380381825645954352e-03
1.881000525903148146e-03
2.759397003938096615e-03
2.758629715012672623e-03
3.247792045550451645e-03
3.537299634696539075e-03
3.793473365888727633e-03
4.382980955034782022e-03
4.383600179912516825e-03
4.573107769058587513e-03
4.573726469315753107e-03
4.518789614017415524e-03
4.474962820589067913e-03
4.764470934355669041e-03
4.442867412390638648e-03
4.476818921360620207e-03
4.366326510506668424e-03
4.311390179828844538e-03
4.256453849151048408e-03
4.557071500167153566e-03
4.813246280600397276e-03
4.636087727700355376e-03
4.881150347781443299e-03
4.948435190084754520e-03
5.093499384027450061e-03
4.983006973173498277e-03
5.037795239803660730e-03
5.093624237008098632e-03
4.883131301533644164e-03
4.650416668457529878e-03
4.384369226668571873e-03
4.484986877684643547e-03
4.063384404960707075e-03
3.808447549662336007e-03
3.609066249919523628e-03
3.431907172398940276e-03
3.143636459146670337e-03
2.799811239579952371e-03
2.333763273170474939e-03
1.867715306760997507e-03
1.612778451462626439e-03
9.800638183865006958e-04
5.917936297547277125e-04
3.146345522341553735e-04
-1.069689697308640053e-04
-8.396836028070342461e-04
-1.494620458105361260e-03
-1.816223980070419408e-03
-2.704494168702137324e-03
-3.149704911122125361e-03
-3.927210238200889991e-03
-4.493258204610356410e-03
-5.192639504353169233e-03
-5.869798581873780785e-03
-6.513624326061034919e-03
-7.068561181359428458e-03
-7.345720258880000797e-03
-7.822879336400606620e-03
-7.733371747254552675e-03
-7.577197491441811650e-03
-7.398801013406813842e-03
-7.498182313149637235e-03
-7.075341390670203401e-03
-6.819167134857501145e-03
-6.651881767933631728e-03
-6.495707512120918459e-03
-6.106199922974842043e-03
-5.861136778273212666e-03
-5.716073633571600032e-03
-5.604343822203289305e-03
-5.159280677501654200e-03
-4.836439755022209352e-03
-4.480265499209490354e-03
-4.281073766828458194e-03
-3.669701746670306353e-03
-3.513528015478106781e-03
-2.946242123933684454e-03
-2.623401201454295117e-03
-2.122785124299836346e-03
-1.555502905099259703e-03
-1.077111148649140260e-03
-6.876019856414672393e-04
-4.254303790415803199e-05
6.580793346968594193e-04
1.114252541268484498e-03
1.781538432812840300e-03
2.071049694302745658e-03
2.671673640765342972e-03
2.983402927513117975e-03
3.628463449111996031e-03
4.295751439138545402e-03
4.240816682322401387e-03
4.696989888894054221e-03
5.253164669327292646e-03
5.476004542565637845e-03
6.009958150017785661e-03
6.298079341943013665e-03
6.631686000342945642e-03
6.932304700600105951e-03
7.132923925477846483e-03
6.844653736846145753e-03
6.778605245816110569e-03
7.045891137360510426e-03
6.624287615395463291e-03
6.813795204541561734e-03
6.614413904798721600e-03
6.315033129676489443e-03
6.315651305313085828e-03
5.916270005570267720e-03
5.883555372494131408e-03
5.584174597371815985e-03
5.495903884119607286e-03
5.240967028821236218e-03
4.752696840189529759e-03
4.586649398400616251e-03
4.409490320880005143e-03
3.810108496516612098e-03
3.755172165838788212e-03
3.233568643873779846e-03
2.543913457009355783e-03
2.277518716421150780e-03
1.611471274632209072e-03
1.567645530444944368e-03
5.571531195910084389e-04
-1.088953714390161753e-04
-6.304983687835108430e-04
-1.007657446304099924e-03
-1.495927634935806383e-03
-2.106420045789758611e-03
-2.828023567754772705e-03
-3.405182645275367515e-03
-4.404563945018202809e-03
-5.003945244760971134e-03
-5.603326544503822726e-03
-5.936041702200522963e-03
-6.390978032878330550e-03
-6.279247172268964672e-03
-6.111962854586150407e-03
-6.189121932106800283e-03
-5.977392120738472814e-03
-5.576773420481323518e-03
-5.665043609113018519e-03
-5.776921018199654423e-03
-5.321093011945082774e-03
-5.320474311687944935e-03
-5.175411166986304545e-03
-5.085904102460736542e-03
-5.018618210916370170e-03
-4.906888399548059443e-03
-4.739605655726952804e-03
-4.438989053951958308e-03
-4.227253996378160794e-03
-3.915524709630469058e-03
-3.426017120484375900e-03
-3.180953975782746523e-03
-2.780335275525569472e-03
-2.157494353046129909e-03
-1.779097875011181884e-03
-1.067368063642909481e-03
-6.334160300524027676e-04
-1.439084409062818537e-04
6.122647656653656956e-04
1.279551181830262951e-03
1.869058770976345096e-03
2.414119292575289677e-03
2.957743344837115984e-03
3.335789959261259430e-03
3.836413905723867757e-03
4.270366463934915924e-03
4.304316923663814576e-03
4.582716024801508636e-03
4.605556947280903257e-03
4.395064536426990243e-03
4.373461014461926810e-03
4.540746906006337680e-03
4.241365606263536314e-03
4.275317639854031571e-03
3.787047451222325112e-03
3.521000009433367106e-03
3.210507073958923652e-03
2.822236885327233935e-03
2.322855585584371330e-03
2.056808143795468835e-03
1.590760177385963647e-03
8.358233220875921354e-04
5.364420223447907698e-04
-4.071705517580403999e-05
-6.067650215852982143e-04
-1.228368543550323322e-03
-1.862468174859216452e-03
-2.317751279715757340e-03
-3.139354801680815932e-03
-3.560958323645863066e-03
-4.149228512277530756e-03
-4.859720923131471970e-03
-5.559102222874284793e-03
-5.780705744839298443e-03
-5.957864822359909551e-03
-5.979468344324945228e-03
-5.867738532956662256e-03
-5.444897610477256178e-03
-4.888723354664531451e-03
-4.188104654407331928e-03
-3.743041509705724579e-03
-3.153533920559642434e-03
-2.541804109191331262e-03
-1.974518742267505900e-03
-1.351677819788066337e-03
-6.066146750864365167e-04
2.384484696151822902e-04
8.723999785851532796e-04
1.728574759018441931e-03
2.361141794376242498e-03
3.005858164899122276e-03
3.539810198489673487e-03
4.095984454302370459e-03
4.796603154559542226e-03
5.152775836510720131e-03
5.497839505832879947e-03
5.787343947255690901e-03
5.721297554707849287e-03
5.933027366076149001e-03
5.755869337796593044e-03
5.712043068988786887e-03
5.523774454218727259e-03
5.391058247280977600e-03
5.058342564963735910e-03
4.703405709665348100e-03
4.426248730626941574e-03
4.382424035680759777e-03
3.860819989095182203e-03
3.483661960815648273e-03
2.750946803118964334e-03
2.540454392265023564e-03
2.218851394920562381e-03
1.673639661550652136e-03
1.340579769866234727e-03
8.078651367900702152e-04
4.529282814917101607e-04
-2.020085738066446090e-04
-4.013898735494847436e-04
-9.563267288478505268e-04
-1.544596917479573728e-03
-1.755089328333486742e-03
-2.776692850298523307e-03
-2.842740816707961526e-03
-3.486566560895271172e-03
-3.908170082860290551e-03
-3.907551382603124956e-03
-3.529154904568149176e-03
-3.650758426533173839e-03
-3.261250837387125179e-03
-2.882854359352149398e-03
-2.282235659094966618e-03
-2.014950292171135970e-03
-1.380998258580595772e-03
-6.581578607217086763e-04
-4.242053025106939934e-04
2.972086520925676378e-04
9.752483881585172210e-04
1.820311532860108272e-03
2.354263566450659484e-03
2.921548933374512602e-03
3.644389855853913396e-03
4.311674698157214047e-03
4.934515620636653610e-03
5.512912098671579608e-03
6.380196940974885988e-03
6.869705054741548356e-03
7.003656563711518901e-03
7.526496961570372513e-03
7.849337359429220395e-03
7.816622201732542630e-03
7.706126643155369882e-03
7.806745868033065916e-03
7.451809012734705862e-03
7.241317126501334300e-03
6.730824715647398815e-03
6.509221193682357409e-03
6.276508134467811972e-03
5.777126834725032634e-03
5.366635997732710495e-03
5.021422923665863625e-03
4.477254310808365112e-03
4.100094708667234578e-03
3.422936680387733688e-03
2.990221522691044465e-03
2.546395253883226850e-03
1.858125589872056116e-03
1.614300370305354893e-03
1.048251879275347020e-03
4.044266597086343396e-04
-1.505101955897314436e-04
-9.165581619992313467e-04
-1.360383906186507508e-03
-2.037542983707119060e-03
-2.492479839005468101e-03
-3.180750027637152533e-03
-3.269020216268847534e-03
-3.057290404900575576e-03
-2.956671704643393239e-03
-2.700497448830663227e-03
-2.144323193017938500e-03
-1.654815603871817586e-03
-1.120863570281321886e-03
-8.438520904790747235e-04
-2.546912755117536342e-04
4.014824556804741373e-04
8.243244274009353667e-04
1.380498158593146396e-03
2.036672939026401563e-03
2.270623923375847397e-03
2.837910339540783422e-03
3.349639101668022700e-03
3.972480548767948205e-03
4.317543693469594324e-03
4.762605264309577313e-03
4.741002791585624543e-03
4.908288683130007657e-03
5.086684636544436255e-03
5.220637194755489707e-03
5.054588703725493293e-03
4.899651848427083456e-03
4.866935116868781330e-03
4.478667026719257427e-03
4.168173042003731066e-03
3.902123501732579491e-03
3.513853313100862019e-03
3.268597395023054020e-03
2.546637714000682395e-03
2.047295760798595321e-03
1.959033441475049875e-03
1.404065633564599569e-03
1.049147664605787345e-03
5.497847265819866269e-04
-1.384807404647969697e-04
-2.378609909665929667e-04
-6.705756240427407366e-04
-9.477347015633130756e-04
-1.602671556861695601e-03
-1.813163967715608615e-03
-1.979211934125091332e-03
-2.456371011645697156e-03
-2.589085644721850210e-03
-2.744022500020204536e-03
-2.987848244207474968e-03
-3.020562877283639036e-03
-3.508833065915345495e-03
-3.508214365658152145e-03
-3.552040109845416849e-03
-3.395865854032675824e-03
-3.707785699092108755e-03
-3.485301052252393061e-03
-3.629126796439646752e-03
-3.406285873960218646e-03
-3.250112142768019075e-03
-2.971715140112546338e-03
-3.071096439855314220e-03
-2.837143357023758083e-03
-2.403192372674278765e-03
-2.413684783528269318e-03
-1.701954972159913648e-03
-1.468002938569412663e-03
-1.634050904978923136e-03
-1.211211556361141417e-03
-1.221702393353424343e-03
-8.544170264296047090e-04
-6.537983261724056305e-04
-4.420685148040504053e-04
-2.525609256580074735e-04
-2.519422254008141238e-04
-2.402124140325201385e-04
3.818406400241114440e-05
1.943583198151521696e-04
2.283103534056751815e-04
5.830996109856823040e-04
4.167053950180354960e-04
3.173230460341014414e-04
6.179427955324001687e-04
7.407837180117837761e-04
2.747357516023063440e-04
3.975766740817177070e-04
4.315287076722407189e-04
4.321437355856438955e-04
-5.612487918446595891e-05
5.559601363464006241e-05
-3.104514281543069298e-04
-8.760788257219931374e-05
-3.203198925456063328e-04
-6.974773962045710540e-04
-7.968581713268529931e-04
-1.029572804403022790e-03
-1.095619721571433614e-03
-1.406110558563711255e-03
-1.794381796436511634e-03
-1.871540349336564546e-03
-2.248698902236584418e-03
-2.559191837711055628e-03
-2.893292809716868641e-03
-3.048575623117555367e-03
-3.447956922860401230e-03
-3.925117574242631413e-03
-4.180054429541030236e-03
-4.501656377644380758e-03
-4.623260948850516083e-03
-4.955977680408840680e-03
-5.122026171438892606e-03
-5.188072563986734220e-03
-5.076344326480075608e-03
-4.609058434935670023e-03
-4.408437111575763678e-03
-3.907821559041846360e-03
-3.773865853107544188e-03
-3.217690023433167346e-03
-2.539295119259821210e-03
-2.249786480872678629e-03
-1.526944509152194929e-03
-8.707713025805086104e-04
-5.034864602772026743e-04
5.268779553552205286e-05
5.199710639771926157e-04
1.308052443032364787e-03
1.819424230025845635e-03
2.186705924605902851e-03
2.942883328141909782e-03
3.465728972206205682e-03
3.955232364387939459e-03
4.611452786808412085e-03
5.145373343166392832e-03
5.579314884346042724e-03
5.702197776468909129e-03
5.936118332826811894e-03
6.203435176983213006e-03
6.148508814095704489e-03
6.271307766931716321e-03
6.049735722199217625e-03
5.794809359311703378e-03
5.495428059568902013e-03
5.251601790761117883e-03
4.941099936737414211e-03
4.863944006940096321e-03
4.153454219188834617e-03
3.954072919445994483e-03
3.454692668944298051e-03
2.909439665425062049e-03
2.265260618447839658e-03
1.943653948759560546e-03
1.544274747498908251e-03
7.004495279321898416e-04
4.343994630405245694e-04
-8.720248506285943613e-05
-5.310282292501355972e-04
-9.970803926239169002e-04
-1.452023543368818892e-03
-2.040282714969116062e-03
-2.295219045646973433e-03
-2.327933678723109745e-03
-2.393981645132603475e-03
-2.793362944875393827e-03
-2.548299800173792207e-03
-2.469903322138811141e-03
-2.424840177437187494e-03
-2.290888143846675495e-03
-1.834713888033967510e-03
-1.367428521110047868e-03
-1.122365376408446247e-03
-1.550800094846371824e-04
1.899831352170366916e-04
1.078105726130346165e-03
1.789489287940454476e-03
2.534552432642139808e-03
3.168504466232652250e-03
4.013569184795867661e-03
4.480852977858107433e-03
5.292582789226424334e-03
5.537645933928025954e-03
5.827153523074113384e-03
5.694438889997960329e-03
5.517280337097918430e-03
5.229009623845648491e-03
4.896294990769489708e-03
4.396913691026710369e-03
3.741976835728300088e-03
3.253706647096621385e-03
2.320992014020473171e-03
1.443832936499855890e-03
6.555627478681824716e-04
-1.660407740969038759e-04
-6.876442960619399969e-04
-1.687025595804719780e-03
-2.697518006658655709e-03
-3.220506526856403706e-03
-4.086900742824084443e-03
-4.841837598122455955e-03
-5.474552231198609453e-03
-6.062822419830304899e-03
-6.551092608461983602e-03
-6.750473908204823736e-03
-6.460966319058736307e-03
-6.015903174357128957e-03
-5.359728918544387488e-03
-4.792443551620562125e-03
-4.214047073585552861e-03
-3.413428373328392107e-03
-2.535031895293415882e-03
-1.601079861702908724e-03
-1.022683383667927215e-03
2.779353165892617383e-04
8.674429057352883721e-04
1.901394939325812272e-03
2.824236386425788004e-03
3.702632339840167264e-03
4.703251040097389257e-03
5.481647518132348740e-03
6.136394806068978802e-03
6.647767875468196808e-03
7.248386575725379588e-03
7.415671942649249004e-03
7.682957309573079652e-03
7.350242676496948624e-03
7.139750265643007854e-03
6.695924521455759448e-03
6.374320999490729056e-03
5.930537224946880182e-03
5.442277528726002789e-03
4.887298703784237475e-03
4.232393325718453170e-03
3.655241592885438706e-03
3.033588756589378210e-03
2.523127822968013190e-03
2.112606033363717550e-03
1.446592167289484365e-03
7.472250323013185369e-04
3.811781151329129980e-04
-1.404254068321231230e-04
-4.953643606126489907e-04
-1.216965784095525027e-03
-1.462219370526485207e-03
-1.961956537870762629e-03
-2.194673269429042728e-03
-2.071829199226410401e-03
-1.748990899849728331e-03
-1.659483310703702141e-03
-1.492204763846843862e-03
-1.169367513711272455e-03
-7.687356979405313151e-04
-1.458947754610917524e-04
2.880572581293872059e-04
9.108981806087990130e-04
1.467072436421551496e-03
2.245468914456510978e-03
2.890532059158124056e-03
3.568929586434205214e-03
4.513991681894757857e-03
4.981277048818566477e-03
5.615229082409106676e-03
6.160292227110730767e-03
6.816466482923472237e-03
6.839308454643977520e-03
7.039926105660038180e-03
6.850270918795614561e-03
6.639432258383509700e-03
6.095606514196244552e-03
5.718447436675710982e-03
5.207955025821747741e-03
4.730795948301141918e-03
4.142525759669446472e-03
3.232033348815527285e-03
2.710429826850463408e-03
1.955492971552091896e-03
1.378333894031524842e-03
7.011748165109410458e-04
1.793516768128222694e-06
-9.309211163080477469e-04
-1.308080193828609072e-03
-2.251905938015885678e-03
-2.784620571092022434e-03
-3.361779648612645000e-03
-3.461160948355468392e-03
-3.671653359209381406e-03
-3.237701325618874693e-03
-2.648193736472764792e-03
-1.847575036215604039e-03
-9.914007804028845960e-04
-1.477226339339776651e-04
6.525498167650189973e-04
1.630946294799984209e-03
2.320453883946083096e-03
3.609961473092171413e-03
4.455024617793762465e-03
5.500087762495414756e-03
6.489595351641480603e-03
7.534658496343105138e-03
8.446388307711424903e-03
9.280340341301915319e-03
1.003651459711465965e-02
1.048157774181628088e-02
1.093775199762900274e-02
1.112725958677512894e-02
1.111676717592116614e-02
1.119516417857667478e-02
1.097356013199109193e-02
1.057417883224828770e-02
1.004146419917213706e-02
9.608749566095975414e-03
9.176034933019841522e-03
8.809986966610339199e-03
7.820289810102507011e-03
7.398326398445204122e-03
6.887835561452865241e-03
6.199562225097904333e-03
5.555733857807942933e-03
4.811907589000130603e-03
4.279195579026728868e-03
3.324260822210545196e-03
2.680434028782152645e-03
1.825498222724847297e-03
1.048336522101595003e-03
1.822922280358962865e-04
-2.726456765035634167e-04
-7.275846302841337820e-04
-7.714171945384096230e-04
-8.596753168976511983e-04
-6.479035358859519533e-04
-2.473163128613453665e-04
9.777830907287121676e-05
1.317408350741955392e-04
6.545397879101910732e-04
9.329677431777483321e-04
1.478041380290229245e-03
1.988344223782384512e-03
2.777495070959451473e-03
3.344780437883276836e-03
4.034288027029347967e-03
4.723795616175419099e-03
5.391080983099261204e-03
6.302810794467594846e-03
6.992318383613638222e-03
7.470714861648616867e-03
8.060222450794699012e-03
8.405285595496303497e-03
8.805904295753508304e-03
9.050967440455123803e-03
9.184919474045649679e-03
8.807760396525032842e-03
8.819490732513882159e-03
8.420108908150508720e-03
8.254060941741012125e-03
7.921346308664894975e-03
7.577521089098177010e-03
6.822583709179264044e-03
6.289869076103099532e-03
5.823822158934705007e-03
4.978610833603014374e-03
4.634438373528226851e-03
4.201723740452079081e-03
3.291231329598132138e-03
2.747405585410866991e-03
2.014690952334696750e-03
1.304198541480783291e-03
6.714839084046853035e-04
-1.167862802270713818e-04
-1.027278691080990569e-03
-1.271104435268233246e-03
-1.548263512788833340e-03
-1.492089256976081302e-03
-1.280359445607837099e-03
-8.686296342395039005e-04
-5.568998228712429555e-04
-2.340589003918536193e-04
2.332264665320382679e-04
8.894007223448074928e-04
1.356686089268616113e-03
2.157304789525804622e-03
2.591256823116339092e-03
3.325208856706840521e-03
3.925827556963995546e-03
4.658394534030690926e-03
5.636444820798586219e-03
6.059285743277992298e-03
6.659904443535202834e-03
7.338300921570145574e-03
8.072252955160647003e-03
8.683982766528972053e-03
8.962379244563917213e-03
9.285220167043334305e-03
9.308061089522728926e-03
9.375346456446581600e-03
9.242631823370442423e-03
8.921028301405412031e-03
8.410535890551476546e-03
8.033376813030901342e-03
7.289551068843630466e-03
6.745725324656379196e-03
6.035232913802451860e-03
5.246962725170722930e-03
4.458692536539021756e-03
3.559311236796230959e-03
2.404374381497847990e-03
1.638326415088348087e-03
8.375181474693793593e-04
-1.777544979800205205e-05
-8.949345273186193328e-04
-2.116538049283661627e-03
-2.871474904582005383e-03
-3.415300648769298286e-03
-3.570237504067624856e-03
-3.458507692699314129e-03
-3.369000103553260184e-03
-3.235048069962775941e-03
-3.045540480816677498e-03
-2.567144002781740486e-03
-2.077636413635619572e-03
-1.643684380045140614e-03
-9.208434575657120646e-04
-4.424464549102335997e-04
2.137272762819941718e-04
7.810126432058195345e-04
1.426075787907432613e-03
2.337805599275738500e-03
2.782868743977373605e-03
3.550154110901232452e-03
4.261883922269532610e-03
4.961117566002815060e-03
5.472501186104122839e-03
6.117564330805763673e-03
6.795960808840678657e-03
7.007690620209006127e-03
7.408309320466155423e-03
7.608928020723326746e-03
7.720657832091637474e-03
8.043498754571068443e-03
7.699673010383795146e-03
7.778069488418762334e-03
7.289799299787055875e-03
7.357084666710908549e-03
7.146592255856967779e-03
6.902766511669711225e-03
6.358940767482473833e-03
5.937337245517426698e-03
5.604622612441240159e-03
4.927463534920684118e-03
4.661415568511184659e-03
4.228700935435036889e-03
3.495986302358866649e-03
3.363271669282741350e-03
2.506949757460463779e-03
1.962777822006211981e-03
1.507840966707890695e-03
1.052904111409458388e-03
4.313005894444332800e-04
-2.236362658539492454e-04
-6.785731211522982864e-04
-1.133509976450702839e-03
-1.477335720637962257e-03
-1.921161464825210663e-03
-2.142764986790224313e-03
-2.753257397644204296e-03
-2.997083141831474729e-03
-3.107575552685371001e-03
-2.884734630205970651e-03
-2.884115929948777302e-03
-2.583497229691533725e-03
-2.505100751656608171e-03
-2.226704273621649133e-03
-1.681641128920052797e-03
-1.214355761996216421e-03
-1.102625950627905693e-03
-6.131183614818125349e-04
-8.055138441520615089e-05
3.419433467972132767e-04
8.758953803877089772e-04
1.276514080644913784e-03
1.966021669790984916e-03
2.477751481159279345e-03
2.756147959194210628e-03
3.223433326118074760e-03
3.735163137486396945e-03
4.224670726632462348e-03
4.625289426889639399e-03
4.903685904924598438e-03
5.304304605181775489e-03
5.460478860994516515e-03
5.905542005696151620e-03
6.095049594842236185e-03
5.929001628432739590e-03
6.062953662023237711e-03
6.052461251169330425e-03
6.041968840315409262e-03
6.075920873905918396e-03
5.832095129718634086e-03
5.554936052198089502e-03
5.088888085788584315e-03
5.076968707058537866e-03
4.821675109791090375e-03
4.411182698937143876e-03
4.200690288083258617e-03
3.712420099451524402e-03
3.313038799708734050e-03
2.846990833299256618e-03
2.292053978000863079e-03
1.937117122702503025e-03
1.659958045181902930e-03
9.827989676613191339e-04
7.389732234740764572e-04
4.173697015090183093e-04
1.735439573217756326e-04
-4.591706757543778661e-04
-4.696630866083406630e-04
-7.134888307955833398e-04
-1.046203463871686612e-03
-1.190029208058995813e-03
-1.356077174468478530e-03
-1.588791807544620571e-03
-1.521506440620795653e-03
-1.687554407030250614e-03
-1.521654096630298270e-03
-1.743603809862326326e-03
-1.554096220716255639e-03
-1.420144187125743640e-03
-1.297303264646332277e-03
-1.207795675500250576e-03
-1.051621419687509551e-03
-8.621138305414666192e-04
-7.170506858398262295e-04
-2.053208744715318002e-04
-2.158132853254668415e-04
2.736943038205985612e-04
4.298685596333395864e-04
9.082650376683321092e-04
1.164439293481034365e-03
1.509502438182708239e-03
1.965676693995416224e-03
2.266295394252604289e-03
2.678025205620881977e-03
2.856421683655879784e-03
3.290373717246358742e-03
3.713214639725764821e-03
3.636055562205198211e-03
4.424178094827369012e-03
4.380006159373089902e-03
4.525069304074730292e-03
4.603465782109711357e-03
4.837417815700212342e-03
4.926925404846294043e-03
4.671988549547909098e-03
4.628162805360658272e-03
4.428781505617845893e-03
4.418289094763938607e-03
4.196685572798869446e-03
3.830637606389353245e-03
3.731256306646557608e-03
3.231875006903750513e-03
3.032493707160938134e-03
2.777556851862567067e-03
2.455953329897508919e-03
1.623238696821377447e-03
1.323857397078576081e-03
1.124476097335735947e-03
8.028725753707333102e-04
4.479357200723732557e-04
3.485544203295221077e-04
-3.188786026038503696e-04
-3.074949825025707906e-04
-8.735429489120372093e-04
-1.384035359765944939e-03
-1.583416659508785074e-03
-1.993909070362731573e-03
-2.215512592327772978e-03
-2.826005003181669695e-03
-2.892052969591163425e-03
-3.169212047111791275e-03
-3.624148902410140316e-03
-3.712419091041807562e-03
-4.045133724117994101e-03
-4.022292801638599480e-03
-3.899451879159160361e-03
-3.443277623346424621e-03
-3.275992256422582960e-03
-3.208706889498758041e-03
-2.474754855908228857e-03
-2.318580600095487831e-03
-1.706850788727176660e-03
-1.217343199581083502e-03
-6.833911659905878011e-04
2.061164231554613036e-04
4.830859333143366907e-04
1.094459002713543683e-03
1.772855480748514179e-03
2.329029736561266661e-03
3.029648436818438428e-03
3.752489359297839222e-03
4.486441392888396162e-03
5.053726759812221525e-03
5.732123237847164265e-03
6.221630826993285179e-03
6.800027305028225055e-03
7.389534894174265567e-03
7.667931372209238483e-03
8.079661183577557804e-03
8.624724328279168017e-03
8.725343028536350354e-03
8.959295062126892972e-03
8.948802651272957931e-03
8.871643573752363565e-03
8.772262274009554051e-03
8.672880974266730658e-03
8.551277452301678239e-03
8.240785041447748482e-03
8.062240907403275814e-03
7.729180083060116502e-03
7.629798783317279232e-03
7.297084150241162082e-03
7.042147294942791014e-03
6.787210439644406068e-03
6.076718028790478732e-03
5.832892284603180544e-03
5.755733207082613934e-03
5.256351907339792962e-03
4.779192829819228772e-03
4.613144863409746055e-03
3.891541341444704205e-03
3.625493375035260257e-03
3.215000964181286003e-03
2.837841886660669166e-03
2.327349475806733681e-03
1.872412620508356884e-03
1.528586876321125221e-03
1.273650021022754153e-03
7.187131657243883698e-04
2.526651993148831821e-04
-2.449387820566140128e-05
-6.252602344724023098e-04
-1.080543281037765757e-03
-1.591035691891701243e-03
-1.734861436078982688e-03
-2.089798291377342743e-03
-2.078068480009021002e-03
-2.166338668640716003e-03
-2.176831079494623289e-03
-1.876212379237490735e-03
-1.620038123424760723e-03
-1.386086089834231982e-03
-1.218800722910418077e-03
-7.737375782087829723e-04
-6.064522112849135560e-04
-3.947223999165860864e-04
3.922963367389287193e-05
3.731816672644383548e-04
6.071337008549115843e-04
1.029974623334317663e-03
1.052815545813767795e-03
1.408989801626514549e-03
1.620719612994786507e-03
1.988004979918606141e-03
2.009460904165344397e-03
2.509733354864318589e-03
2.710352055121489911e-03
2.722081866489783897e-03
3.144922788969217731e-03
3.189985933670813623e-03
3.179493522816906337e-03
3.391223334185206051e-03
3.580730923331276738e-03
3.725794068032917128e-03
3.659746101623423398e-03
3.727031468547289950e-03
3.916539057693332881e-03
3.883824424617210447e-03
3.739998680429956757e-03
3.596172936242675311e-03
3.630124969833198323e-03
3.508521447868145904e-03
3.364695703680892214e-03
3.476425515049189063e-03
2.988155326417468727e-03
2.988774026674662077e-03
2.856059393598509022e-03
3.034455871633479074e-03
2.778092048458996599e-03
2.567242895636007161e-03
2.356750484782094146e-03
2.346258073928159105e-03
2.291321218629766010e-03
2.036384363331422698e-03
2.014780841366359265e-03
1.870955097179105575e-03
1.738240464102952521e-03
1.683303608804587181e-03
1.661700086839551505e-03
1.606763231541158410e-03
1.562937487353921462e-03
1.230222854277790434e-03
1.297508221201615353e-03
1.053682477014372676e-03
1.276523399493773026e-03
1.021586544195429713e-03
8.110941333414334320e-04
8.117128335986545373e-04
7.123315338558311449e-04
8.129502341130134813e-04
5.357911565924133868e-04
7.016915252835709271e-04
5.352973093158963636e-04
3.803604540175697935e-04
2.809791542747186455e-04
1.260422989763365642e-04
7.110544367794346954e-05
-7.272030050931022060e-05
-2.765715580765881754e-05
-2.603717888838008587e-04
-2.708641997377359001e-04
-4.924677217027773057e-04
-2.918490214455782272e-04
-5.801192100773067128e-04
-8.128338431534487540e-04
-8.899929206740431198e-04
-6.560408870835143791e-04
-6.665332979374771760e-04
-8.436923754580327728e-04
-9.097403418675265030e-04
-7.868994193881428956e-04
-9.085029413531675591e-04
-7.523286855404265339e-04
-6.850433186165738597e-04
-8.524762832587684525e-04
-6.522038325597612207e-04
-8.515851323026013553e-04
-7.731886542676480456e-04
-6.614588428993373181e-04
-5.941734759754846440e-04
-6.268881090516487120e-04
-6.040471865722263356e-04
-9.478729307594857545e-04
-7.139208971689570138e-04
-6.244133080228753130e-04
-6.460168299879665010e-04
-5.898425741752144624e-04
-9.336683183624738813e-04
-6.886051736608167495e-04
-8.879864734036291285e-04
-7.207011064797874678e-04
-5.867490728892754692e-04
-6.194637059654117817e-04
-7.410672279304642007e-04
-8.960040832288185264e-04
-6.731631607494181768e-04
-8.392111271589008936e-04
-6.955329806900001355e-04
-6.730383077687696058e-04
-8.279751630671516871e-04
-7.162453516988687152e-04
-8.489599847750217698e-04
-7.483412845178116779e-04
-9.588336953717246924e-04
-8.359927728923410850e-04
-9.798185170795947752e-04
-9.125331501557698566e-04
-9.896922276763364668e-04
-1.233517971863606899e-03
-9.551214938286478606e-04
-1.076725015793672524e-03
-9.094396488698308634e-04
-9.310431708348942959e-04
-1.085980026133248622e-03
-9.298057703205075963e-04
-8.291870700633252600e-04
-1.039679480917266030e-03
-1.039060780660072680e-03
-9.273309692917897085e-04
-1.026712269034585345e-03
-1.260853869986838793e-03
-1.082814133920945165e-03
-1.115528766997109233e-03
-1.270465622295435804e-03
-1.280958033149398601e-03
-1.091450444003300158e-03
-9.574984104127881590e-04
-1.134657487933399267e-03
-1.256261009898423930e-03
-1.100086754085682905e-03
-1.110579164939617947e-03
-1.165516020238011041e-03
-1.398230653314125327e-03
-1.153167508612523706e-03
-1.274771030577548370e-03
-1.274152330320382775e-03
-1.317978074507647479e-03
-1.195137152028236116e-03
-1.261185118437702091e-03
-1.249455307069435861e-03
-1.271058829034443782e-03
-1.637106795443932228e-03
-1.347599206297872554e-03
-1.369202728262880475e-03
-1.403302359571784175e-03
-1.269696575539436267e-03
-1.324633430837801606e-03
-1.190681397247261852e-03
-1.223396030323453676e-03
-1.300555107844048042e-03
-1.344380852031312745e-03
-1.488206596218566435e-03
-1.409810118183585370e-03
-1.464746973481950709e-03
-1.430794939891427697e-03
-1.496842906300921427e-03
-1.351779761599308793e-03
-1.517827728008763755e-03
-1.572764583307129094e-03
-1.527701438605533202e-03
-1.549304960570568879e-03
-1.404241815868928489e-03
-1.559178671167310570e-03
-1.558559970910117221e-03
-1.491274603986292302e-03
-1.435100348173512508e-03
-1.556703870138564927e-03
-1.468581279225222858e-03
-1.712753272970629626e-03
-1.612134572713475045e-03
-1.700404761345170046e-03
-1.577563838865758683e-03
-1.576945138608565333e-03
-1.620770882795857792e-03
-1.720152182538653429e-03
-1.752866815614789742e-03
-1.618914782024277743e-03
-1.784962748433815971e-03
-1.617677381509918799e-03
-1.683725347919412529e-03
-1.938662203217783597e-03
-1.738043502960612274e-03
-1.670758136036759600e-03
-1.825694991335113926e-03
-1.780631846633490278e-03
-1.680013146376335698e-03
-1.846061112785790659e-03
-1.845442412528597309e-03
-1.744823712271442728e-03
-1.755316123125322259e-03
-1.878304643323086554e-03
-1.955809970401845010e-03
-1.832969047922461403e-03
-1.721239236554206187e-03
-1.953953869630320472e-03
-1.964446280484227758e-03
-1.930494246893732502e-03
-1.796542213303248259e-03
-1.918145735268272922e-03
-1.895304812788878301e-03
-1.905797223642785587e-03
-1.749622967830044562e-03
-1.793448712017309266e-03
-1.992830011760121645e-03
-1.969989089280727024e-03
-2.002703722356863336e-03
-2.046529466544128040e-03
-2.012577432953605028e-03
-1.867514288251964638e-03
-2.111340032439235070e-03
-1.977387998848723072e-03
-1.998991520813758749e-03
-2.120595042778811168e-03
-1.921403310397751252e-03
-2.121141352109612299e-03
-2.076078207407960896e-03
-2.131015062706353991e-03
-2.197063029115819965e-03
-2.107555439969738265e-03
-2.040270073045885590e-03
-2.128540261677608347e-03
-2.261254894753789157e-03
-2.238413972274339026e-03
-2.204461938683843769e-03
-2.170509905093320757e-03
-2.181002315947228043e-03
-2.113716949023403124e-03
-2.090876026544008504e-03
-2.190257326286831896e-03
-2.345194181585213977e-03
-2.100131036883529090e-03
-2.032845669959704171e-03
-2.343338080813606172e-03
-2.264941602778652863e-03
-2.208767346965900824e-03
-2.241481980042092648e-03
-2.385307724229374093e-03
-2.252740630580341019e-03
-2.341357127061433063e-03
-2.462960649026429971e-03
-2.262341948769258648e-03
-2.361723248512109796e-03
-2.205548992699368771e-03
-2.093819181331058044e-03
-2.604311592184993529e-03
-2.348137336372263517e-03
-2.236407525003952790e-03
-2.558011046969010938e-03
-2.324059013378454441e-03
-2.667884757565741616e-03
-2.633932723975218604e-03
-2.488869579273578214e-03
-2.366028656794194607e-03
-2.498743289870319906e-03
-2.275902367390919556e-03
-2.508617000467089353e-03
-2.574664966876555328e-03
-2.585157377730462613e-03
-2.662316455251056979e-03
-2.583919977216131425e-03
-2.529130661344913822e-03
-2.595524935603749084e-03
-2.672684013124371205e-03
-2.649843090644948829e-03
-2.438113279276649115e-03
-2.559716801241701534e-03
-2.470209212095619833e-03
-2.658479400727303821e-03
-2.713416256025696915e-03
-2.601686444657413944e-03
-2.578845522178019323e-03
-2.578226821920825973e-03
-2.655385899441420339e-03
-2.676989421406456016e-03
-2.743037387815921990e-03
-2.742418687558728640e-03
-2.630688876190445669e-03
-2.685625731488838763e-03
-2.696118142342746049e-03
-2.795499442085569441e-03
-2.905991852939493469e-03
-2.672039819348936973e-03
-2.604754452425112055e-03
-3.016631803220592989e-03
-2.894137188590550913e-03
-2.804629599444441457e-03
-2.904010899187292605e-03
-2.670058865596763864e-03
-2.947217943117336203e-03
-2.813265909526824204e-03
-3.057091653714122392e-03
-2.889806286790280732e-03
-2.811409808755299666e-03
-2.710791108498117330e-03
-2.843505741574270385e-03
-2.809553707983719617e-03
-3.031157229948761023e-03
-2.952760751913835469e-03
-3.018808718323301443e-03
-3.095967795843868053e-03
-2.917571317808925757e-03
-3.228063728662883269e-03
-2.983000583961253893e-03
-3.115715217037379192e-03
-2.959540961224665923e-03
-2.958922260967444817e-03
-2.904174973030859697e-03
-3.092801903631592353e-03
-3.103294314485527394e-03
-3.080453392006132773e-03
-3.079834691748911668e-03
-3.068104880380645438e-03
-2.956375069012334711e-03
-3.222423035421834170e-03
-3.132915446275780225e-03
-3.276741190463033915e-03
-3.220566934650281876e-03
-2.964392678837551864e-03
-3.230440645246995812e-03
-3.163155278323170894e-03
-3.218092133621536233e-03
-3.184140100031040976e-03
-3.227965844218277924e-03
-3.238458255072212966e-03
-3.171172888148360292e-03
-3.403887521224502333e-03
-3.092157709856213632e-03
-3.258205676265696349e-03
-3.235364753786301728e-03
-3.234746053529108378e-03
-3.202178959880175313e-03
-3.335239900805642144e-03
-3.301287867215119132e-03
-3.467335833624629604e-03
-3.233383800034100863e-03
-3.210542877554664609e-03
-3.143257510630825813e-03
-3.453749921484783325e-03
-3.330908999005358084e-03
-3.252512520970404775e-03
-3.318560487379884627e-03
-3.429052898233808655e-03
-3.439545309087729819e-03
-3.427815497719421955e-03
-3.449419019684485388e-03
-3.326578097205074025e-03
-3.337070508059009066e-03
-3.525340696690693054e-03
-3.613610885322415811e-03
-3.424103296176303490e-03
-3.667929040363573923e-03
-3.389532562328628762e-03
-3.566691639849239870e-03
-3.400791212866904889e-03
-3.700518820459075542e-03
-3.477677897979702948e-03
-3.588170308833613098e-03
-3.565329386354204599e-03
-3.509155130541480316e-03
-3.530758652506502115e-03
-3.707917730027099346e-03
-3.518410140881028658e-03
-3.517791440623863064e-03
-4.039394962588857552e-03
-3.760998484553912391e-03
-3.749268673185618406e-03
-3.637538861817321556e-03
-3.759142383782373975e-03
-3.736301461302965476e-03
-3.602349427712453478e-03
-3.557286283010815953e-03
-3.790000916086957994e-03
-3.856048882496437846e-03
-3.788763515572612928e-03
-3.877033704204294051e-03
-3.820859448391555890e-03
-3.810556546608223627e-03
-3.988030454745578046e-03
-3.854067928744236982e-03
-3.786782561820412063e-03
-3.830608306007662889e-03
-3.696656272417123135e-03
-3.707148683271072054e-03
-3.917641094124971191e-03
-3.939244616090034623e-03
-3.905292582499511611e-03
-3.960229437797890828e-03
-3.892944070874024276e-03
-3.947880926172445126e-03
-4.091706670359657183e-03
-3.824421303435798780e-03
-3.979358158734194739e-03
-3.989850569588115903e-03
-3.855898535997576149e-03
-4.010835391295972108e-03
-4.010216691038778758e-03
-4.031820213003828313e-03
-4.075645957191093016e-03
-4.163916145822774140e-03
-4.098057688483897065e-03
-4.120018010709144973e-03
-4.030510421563077150e-03
-4.007669499083668652e-03
-3.895939687715357924e-03
-4.117543209680413208e-03
-4.094702287201018587e-03
-4.194083586943800346e-03
-4.237909331131092805e-03
-4.148401741984997226e-03
-4.158894152838932268e-03
-4.058275452581763809e-03
-4.124323418991243662e-03
-4.145926940956279338e-03
-4.211974907365773069e-03
-4.233578429330794868e-03
-4.232959729073615396e-03
-4.110118806594231788e-03
-3.842833439670359508e-03
-4.208881406079820198e-03
-4.186040483600439455e-03
-4.196532894454346740e-03
-4.462580860863860077e-03
-4.052235989437089070e-03
-4.063074708140379521e-03
-4.173567118994289671e-03
-4.295170640959328212e-03
-4.316774162924391645e-03
-4.238377684889438335e-03
-4.171092317965585661e-03
