1.960000000000000353e-01
2.160009999999999986e-01
2.360010000000000163e-01
2.560000000000000053e-01
2.760000000000000231e-01
2.960010000000000141e-01
3.160009999999999764e-01
3.360000000000000209e-01
3.586400000000000143e-01
3.793000000000000260e-01
3.992999999999999883e-01
4.193000000000000060e-01
4.392999999999999683e-01
4.593000000000000416e-01
4.793000000000000038e-01
4.993000000000000771e-01
5.192999999999999838e-01
5.393000000000000016e-01
5.592999999999999083e-01
5.793000000000001481e-01
5.992999999999999439e-01
6.193000000000000727e-01
6.392999999999999794e-01
6.592999999999998861e-01
6.793010000000001547e-01
6.992999999999999217e-01
7.193000000000000504e-01
7.392999999999999572e-01
7.593000000000000860e-01
7.792999999999999927e-01
7.993010000000001503e-01
8.219400000000000039e-01
8.425999999999999046e-01
8.626000000000000334e-01
8.826009999999999689e-01
9.026000000000000689e-01
9.225999999999999757e-01
9.425999999999999934e-01
9.626000000000001222e-01
9.825999999999999179e-01
1.002600000000000158e+00
1.022599999999999731e+00
1.042600000000000193e+00
1.062599999999999989e+00
1.082600999999999924e+00
1.102599999999999802e+00
1.122600000000000042e+00
1.142600000000000060e+00
1.162600000000000078e+00
1.182599999999999874e+00
1.202599999999999891e+00
1.222599999999999909e+00
1.242599999999999927e+00
1.262599999999999945e+00
1.285320000000000018e+00
1.306000000000000050e+00
1.325999999999999845e+00
1.346000000000000085e+00
1.366000999999999799e+00
1.386000000000000121e+00
1.406000000000000139e+00
1.426000000000000156e+00
1.446000000000000174e+00
1.466000000000000192e+00
1.486000999999999905e+00
1.506000000000000227e+00
1.526000000000000023e+00
1.546002000000000098e+00
1.566000999999999976e+00
1.586000000000000076e+00
1.605920000000000014e+00
1.625900000000000123e+00
1.645900000000000141e+00
1.665901000000000076e+00
1.685899999999999954e+00
1.705899999999999972e+00
1.725900000000000212e+00
1.748619999999999841e+00
1.769301000000000013e+00
1.789299999999999891e+00
1.809299999999999908e+00
1.829299999999999926e+00
1.849299999999999944e+00
1.869299999999999962e+00
1.889301000000000119e+00
1.909299999999999775e+00
1.929299999999999793e+00
1.949300000000000033e+00
1.969300000000000050e+00
1.989300000000000068e+00
2.009301000000000226e+00
2.029300000000000104e+00
2.049300000000000122e+00
2.069300000000000139e+00
2.089299999999999713e+00
2.109299999999999731e+00
2.129300000000000193e+00
2.149300000000000210e+00
2.169301000000000368e+00
2.189300000000000246e+00
2.209299999999999820e+00
2.231939999999999813e+00
2.252600000000000158e+00
2.272600000000000176e+00
2.292600000000000193e+00
2.312599999999999767e+00
2.332600000000000229e+00
2.352600000000000247e+00
2.372599999999999820e+00
2.392599999999999838e+00
2.412599999999999856e+00
2.432600000000000318e+00
2.452600000000000335e+00
2.472600000000000353e+00
2.492599999999999927e+00
2.512602000000000224e+00
2.532599999999999962e+00
2.552599999999999980e+00
2.572601000000000138e+00
2.592600000000000460e+00
2.612600000000000033e+00
2.632601000000000191e+00
2.652601000000000209e+00
2.672600000000000087e+00
2.695240000000000080e+00
2.715899999999999981e+00
2.735899999999999999e+00
2.755900000000000016e+00
2.775900000000000034e+00
2.795899999999999608e+00
2.815900000000000070e+00
2.835900000000000087e+00
2.855900000000000105e+00
2.875899999999999679e+00
2.895901000000000280e+00
2.915899999999999714e+00
2.935900000000000176e+00
2.955900999999999890e+00
2.975900000000000212e+00
2.995900000000000230e+00
3.015900000000000247e+00
3.035899999999999821e+00
3.055900000000000283e+00
3.075902000000000136e+00
3.095900000000000318e+00
3.115899999999999892e+00
3.135899999999999910e+00
3.158620888888888700e+00
3.179300000000000015e+00
3.199300000000000033e+00
3.219300000000000050e+00
3.239300999999999764e+00
3.259300000000000530e+00
3.279300000000000104e+00
3.299301000000000261e+00
3.319300000000000139e+00
3.339299999999999713e+00
3.359299999999999731e+00
3.379299999999999748e+00
3.399300000000000210e+00
3.419300000000000228e+00
3.439300000000000246e+00
3.459299999999999820e+00
3.479299999999999837e+00
3.499299999999999855e+00
3.519300000000000317e+00
3.539299999999999891e+00
3.559219999999999384e+00
3.579279999999999351e+00
3.599220000000000308e+00
3.621920000000000694e+00
3.642600999999999978e+00
3.662601999999999691e+00
3.682599999999999874e+00
3.702599999999999891e+00
3.722599999999999909e+00
3.742600000000000815e+00
3.762599999999999945e+00
3.782600999999999658e+00
3.802600000000000424e+00
3.822601000000000582e+00
3.842599999999999572e+00
3.862599999999999589e+00
3.882599999999999607e+00
3.902600000000000513e+00
3.922600000000000531e+00
3.942600999999999356e+00
3.962600000000000122e+00
3.982600000000000140e+00
4.002599999999999270e+00
4.022600000000000620e+00
4.042599999999999305e+00
4.062599999999999767e+00
4.082599999999999341e+00
4.105239999999999334e+00
4.125901000000000707e+00
4.145900000000000141e+00
4.165901000000000742e+00
4.185900000000000176e+00
4.205899999999999750e+00
4.225900999999999463e+00
4.245900000000000674e+00
4.265899999999999359e+00
4.285900999999999961e+00
4.305899999999999395e+00
4.325900000000000745e+00
4.345899999999999430e+00
4.365900999999999144e+00
4.385900000000000354e+00
4.405899999999999928e+00
4.425900000000001278e+00
4.445899999999999075e+00
4.465900000000000425e+00
4.485899999999999999e+00
4.505900999999998824e+00
4.525900000000000034e+00
4.545900999999999748e+00
4.568540000000000489e+00
4.589199999999999946e+00
4.609201000000000548e+00
4.629200000000000870e+00
4.649200999999999695e+00
4.669200000000000017e+00
4.689199999999999591e+00
4.709200000000000053e+00
4.729200000000000514e+00
4.749200999999999340e+00
4.769200000000000550e+00
4.789200000000000124e+00
4.809200000000000585e+00
4.829201999999999551e+00
4.849199999999999733e+00
4.869200000000000195e+00
4.889199999999999768e+00
4.909200000000000230e+00
4.929200999999999944e+00
4.949200999999999517e+00
4.969199999999999839e+00
4.989200000000000301e+00
5.009200000000000763e+00
5.031919999999999504e+00
5.052600000000000868e+00
5.072599999999999554e+00
5.092600000000000904e+00
5.112600000000000477e+00
5.132601000000000191e+00
5.152601000000000653e+00
5.172600000000000087e+00
5.192600000000000549e+00
5.212599999999999234e+00
5.232599999999999696e+00
5.252600000000000158e+00
5.272600000000000620e+00
5.292600000000000193e+00
5.312599999999999767e+00
5.332599999999999341e+00
5.352599999999998914e+00
5.372600999999999516e+00
5.392599999999999838e+00
5.412600000000000300e+00
5.432599999999999874e+00
5.452600000000000335e+00
5.472599999999999909e+00
5.495239999999999014e+00
5.515899999999999359e+00
5.535900000000000709e+00
5.555900000000000283e+00
5.575900000000000745e+00
5.595900000000000318e+00
5.615899999999999892e+00
5.635900000000000354e+00
5.655899999999999039e+00
5.675900000000000389e+00
5.695899999999999075e+00
5.715900999999999677e+00
5.735899999999999999e+00
5.755900000000000460e+00
5.775901999999999425e+00
5.795901000000000636e+00
5.815904999999999880e+00
5.835905000000000342e+00
5.855902000000000385e+00
5.875901999999999958e+00
5.895900000000000141e+00
5.915900000000000603e+00
5.935900000000000176e+00
5.958540000000001058e+00
5.979200000000000514e+00
5.999200000000000088e+00
6.019200000000000550e+00
6.039200000000000124e+00
6.059200000000000585e+00
6.079200000000000159e+00
6.099199999999999733e+00
6.119200000000000195e+00
6.139199999999998880e+00
6.159200000000001118e+00
6.179199999999998916e+00
6.199218000000000117e+00
6.219199999999999839e+00
6.239208999999998895e+00
6.259202000000000155e+00
6.279199999999999449e+00
6.299203999999999581e+00
6.319201000000000512e+00
6.339200999999999198e+00
6.359199999999999520e+00
6.379200000000000870e+00
6.399200000000000443e+00
6.419200999999999269e+00
6.441840888888888728e+00
6.462500000000000355e+00
6.482499999999999929e+00
6.502500000000000391e+00
6.522499999999999964e+00
6.542500000000000426e+00
6.562499999999999112e+00
6.582500000000000462e+00
6.602501000000000175e+00
6.622499999999999609e+00
6.642500000000000959e+00
6.662499999999998757e+00
6.682500000000000107e+00
6.702499999999999680e+00
6.722500000000000142e+00
6.742500000000000604e+00
6.762500000000000178e+00
6.782500000000000639e+00
6.802499999999999325e+00
6.822500000000000675e+00
6.842499999999999361e+00
6.862500999999999074e+00
6.882500000000000284e+00
6.905219999999999914e+00
6.925900000000000389e+00
6.945901000000000103e+00
6.965900000000000425e+00
6.985899999999999999e+00
7.005900000000000460e+00
7.025900000000000034e+00
7.045899999999999608e+00
7.065900000000000958e+00
7.085899999999999643e+00
7.105900000000000993e+00
7.125899999999999679e+00
7.145899999999999253e+00
7.165899999999999714e+00
7.185899999999999288e+00
7.205899999999999750e+00
7.225900000000000212e+00
7.245899999999999785e+00
7.265900000000000247e+00
7.285899999999999821e+00
7.305900999999999534e+00
7.325900999999999996e+00
7.345900000000000318e+00
7.368540888888889029e+00
7.389200999999999908e+00
7.409200000000000230e+00
7.429199999999998916e+00
7.449200000000000266e+00
7.469200000000000728e+00
7.489200000000000301e+00
7.509200000000000763e+00
7.529199999999999449e+00
7.549200000000000799e+00
7.569199999999999484e+00
7.589200000000000834e+00
7.609199999999999520e+00
7.629200000000000870e+00
7.649200000000001332e+00
7.669200000000000017e+00
7.689199999999999591e+00
7.709200000000000053e+00
7.729199999999999626e+00
7.749200000000000088e+00
7.769199999999999662e+00
7.789200000000000124e+00
7.809199999999999697e+00
7.831839999999999691e+00
7.852500000000000036e+00
7.872500000000000497e+00
7.892500000000000071e+00
7.912499999999998757e+00
7.932500000000000107e+00
7.952500000000000568e+00
7.972500000000000142e+00
7.992500000000000604e+00
8.012499999999997513e+00
8.032500000000000639e+00
8.052500000000000213e+00
8.072499999999999787e+00
8.092499999999999361e+00
8.112500000000000711e+00
8.132500000000000284e+00
8.152499999999999858e+00
8.172500000000001208e+00
8.192500000000000782e+00
8.212499999999998579e+00
8.232499999999999929e+00
8.252500000000001279e+00
8.272500000000000853e+00
8.292499999999998650e+00
8.315139999999999532e+00
8.335799999999998988e+00
8.355800000000000338e+00
8.375799999999999912e+00
8.395800999999998737e+00
8.415799999999999059e+00
8.435800000000000409e+00
8.455799999999999983e+00
8.475799999999999557e+00
8.495799999999999130e+00
8.515800000000000480e+00
8.535800000000001830e+00
8.555799999999999628e+00
8.575799999999999201e+00
8.595800000000000551e+00
8.615800000000000125e+00
8.635799999999997922e+00
8.655799000000000021e+00
8.675800000000000622e+00
8.695799999999998420e+00
8.715799999999999770e+00
8.735800000000001120e+00
8.755800000000000693e+00
8.778520000000000323e+00
8.799200000000000799e+00
8.819200000000000372e+00
8.839199999999998170e+00
8.859199999999999520e+00
8.879200000000000870e+00
8.899200000000000443e+00
8.919199999999998241e+00
8.939200000000001367e+00
8.959200000000000941e+00
8.979199999999998738e+00
8.999200000000000088e+00
9.019200000000001438e+00
9.039200000000001012e+00
9.059199999999998809e+00
9.079200000000000159e+00
9.099199999999999733e+00
9.119199999999999307e+00
9.139200000000000657e+00
9.159200000000002007e+00
9.179200000000001580e+00
9.199199999999999378e+00
9.219199999999998951e+00
9.241839999999999833e+00
9.262499999999997513e+00
9.282500000000000639e+00
9.302500000000000213e+00
9.322499999999999787e+00
9.342499999999999361e+00
9.362500000000000711e+00
9.382500000000000284e+00
9.402499999999999858e+00
9.422500000000001208e+00
9.442500000000000782e+00
9.462499999999998579e+00
9.482499999999999929e+00
9.502500000000001279e+00
9.522500000000000853e+00
9.542499999999998650e+00
9.562500000000001776e+00
9.582500000000001350e+00
9.602499999999999147e+00
9.622499999999998721e+00
9.642500000000000071e+00
9.662500000000001421e+00
9.682499999999997442e+00
9.705139999999998324e+00
9.725799999999999557e+00
9.745799999999999130e+00
9.765800000000000480e+00
9.785800000000001830e+00
9.805800999999998879e+00
9.825801000000000229e+00
9.845800000000000551e+00
9.865800000000000125e+00
9.885799999999997922e+00
9.905800000000001049e+00
9.925800000000000622e+00
9.945799999999998420e+00
9.965799999999999770e+00
9.985800000000001120e+00
1.000580000000000069e+01
1.002580000000000027e+01
1.004580000000000162e+01
1.006580000000000119e+01
1.008579999999999899e+01
1.010580000000000034e+01
1.012580000000000169e+01
1.014580000000000126e+01
1.016579999999999906e+01
1.018843999999999816e+01
1.020909999999999940e+01
1.022910000000000075e+01
1.024910100000000135e+01
1.026910099999999915e+01
1.028909999999999947e+01
1.030909999999999904e+01
1.032910000000000039e+01
1.034909999999999997e+01
1.036909999999999954e+01
1.038910000000000089e+01
1.040910000000000046e+01
1.042909999999999826e+01
1.044909999999999961e+01
1.046910000000000096e+01
1.048910000000000053e+01
1.050910099999999936e+01
1.052910000000000146e+01
1.054910100000000028e+01
1.056909999999999883e+01
1.058910000000000018e+01
1.060910100000000078e+01
1.062910000000000110e+01
1.065182000000000073e+01
1.067250000000000121e+01
1.069250000000000078e+01
1.071250099999999961e+01
1.073249999999999993e+01
1.075250000000000128e+01
1.077250000000000085e+01
1.079249999999999865e+01
1.081250000000000178e+01
1.083250000000000135e+01
1.085249999999999915e+01
1.087249999999999872e+01
1.089250000000000007e+01
1.091250000000000142e+01
1.093249999999999744e+01
1.095249999999999879e+01
1.097250000000000014e+01
1.099249999999999972e+01
1.101249999999999751e+01
1.103250000000000064e+01
1.105250000000000021e+01
1.107249999999999801e+01
1.109249999999999936e+01
1.111514000000000024e+01
1.113579999999999792e+01
1.115580000000000105e+01
1.117580000000000062e+01
1.119579999999999842e+01
1.121579799999999949e+01
1.123579999999999934e+01
1.125580099999999817e+01
1.127580099999999952e+01
1.129580000000000162e+01
1.131580000000000119e+01
1.133579999999999899e+01
1.135580000000000034e+01
1.137580000000000169e+01
1.139580000000000126e+01
1.141579999999999906e+01
1.143579999999999863e+01
1.145579999999999998e+01
1.147579999999999956e+01
1.149579999999999913e+01
1.151580200000000076e+01
1.153580199999999856e+01
1.155580200000000168e+01
1.157844088888888656e+01
1.159910099999999744e+01
1.161909999999999954e+01
1.163910200000000117e+01
1.165910199999999897e+01
1.167910099999999929e+01
1.169910199999999989e+01
1.171910199999999946e+01
1.173910199999999904e+01
1.175910300000000142e+01
1.177910000000000146e+01
1.179910100000000028e+01
1.181910199999999911e+01
1.183910100000000121e+01
1.185910299999999751e+01
1.187910000000000110e+01
1.189910099999999993e+01
1.191910299999999978e+01
1.193910199999999833e+01
1.195910099999999865e+01
1.197910000000000075e+01
1.199910000000000210e+01
1.201910000000000167e+01
1.204174000000000078e+01
1.206240000000000023e+01
1.208239999999999981e+01
1.210239999999999760e+01
1.212240000000000073e+01
1.214240000000000030e+01
1.216239999999999810e+01
1.218240100000000226e+01
1.220240100000000183e+01
1.222240000000000038e+01
1.224240099999999920e+01
1.226240100000000055e+01
1.228240000000000087e+01
1.230239999999999867e+01
1.232240000000000002e+01
1.234240000000000137e+01
1.236240000000000094e+01
1.238239999999999874e+01
1.240240000000000187e+01
1.242240000000000144e+01
1.244239999999999924e+01
1.246239999999999881e+01
1.248240000000000016e+01
1.250240000000000151e+01
1.252512000000000114e+01
1.254580000000000162e+01
1.256580000000000119e+01
1.258579999999999899e+01
1.260580000000000034e+01
1.262580100000000094e+01
1.264580000000000126e+01
1.266579999999999906e+01
1.268579999999999863e+01
1.270579999999999998e+01
1.272579999999999956e+01
1.274579999999999913e+01
1.276580000000000048e+01
1.278580000000000183e+01
1.280580199999999813e+01
1.282580200000000126e+01
1.284580100000000158e+01
1.286580099999999938e+01
1.288580099999999895e+01
1.290580000000000105e+01
1.292580000000000062e+01
1.294579999999999842e+01
1.296579999999999977e+01
1.298844000000000065e+01
1.300909999999999833e+01
1.302909999999999791e+01
1.304910100000000028e+01
1.306909999999999883e+01
1.308909999999999840e+01
1.310909999999999975e+01
1.312910000000000110e+01
1.314909999999999890e+01
1.316910099999999950e+01
1.318910199999999833e+01
1.320910099999999865e+01
1.322910399999999953e+01
1.324910200000000060e+01
1.326910299999999943e+01
1.328910200000000152e+01
1.330911699999999875e+01
1.332910000000000039e+01
1.334909999999999997e+01
1.336909999999999954e+01
1.338910000000000089e+01
1.340910000000000046e+01
1.342909999999999826e+01
1.345173999999999914e+01
1.347240000000000038e+01
1.349239999999999995e+01
1.351240000000000130e+01
1.353240000000000087e+01
1.355239999999999867e+01
1.357240000000000002e+01
1.359240299999999912e+01
1.361240099999999842e+01
1.363241000000000014e+01
1.365240499999999990e+01
1.367240500000000125e+01
1.369240199999999952e+01
1.371240399999999937e+01
1.373241200000000006e+01
1.375240799999999908e+01
1.377241000000000071e+01
1.379240800000000000e+01
1.381240700000000032e+01
1.383240599999999887e+01
1.385240099999999863e+01
1.387240000000000073e+01
1.389240199999999881e+01
1.391503999999999763e+01
1.393570199999999915e+01
1.395570000000000022e+01
1.397569999999999801e+01
1.399570000000000114e+01
1.401570000000000071e+01
1.403570099999999776e+01
1.405569999999999986e+01
1.407569999999999943e+01
1.409570099999999826e+01
1.411569999999999858e+01
1.413570000000000171e+01
1.415570000000000128e+01
1.417569999999999908e+01
1.419569999999999688e+01
1.421570000000000178e+01
1.423570000000000135e+01
1.425569999999999915e+01
1.427569999999999695e+01
1.429570100000000110e+01
1.431570000000000142e+01
1.433569999999999922e+01
1.435570100000000160e+01
1.437570000000000192e+01
1.439841999999999977e+01
1.441909999999999847e+01
1.443910000000000338e+01
1.445909999999999940e+01
1.447909999999999719e+01
1.449910000000000210e+01
1.451909999999999989e+01
1.453909999999999947e+01
1.455909999999999727e+01
1.457909999999999862e+01
1.459910000000000174e+01
1.461909999999999954e+01
1.463910000000000089e+01
1.465909999999999869e+01
1.467909999999999826e+01
1.469909999999999961e+01
1.471910000000000096e+01
1.473910000000000053e+01
1.475909999999999833e+01
1.477909999999999613e+01
1.479910000000000103e+01
1.481910000000000061e+01
1.483909999999999840e+01
1.486174188888888814e+01
1.488239999999999874e+01
1.490239999999999654e+01
1.492240100000000069e+01
1.494240099999999849e+01
1.496239999999999881e+01
1.498240000000000016e+01
1.500240000000000151e+01
1.502240000000000109e+01
1.504240200000000094e+01
1.506240100000000126e+01
1.508240100000000083e+01
1.510240199999999966e+01
1.512240200000000101e+01
1.514240099999999956e+01
1.516239999999999988e+01
1.518240199999999973e+01
1.520240100000000005e+01
1.522240000000000038e+01
1.524240099999999742e+01
1.526240200000000158e+01
1.528240000000000265e+01
1.530239999999999867e+01
1.532504188888889196e+01
1.534570000000000078e+01
1.536570099999999783e+01
1.538570099999999918e+01
1.540569999999999951e+01
1.542570199999999758e+01
1.544569999999999688e+01
1.546570000000000178e+01
1.548570000000000135e+01
1.550569999999999915e+01
1.552570100000000153e+01
1.554569999999999830e+01
1.556570000000000142e+01
1.558569999999999922e+01
1.560570000000000057e+01
1.562570000000000192e+01
1.564569999999999794e+01
1.566569999999999929e+01
1.568570000000000064e+01
1.570570000000000022e+01
1.572569999999999801e+01
1.574569999999999936e+01
1.576570000000000071e+01
1.578833999999999804e+01
1.580900000000000105e+01
1.582900000000000063e+01
1.584899999999999842e+01
1.586899999999999622e+01
1.588900000000000112e+01
1.590900000000000070e+01
1.592899999999999849e+01
1.594899999999999984e+01
1.596900000000000119e+01
1.598900000000000077e+01
1.600900000000000034e+01
1.602899999999999636e+01
1.604899999999999949e+01
1.606900000000000261e+01
1.608899999999999864e+01
1.610900000000000176e+01
1.612900000000000134e+01
1.614899999999999736e+01
1.616900000000000048e+01
1.618900000000000361e+01
1.620899999999999963e+01
1.622899999999999920e+01
1.624899999999999878e+01
1.627172000000000196e+01
1.629240199999999916e+01
1.631240300000000332e+01
1.633240199999999831e+01
1.635240199999999788e+01
1.637240699999999904e+01
1.639241299999999768e+01
1.641242200000000295e+01
1.643241899999999944e+01
1.645242700000000013e+01
1.647241999999999962e+01
1.649242199999999769e+01
1.651242100000000335e+01
1.653241400000000283e+01
1.655240399999999923e+01
1.657240499999999983e+01
1.659240999999999744e+01
1.661240499999999898e+01
1.663240100000000155e+01
1.665240300000000317e+01
1.667240199999999817e+01
1.669240399999999980e+01
1.671240099999999984e+01
1.673504366666666954e+01
1.675570199999999943e+01
1.677570199999999900e+01
1.679570100000000110e+01
1.681570100000000068e+01
1.683570199999999772e+01
1.685570099999999982e+01
1.687570100000000295e+01
1.689570099999999897e+01
1.691570099999999854e+01
1.693569999999999709e+01
1.695570099999999769e+01
1.697570100000000082e+01
1.699570099999999684e+01
1.701569999999999894e+01
1.703570100000000309e+01
1.705570099999999911e+01
1.707570099999999869e+01
1.709570000000000078e+01
1.711569999999999681e+01
1.713570099999999741e+01
1.715569999999999951e+01
1.717569999999999908e+01
1.719833999999999818e+01
1.721900100000000222e+01
1.723899999999999721e+01
1.725900000000000034e+01
1.727899999999999636e+01
1.729900099999999696e+01
1.731900000000000261e+01
1.733899999999999864e+01
1.735900000000000176e+01
1.737900000000000134e+01
1.739899999999999736e+01
1.741900000000000048e+01
1.743900000000000361e+01
1.745899999999999963e+01
1.747899999999999920e+01
1.749900100000000336e+01
1.751899999999999835e+01
1.753899800000000297e+01
1.755900000000000105e+01
1.757900000000000063e+01
1.759900000000000375e+01
1.761899999999999977e+01
1.763899999999999935e+01
1.766163999999999845e+01
1.768229999999999791e+01
1.770230000000000103e+01
1.772230000000000061e+01
1.774230099999999766e+01
1.776229999999999976e+01
1.778230000000000288e+01
1.780230500000000049e+01
1.782230900000000062e+01
1.784229900000000058e+01
1.786229999999999762e+01
1.788230000000000075e+01
1.790230000000000032e+01
1.792229999999999990e+01
1.794230000000000302e+01
1.796229999999999905e+01
1.798229999999999862e+01
1.800230000000000175e+01
1.802229999999999777e+01
1.804230199999999940e+01
1.806230000000000402e+01
1.808230000000000004e+01
1.810230499999999765e+01
1.812504811111111280e+01
1.814571500000000270e+01
1.816570499999999910e+01
1.818570400000000120e+01
1.820570700000000031e+01
1.822570199999999829e+01
1.824570200000000142e+01
1.826570199999999744e+01
1.828570200000000057e+01
1.830570099999999911e+01
1.832570099999999869e+01
1.834570100000000181e+01
1.836570099999999783e+01
1.838569999999999993e+01
1.840570100000000409e+01
1.842570099999999655e+01
1.844570099999999968e+01
1.846569999999999823e+01
1.848570000000000135e+01
1.850570000000000448e+01
1.852569999999999695e+01
1.854570000000000007e+01
1.856570000000000320e+01
1.858569999999999922e+01
1.860833999999999833e+01
1.862900000000000134e+01
1.864899999999999736e+01
1.866900000000000048e+01
1.868900000000000361e+01
1.870899999999999963e+01
1.872899999999999920e+01
1.874899999999999878e+01
1.876899999999999835e+01
1.878900000000000148e+01
1.880900000000000105e+01
1.882900000000000063e+01
1.884900000000000375e+01
1.886899999999999977e+01
1.888899999999999935e+01
1.890900000000000247e+01
1.892899999999999849e+01
1.894899999999999807e+01
1.896899999999999764e+01
1.898899999999999721e+01
1.900900000000000034e+01
1.902900099999999739e+01
1.904899999999999949e+01
1.907163999999999859e+01
1.909230100000000263e+01
1.911230099999999865e+01
1.913230099999999823e+01
1.915230099999999780e+01
1.917230399999999690e+01
1.919230299999999900e+01
1.921230899999999764e+01
1.923230599999999413e+01
1.925230599999999725e+01
1.927230400000000188e+01
1.929230499999999893e+01
1.931230200000000252e+01
1.933230500000000163e+01
1.935230699999999615e+01
1.937230699999999928e+01
1.939230299999999829e+01
1.941230099999999936e+01
1.943230200000000352e+01
1.945230000000000103e+01
1.947230100000000164e+01
1.949230099999999766e+01
1.951229999999999976e+01
1.953494188888888772e+01
1.955559999999999832e+01
1.957560000000000144e+01
1.959560000000000457e+01
1.961559999999999704e+01
1.963560000000000016e+01
1.965560000000000329e+01
1.967559999999999931e+01
1.969559999999999889e+01
1.971559999999999491e+01
1.973559999999999803e+01
1.975560000000000116e+01
1.977559999999999718e+01
1.979560000000000031e+01
1.981560000000000343e+01
1.983559999999999945e+01
1.985559999999999903e+01
1.987560000000000215e+01
1.989559999999999818e+01
1.991559999999999775e+01
1.993559999999999732e+01
1.995560099999999792e+01
1.997560000000000002e+01
1.999831999999999965e+01
2.001899999999999835e+01
2.003900000000000148e+01
2.005900000000000105e+01
2.007900000000000063e+01
2.009900000000000375e+01
2.011900100000000080e+01
2.013900100000000037e+01
2.015900100000000350e+01
2.017900200000000055e+01
2.019900099999999910e+01
2.021900200000000325e+01
2.023900300000000030e+01
2.025900399999999735e+01
2.027900499999999795e+01
2.029901100000000014e+01
2.031901000000000224e+01
2.033900999999999826e+01
2.035900900000000036e+01
2.037900899999999638e+01
2.039900899999999950e+01
2.041900599999999955e+01
2.043900599999999912e+01
2.045900299999999561e+01
2.048164744444444452e+01
2.050230100000000277e+01
2.052230199999999982e+01
2.054229999999999734e+01
2.056230100000000505e+01
2.058230199999999854e+01
2.060230100000000064e+01
2.062229999999999563e+01
2.064230099999999979e+01
2.066230000000000189e+01
2.068229999999999791e+01
2.070230000000000103e+01
2.072230000000000061e+01
2.074230000000000018e+01
2.076229999999999976e+01
2.078230000000000288e+01
2.080229999999999890e+01
2.082229999999999848e+01
2.084229999999999805e+01
2.086229999999999762e+01
2.088230000000000075e+01
2.090230000000000032e+01
2.092229999999999990e+01
2.094493999999999900e+01
2.096560100000000304e+01
2.098560200000000009e+01
2.100560000000000116e+01
2.102560099999999466e+01
2.104560000000000031e+01
2.106560199999999838e+01
2.108559999999999945e+01
2.110560199999999753e+01
2.112560100000000318e+01
2.114560099999999920e+01
2.116560399999999831e+01
2.118560200000000293e+01
2.120560099999999792e+01
2.122560199999999853e+01
2.124560100000000418e+01
2.126560199999999767e+01
2.128560199999999725e+01
2.130560599999999738e+01
2.132560199999999639e+01
2.134560499999999905e+01
2.136560799999999816e+01
2.138560800000000484e+01
2.140833411111110962e+01
2.142901299999999765e+01
2.144893799999999828e+01
2.146892300000000020e+01
2.148898199999999648e+01
2.150894599999999812e+01
2.152891099999999724e+01
2.154890199999999822e+01
2.156890000000000285e+01
2.158889999999999887e+01
2.160889999999999844e+01
2.162890000000000157e+01
2.164890000000000114e+01
2.166890000000000072e+01
2.168890000000000384e+01
2.170889999999999986e+01
2.172889999999999944e+01
2.174889999999999546e+01
2.176889999999999858e+01
2.178890000000000171e+01
2.180889999999999418e+01
2.182889999999999731e+01
2.184890000000000398e+01
2.187162088888888789e+01
2.189229999999999876e+01
2.191230000000000189e+01
2.193229999999999791e+01
2.195230099999999851e+01
2.197230000000000061e+01
2.199230000000000018e+01
2.201229800000000125e+01
2.203230000000000288e+01
2.205229999999999890e+01
2.207230000000000203e+01
2.209229999999999805e+01
2.211229999999999762e+01
2.213230300000000028e+01
2.215230000000000032e+01
2.217229999999999990e+01
2.219230000000000302e+01
2.221229999999999905e+01
2.223229999999999862e+01
2.225230000000000530e+01
2.227229999999999777e+01
2.229230000000000089e+01
2.231229999999999691e+01
2.233230000000000004e+01
2.235493999999999915e+01
2.237560000000000215e+01
2.239560199999999668e+01
2.241560000000000130e+01
2.243559999999999732e+01
2.245559999999999690e+01
2.247560000000000358e+01
2.249559999999999960e+01
2.251560700000000281e+01
2.253560399999999930e+01
2.255562099999999859e+01
2.257562000000000424e+01
2.259561499999999867e+01
2.261561000000000021e+01
2.263560699999999670e+01
2.265560599999999880e+01
2.267560600000000193e+01
2.269560399999999944e+01
2.271560099999999593e+01
2.273560300000000112e+01
2.275560199999999966e+01
2.277560099999999466e+01
2.279560199999999881e+01
2.281824455555555886e+01
2.283890400000000298e+01
2.285890399999999545e+01
2.287890699999999811e+01
2.289890700000000123e+01
2.291890399999999772e+01
2.293890599999999935e+01
2.295890999999999948e+01
2.297891100000000009e+01
2.299890800000000013e+01
2.301891099999999923e+01
2.303891000000000133e+01
2.305890499999999932e+01
2.307891099999999796e+01
2.309890399999999744e+01
2.311890099999999748e+01
2.313890400000000014e+01
2.315890200000000121e+01
2.317889999999999873e+01
2.319890199999999680e+01
2.321890300000000096e+01
2.323890299999999698e+01
2.325890699999999711e+01
2.328162555555555713e+01
2.330230800000000002e+01
2.332231499999999969e+01
2.334230900000000020e+01
2.336229999999999762e+01
2.338230799999999832e+01
2.340221999999999980e+01
2.342227999999999710e+01
2.344230000000000302e+01
2.346221999999999852e+01
2.348227999999999938e+01
2.350221999999999767e+01
2.352219999999999800e+01
2.354227999999999810e+01
2.356221999999999994e+01
2.358220000000000027e+01
2.360219999999999985e+01
2.362220100000000045e+01
2.364221900000000076e+01
2.366221300000000127e+01
2.368220799999999926e+01
2.370220800000000239e+01
2.372220599999999990e+01
2.374492655555555487e+01
2.376559999999999917e+01
2.378560599999999781e+01
2.380560199999999682e+01
2.382560099999999892e+01
2.384560499999999905e+01
2.386560199999999909e+01
2.388560199999999867e+01
2.390560999999999936e+01
2.392562199999999706e+01
2.394560099999999991e+01
2.396559999999999491e+01
2.398559999999999803e+01
2.400560000000000116e+01
2.402559999999999718e+01
2.404560000000000031e+01
2.406559999999999988e+01
2.408559999999999945e+01
2.410559999999999903e+01
2.412560000000000215e+01
2.414559999999999818e+01
2.416560000000000130e+01
2.418559999999999732e+01
2.420559999999999690e+01
2.422824000000000311e+01
2.424889999999999546e+01
2.426889999999999858e+01
2.428890000000000171e+01
2.430889699999999820e+01
2.432889999999999731e+01
2.434890000000000398e+01
2.436889999999999645e+01
2.438889999999999958e+01
2.440890000000000271e+01
2.442889899999999770e+01
2.444889999999999830e+01
2.446890000000000143e+01
2.448889999999999745e+01
2.450890000000000057e+01
2.452889999999999660e+01
2.454889999999999972e+01
2.456890000000000285e+01
2.458889999999999887e+01
2.460889999999999844e+01
2.462890000000000157e+01
2.464890000000000114e+01
2.466890000000000072e+01
2.469153999999999982e+01
2.471219999999999573e+01
2.473219999999999885e+01
2.475220000000000198e+01
2.477219999999999800e+01
2.479220000000000113e+01
2.481220000000000070e+01
2.483220000000000027e+01
2.485219999999999985e+01
2.487220000000000297e+01
2.489219999999999899e+01
2.491220000000000212e+01
2.493219999999999814e+01
2.495219999999999771e+01
2.497220000000000084e+01
2.499220000000000041e+01
2.501219999999999999e+01
2.503220000000000312e+01
2.505219999999999914e+01
2.507219900000000123e+01
2.509219999999999828e+01
2.511219999999999786e+01
2.513220000000000098e+01
2.515491999999999706e+01
2.517559999999999931e+01
2.519560000000000244e+01
2.521559999999999491e+01
2.523559999999999803e+01
2.525560000000000116e+01
2.527559999999999718e+01
2.529560000000000031e+01
2.531559999999999988e+01
2.533551999999999893e+01
2.535549999999999926e+01
2.537558000000000291e+01
2.539551999999999765e+01
2.541550599999999704e+01
2.543559999999999732e+01
2.545554000000000272e+01
2.547559599999999591e+01
2.549553099999999972e+01
2.551550399999999641e+01
2.553550200000000103e+01
2.555550200000000416e+01
2.557550600000000074e+01
2.559550199999999975e+01
2.561822366666666184e+01
2.563890199999999808e+01
2.565890599999999822e+01
2.567889999999999873e+01
2.569890499999999989e+01
2.571890499999999946e+01
2.573891800000000174e+01
2.575892499999999785e+01
2.577889999999999660e+01
2.579889999999999972e+01
2.581890000000000285e+01
2.583889999999999887e+01
2.585889999999999844e+01
2.587890000000000157e+01
2.589890000000000114e+01
2.591889800000000221e+01
2.593889999999999674e+01
2.595889999999999631e+01
2.597889999999999944e+01
2.599889999999999546e+01
2.601889999999999858e+01
2.603889799999999966e+01
2.605889999999999418e+01
2.608154000000000039e+01
2.610219999999999985e+01
2.612220000000000297e+01
2.614219999999999899e+01
2.616220000000000212e+01
2.618219999999999814e+01
2.620219999999999771e+01
2.622220000000000084e+01
2.624220000000000041e+01
2.626219999999999999e+01
2.628219999999999956e+01
2.630219999999999558e+01
2.632219999999999871e+01
2.634219999999999828e+01
2.636219999999999786e+01
2.638220000000000098e+01
2.640219999999999700e+01
2.642220000000000013e+01
2.644220000000000326e+01
2.646219999999999573e+01
2.648219999999999885e+01
2.650220000000000198e+01
2.652219999999999800e+01
2.654220000000000113e+01
2.656484000000000023e+01
2.658549999999999969e+01
2.660549999999999926e+01
2.662550000000000239e+01
2.664549999999999486e+01
2.666549999999999798e+01
2.668549999999999756e+01
2.670549999999999713e+01
2.672550000000000026e+01
2.674549999999999628e+01
2.676549999999999940e+01
2.678550000000000253e+01
2.680549999999999500e+01
2.682549999999999812e+01
2.684550000000000125e+01
2.686549999999999727e+01
2.688549899999999937e+01
2.690549999999999997e+01
2.692549999999999955e+01
2.694549999999999912e+01
2.696550000000000225e+01
2.698549999999999827e+01
2.700550000000000139e+01
2.702821999999999747e+01
2.704890600000000234e+01
2.706890299999999883e+01
2.708890899999999746e+01
2.710891399999999507e+01
2.712891499999999922e+01
2.714890999999999721e+01
2.716890599999999623e+01
2.718890799999999786e+01
2.720890600000000248e+01
2.722891100000000009e+01
2.724890399999999957e+01
2.726890600000000120e+01
2.728891000000000133e+01
2.730892299999999651e+01
2.732889999999999731e+01
2.734881999999999636e+01
2.736887999999999721e+01
2.738881999999999906e+01
2.740880000000000294e+01
2.742887999999999593e+01
2.744882000000000133e+01
2.746880000000000166e+01
2.749151999999999774e+01
2.751219999999999999e+01
2.753219999999999956e+01
2.755219999999999558e+01
2.757219999999999871e+01
2.759219999999999828e+01
2.761219999999999786e+01
2.763220000000000098e+01
2.765219999999999700e+01
2.767220000000000013e+01
2.769220000000000326e+01
2.771219999999999573e+01
2.773219999999999885e+01
2.775220000000000198e+01
2.777219999999999800e+01
2.779219900000000010e+01
2.781220000000000070e+01
2.783220000000000027e+01
2.785219999999999985e+01
2.787219899999999839e+01
2.789219999999999899e+01
2.791220000000000212e+01
2.793219799999999609e+01
2.795483911111110942e+01
2.797550000000000026e+01
2.799549999999999628e+01
2.801549999999999940e+01
2.803550000000000253e+01
2.805549999999999500e+01
2.807549999999999812e+01
2.809550000000000125e+01
2.811549999999999727e+01
2.813550000000000040e+01
2.815549999999999997e+01
2.817549999999999955e+01
2.819549999999999912e+01
2.821550000000000225e+01
2.823549999999999827e+01
2.825550000000000139e+01
2.827549999999999741e+01
2.829549999999999699e+01
2.831550000000000367e+01
2.833549999999999969e+01
2.835549999999999926e+01
2.837550000000000239e+01
2.839549999999999486e+01
2.841549999999999798e+01
2.843814011111111029e+01
2.845879999999999654e+01
2.847880000000000322e+01
2.849880000000000280e+01
2.851879999999999882e+01
2.853879999999999839e+01
2.855880000000000152e+01
2.857880000000000109e+01
2.859880000000000067e+01
2.861879999999999669e+01
2.863880000000000337e+01
2.865880000000000294e+01
2.867879999999999896e+01
2.869879999999999853e+01
2.871880000000000166e+01
2.873880000000000123e+01
2.875880000000000081e+01
2.877879999999999683e+01
2.879879999999999640e+01
2.881879999999999598e+01
2.883879999999999200e+01
2.885879999999999868e+01
2.887879999999999825e+01
2.890151999999999788e+01
2.892220000000000013e+01
2.894219999999999970e+01
2.896219999999999573e+01
2.898220000000000240e+01
2.900220000000000198e+01
2.902219999999999800e+01
2.904220000000000468e+01
2.906220000000000070e+01
2.908220000000000027e+01
2.910219999999999985e+01
2.912220000000000297e+01
2.914220000000000255e+01
2.916220000000000212e+01
2.918219999999999814e+01
2.920219900000000024e+01
2.922220000000000084e+01
2.924220000000000041e+01
2.926219999999999999e+01
2.928219999999999601e+01
2.930219999999999558e+01
2.932220000000000226e+01
2.934219999999999828e+01
2.936484011111111414e+01
2.938550000000000395e+01
2.940549999999999997e+01
2.942549999999999955e+01
2.944549999999999912e+01
2.946550000000000225e+01
2.948550000000000182e+01
2.950550000000000139e+01
2.952549999999999741e+01
2.954549999999999699e+01
2.956550000000000367e+01
2.958549999999999969e+01
2.960549999999999926e+01
2.962550000000000239e+01
2.964549999999999486e+01
2.966550000000000153e+01
2.968549999999999756e+01
2.970549999999999713e+01
2.972549999999999670e+01
2.974549999999999272e+01
2.976549999999999940e+01
2.978549999999999898e+01
2.980549999999999500e+01
2.982814011111111085e+01
2.984880000000000067e+01
2.986879999999999669e+01
2.988880000000000337e+01
2.990880000000000294e+01
2.992879999999999896e+01
2.994879999999999853e+01
2.996880000000000166e+01
2.998880000000000123e+01
3.000880000000000081e+01
3.002879999999999683e+01
3.004879999999999640e+01
3.006879999999999598e+01
3.008879999999999200e+01
3.010879999999999868e+01
3.012879999999999825e+01
3.014879999999999427e+01
3.016880000000000095e+01
3.018880000000000052e+01
3.020879999999999654e+01
3.022880000000000322e+01
3.024880000000000280e+01
3.026879999999999882e+01
3.029144011111110757e+01
3.031210000000000093e+01
3.033210000000000051e+01
3.035210000000000008e+01
3.037209999999999610e+01
3.039209999999999567e+01
3.041209999999999525e+01
3.043209999999999837e+01
3.045209999999999795e+01
3.047210000000000463e+01
3.049209999999999354e+01
3.051210000000000022e+01
3.053209999999999980e+01
3.055209999999999582e+01
3.057210000000000250e+01
3.059210000000000207e+01
3.061209999999999809e+01
3.063210000000000477e+01
3.065210000000000079e+01
3.067210000000000036e+01
3.069209999999999994e+01
3.071210000000000306e+01
3.073210000000000264e+01
3.075210000000000221e+01
3.077482000000000184e+01
3.079549999999999699e+01
3.081550000000000367e+01
3.083549999999999969e+01
3.085549999999999926e+01
3.087550000000000239e+01
3.089549999999999486e+01
3.091550000000000153e+01
3.093549999999999756e+01
3.095549999999999713e+01
3.097549999999999670e+01
3.099549999999999272e+01
3.101549999999999940e+01
3.103549999999999898e+01
3.105549999999999500e+01
3.107550000000000168e+01
3.109550000000000125e+01
3.111549999999999727e+01
3.113550000000000395e+01
3.115549999999999997e+01
3.117549999999999955e+01
3.119549999999999912e+01
3.121550000000000225e+01
3.123814011111111100e+01
3.125880000000000081e+01
3.127879999999999683e+01
3.129879999999999640e+01
3.131879999999999598e+01
3.133879999999999200e+01
3.135879999999999868e+01
3.137879999999999825e+01
3.139879999999999427e+01
3.141880000000000095e+01
3.143880000000000052e+01
3.145879999999999654e+01
3.147880000000000322e+01
3.149880000000000280e+01
3.151879999999999882e+01
3.153879999999999839e+01
3.155880000000000152e+01
3.157880000000000109e+01
3.159880000000000067e+01
3.161879999999999669e+01
3.163880000000000337e+01
3.165880000000000294e+01
3.167879999999999896e+01
3.170144011111110771e+01
3.172210000000000463e+01
3.174209999999999354e+01
3.176210000000000022e+01
3.178209999999999980e+01
3.180209999999999582e+01
3.182210000000000250e+01
3.184210000000000207e+01
3.186209999999999809e+01
3.188210000000000477e+01
3.190210000000000079e+01
3.192210000000000036e+01
3.194209999999999994e+01
3.196210000000000306e+01
3.198210000000000264e+01
3.200210000000000576e+01
3.202209999999999468e+01
3.204210000000000491e+01
3.206209999999999383e+01
3.208209999999999695e+01
3.210210000000000008e+01
3.212209999999998900e+01
3.214209999999999923e+01
3.216474011111110798e+01
3.218540000000000134e+01
3.220539999999999736e+01
3.222540000000000049e+01
3.224539999999999651e+01
3.226539999999999964e+01
3.228540000000000987e+01
3.230539999999999878e+01
3.232540000000000191e+01
3.234540000000000504e+01
3.236540000000000106e+01
3.238540000000000418e+01
3.240540000000000020e+01
3.242539999999999623e+01
3.244539999999999935e+01
3.246539999999998827e+01
3.248539999999999850e+01
3.250540000000000163e+01
3.252539999999999054e+01
3.254540000000000077e+01
3.256540000000000390e+01
3.258539999999999281e+01
3.260540000000000305e+01
3.262540000000000617e+01
3.264811999999999870e+01
3.266880000000000450e+01
3.268880000000000763e+01
3.270879999999999654e+01
3.272880000000000678e+01
3.274880000000000280e+01
3.276879999999999882e+01
3.278880000000000194e+01
3.280879999999999797e+01
3.282880000000000109e+01
3.284879999999999711e+01
3.286880000000000024e+01
3.288880000000000337e+01
3.290880000000000649e+01
3.292879999999999541e+01
3.294879999999999853e+01
3.296879999999998745e+01
3.298879999999999768e+01
3.300880000000000081e+01
3.302879999999998972e+01
3.304879999999999995e+01
3.306880000000000308e+01
3.308879999999999200e+01
3.311144011111111496e+01
3.313210000000000122e+01
3.315209999999999724e+01
3.317210000000000036e+01
3.319210000000001060e+01
3.321209999999999951e+01
3.323210000000000264e+01
3.325210000000000576e+01
3.327209999999999468e+01
3.329210000000000491e+01
3.331209999999999383e+01
3.333209999999999695e+01
3.335210000000000008e+01
3.337209999999998900e+01
3.339209999999999923e+01
3.341210000000000235e+01
3.343209999999999127e+01
3.345210000000000150e+01
3.347210000000000463e+01
3.349209999999999354e+01
3.351210000000000377e+01
3.353210000000000690e+01
3.355209999999999582e+01
3.357474011111111167e+01
3.359540000000000504e+01
3.361540000000000106e+01
3.363540000000000418e+01
3.365540000000000020e+01
3.367539999999999623e+01
3.369539999999999935e+01
3.371539999999998827e+01
3.373539999999999850e+01
3.375540000000000163e+01
3.377539999999999054e+01
3.379540000000000077e+01
3.381540000000000390e+01
3.383539999999999281e+01
3.385540000000000305e+01
3.387540000000000617e+01
3.389539999999999509e+01
3.391540000000000532e+01
3.393540000000000134e+01
3.395539999999999736e+01
3.397540000000000049e+01
3.399539999999999651e+01
3.401539999999999964e+01
3.403803999999999519e+01
3.405869999999998754e+01
3.407869999999999777e+01
3.409870000000000090e+01
3.411869999999998981e+01
3.413870000000000005e+01
3.415870000000000317e+01
3.417869999999999209e+01
3.419870000000000232e+01
3.421870000000000545e+01
3.423869999999999436e+01
3.425870000000000459e+01
3.427870000000000061e+01
3.429869999999999663e+01
3.431869999999999976e+01
3.433870000000000289e+01
3.435869999999999891e+01
3.437870000000000914e+01
3.439869999999999806e+01
3.441870000000000118e+01
3.443870000000000431e+01
3.445870000000000033e+01
3.447870000000000346e+01
3.449869999999999948e+01
3.452142000000000621e+01
3.454210000000000491e+01
3.456209999999999383e+01
3.458209999999999695e+01
3.460210000000000008e+01
3.462209999999998900e+01
3.464209999999999923e+01
3.466210000000000235e+01
3.468209999999999127e+01
3.470210000000000150e+01
3.472210000000000463e+01
3.474209999999999354e+01
3.476210000000000377e+01
3.478210000000000690e+01
3.480209999999999582e+01
3.482210000000000605e+01
3.484210000000000207e+01
3.486209999999999809e+01
3.488210000000000122e+01
3.490209999999999724e+01
3.492210000000000036e+01
3.494210000000001060e+01
3.496209999999999951e+01
3.498473999999998796e+01
3.500540000000000163e+01
3.502539999999999054e+01
3.504540000000000077e+01
3.506540000000000390e+01
3.508539999999999281e+01
3.510540000000000305e+01
3.512540000000000617e+01
3.514539999999999509e+01
3.516540000000000532e+01
3.518540000000000134e+01
3.520539999999999736e+01
3.522540000000000049e+01
3.524539999999999651e+01
3.526539999999999964e+01
3.528540000000000987e+01
3.530539999999999878e+01
3.532540000000000191e+01
3.534540000000000504e+01
3.536540000000000106e+01
3.538540000000000418e+01
3.540540000000000020e+01
3.542539999999999623e+01
3.544803999999999178e+01
3.546870000000000545e+01
3.548869999999999436e+01
3.550870000000000459e+01
3.552870000000000061e+01
3.554869999999999663e+01
3.556869999999999976e+01
3.558870000000000289e+01
3.560869999999999891e+01
3.562870000000000914e+01
3.564869999999999806e+01
3.566870000000000118e+01
3.568870000000000431e+01
3.570870000000000033e+01
3.572870000000000346e+01
3.574869999999999948e+01
3.576869999999999550e+01
3.578869999999999862e+01
3.580869999999998754e+01
3.582869999999999777e+01
3.584870000000000090e+01
3.586869999999998981e+01
3.588870000000000005e+01
3.591133999999999560e+01
3.593200000000000216e+01
3.595199999999999818e+01
3.597200000000000841e+01
3.599199999999999733e+01
3.601200000000000045e+01
3.603200000000000358e+01
3.605199999999999960e+01
3.607200000000000273e+01
3.609199999999999875e+01
3.611199999999999477e+01
3.613200000000000500e+01
3.615199999999999392e+01
3.617199999999999704e+01
3.619200000000000017e+01
3.621199999999998909e+01
3.623199999999999932e+01
3.625200000000000244e+01
3.627199999999999136e+01
3.629200000000000159e+01
3.631200000000000472e+01
3.633199999999999363e+01
3.635200000000000387e+01
3.637471999999999639e+01
3.639539999999999509e+01
3.641540000000000532e+01
3.643540000000000134e+01
3.645539999999999736e+01
3.647540000000000049e+01
3.649539999999999651e+01
3.651539999999999964e+01
3.653540000000000987e+01
3.655539999999999878e+01
3.657539999999999480e+01
3.659540000000000504e+01
3.661540000000000106e+01
3.663540000000000418e+01
3.665539999999999310e+01
3.667540000000000333e+01
3.669539999999999935e+01
3.671539999999998827e+01
3.673540000000000560e+01
3.675540000000000163e+01
3.677539999999999054e+01
3.679540000000000077e+01
3.681540000000000390e+01
3.683539999999999281e+01
3.685804000000000258e+01
3.687869999999999493e+01
3.689869999999999806e+01
3.691870000000000118e+01
3.693870000000000431e+01
3.695870000000000033e+01
3.697870000000000346e+01
3.699869999999999237e+01
3.701870000000000260e+01
3.703869999999999862e+01
3.705869999999998754e+01
3.707870000000000488e+01
3.709870000000000090e+01
3.711869999999998981e+01
3.713870000000000005e+01
3.715870000000000317e+01
3.717869999999999209e+01
3.719870000000000232e+01
3.721870000000000545e+01
3.723869999999999436e+01
3.725870000000000459e+01
3.727870000000000061e+01
3.729869999999999663e+01
3.732133999999999929e+01
3.734199999999999875e+01
3.736200000000000188e+01
3.738199999999999790e+01
3.740199999999998681e+01
3.742200000000000415e+01
3.744200000000000017e+01
3.746199999999998909e+01
3.748199999999999932e+01
3.750200000000000244e+01
3.752199999999999136e+01
3.754200000000000159e+01
3.756200000000000472e+01
3.758199999999999363e+01
3.760200000000000387e+01
3.762200000000000699e+01
3.764199999999999591e+01
3.766200000000000614e+01
3.768200000000000216e+01
3.770199999999999818e+01
3.772199999999999420e+01
3.774199999999999733e+01
3.776200000000000045e+01
3.778464000000000311e+01
3.780529999999998836e+01
3.782529999999999859e+01
3.784530000000000172e+01
3.786529999999999063e+01
3.788530000000000086e+01
3.790530000000000399e+01
3.792529999999999291e+01
3.794530000000000314e+01
3.796530000000000626e+01
3.798529999999999518e+01
3.800530000000000541e+01
3.802530000000000143e+01
3.804529999999999745e+01
3.806529999999999347e+01
3.808529999999999660e+01
3.810529999999999973e+01
3.812530000000000285e+01
3.814529999999999887e+01
3.816530000000000200e+01
3.818529999999999802e+01
3.820530000000000115e+01
3.822529999999999717e+01
3.824801999999999680e+01
3.826870000000000260e+01
3.828869999999999862e+01
3.830869999999998754e+01
3.832870000000000488e+01
3.834870000000000090e+01
3.836869999999998981e+01
3.838870000000000005e+01
3.840870000000000317e+01
3.842869999999999209e+01
3.844870000000000232e+01
3.846870000000000545e+01
3.848869999999999436e+01
3.850870000000000459e+01
3.852870000000000061e+01
3.854869999999999663e+01
3.856870000000000687e+01
3.858870000000000289e+01
3.860869999999999891e+01
3.862869999999999493e+01
3.864869999999999806e+01
3.866870000000000118e+01
3.868870000000000431e+01
3.870870000000000033e+01
3.873133988888887558e+01
3.875200000000000244e+01
3.877199999999999136e+01
3.879200000000000159e+01
3.881200000000000472e+01
3.883199999999999363e+01
3.885200000000000387e+01
3.887200000000000699e+01
3.889199999999999591e+01
3.891200000000000614e+01
3.893200000000000216e+01
3.895199999999999818e+01
3.897199999999999420e+01
3.899199999999999733e+01
3.901200000000000045e+01
3.903200000000000358e+01
3.905199999999999960e+01
3.907200000000000273e+01
3.909199999999999875e+01
3.911200000000000188e+01
3.913199999999999790e+01
3.915199999999998681e+01
3.917200000000000415e+01
3.919463988888887940e+01
3.921530000000000626e+01
3.923529999999999518e+01
3.925530000000000541e+01
3.927530000000000143e+01
3.929529999999999745e+01
3.931529999999999347e+01
3.933529999999999660e+01
3.935529999999999973e+01
3.937530000000000285e+01
3.939529999999999887e+01
3.941530000000000200e+01
3.943529999999999802e+01
3.945530000000000115e+01
3.947529999999999717e+01
3.949529999999999319e+01
3.951530000000000342e+01
3.953529999999999944e+01
3.955529999999998836e+01
3.957529999999999859e+01
3.959530000000000172e+01
3.961529999999999063e+01
3.963530000000000086e+01
3.965793988888888322e+01
3.967860000000000298e+01
3.969859999999999900e+01
3.971860000000000213e+01
3.973859999999999815e+01
3.975860000000000127e+01
3.977859999999999729e+01
3.979860000000000042e+01
3.981859999999999644e+01
3.983859999999999246e+01
3.985860000000000269e+01
3.987859999999999872e+01
3.989859999999998763e+01
3.991860000000000497e+01
3.993860000000000099e+01
3.995859999999998990e+01
3.997860000000000014e+01
3.999860000000000326e+01
4.001859999999999218e+01
4.003860000000000241e+01
4.005860000000000554e+01
4.007859999999999445e+01
4.009860000000000468e+01
4.012132000000000431e+01
4.014199999999999591e+01
4.016200000000000614e+01
4.018200000000000216e+01
4.020199999999999818e+01
4.022199999999999420e+01
4.024199999999999733e+01
4.026200000000000045e+01
4.028200000000000358e+01
4.030199999999999960e+01
4.032200000000000273e+01
4.034199999999999875e+01
4.036200000000000188e+01
4.038199999999999790e+01
4.040199999999998681e+01
4.042200000000000415e+01
4.044200000000000017e+01
4.046199999999998909e+01
4.048199999999999932e+01
4.050200000000000244e+01
4.052199999999999136e+01
4.054200000000000159e+01
4.056200000000000472e+01
4.058199999999999363e+01
4.060463988888889730e+01
4.062530000000000285e+01
4.064529999999999887e+01
4.066530000000000200e+01
4.068529999999999802e+01
4.070530000000000115e+01
4.072529999999999717e+01
4.074529999999999319e+01
4.076530000000000342e+01
4.078529999999999944e+01
4.080529999999998836e+01
4.082529999999999859e+01
4.084530000000000172e+01
4.086529999999999063e+01
4.088530000000000086e+01
4.090530000000000399e+01
4.092529999999999291e+01
4.094530000000000314e+01
4.096530000000000626e+01
4.098529999999999518e+01
4.100530000000000541e+01
4.102530000000000143e+01
4.104529999999999745e+01
4.106793988888889402e+01
4.108859999999999246e+01
4.110860000000000269e+01
4.112859999999999872e+01
4.114859999999998763e+01
4.116860000000000497e+01
4.118860000000000099e+01
4.120859999999998990e+01
4.122860000000000014e+01
4.124860000000000326e+01
4.126859999999999218e+01
4.128860000000000241e+01
4.130860000000000554e+01
4.132859999999999445e+01
4.134860000000000468e+01
4.136860000000000070e+01
4.138859999999999673e+01
4.140859999999999275e+01
4.142860000000000298e+01
4.144859999999999900e+01
4.146860000000000213e+01
4.148859999999999815e+01
4.150860000000000127e+01
4.153131988888888060e+01
4.155191999999999553e+01
4.157189999999999941e+01
4.159190000000000254e+01
4.161189999999999145e+01
4.163190000000000168e+01
4.165190000000000481e+01
4.167189999999999372e+01
4.169190000000000396e+01
4.171190000000000708e+01
4.173189999999999600e+01
4.175189999999999912e+01
4.177190000000000225e+01
4.179189999999999827e+01
4.181190000000000850e+01
4.183189999999999742e+01
4.185190000000000055e+01
4.187189999999999657e+01
4.189189999999999969e+01
4.191189999999999571e+01
4.193190000000000595e+01
4.195190000000000197e+01
4.197190000000000509e+01
4.199461988888888442e+01
4.201530000000000342e+01
4.203529999999999944e+01
4.205529999999998836e+01
4.207529999999999859e+01
4.209530000000000172e+01
4.211529999999999063e+01
4.213530000000000086e+01
4.215530000000000399e+01
4.217529999999999291e+01
4.219530000000000314e+01
4.221530000000000626e+01
4.223529999999999518e+01
4.225530000000000541e+01
4.227530000000000143e+01
4.229529999999999745e+01
4.231529999999999347e+01
4.233529999999999660e+01
4.235529999999999973e+01
4.237530000000000285e+01
4.239529999999999887e+01
4.241530000000000200e+01
4.243529999999999802e+01
4.245793988888888748e+01
4.247860000000000014e+01
4.249860000000000326e+01
4.251859999999999218e+01
4.253860000000000241e+01
4.255860000000000554e+01
4.257859999999999445e+01
