-8.829798925645969021e+00
4.494618716173352790e-02
-7.786936266018213912e-03
-1.068042930584419281e+01
-2.091600668440402711e+00
-1.204579600702536446e+01
-1.283601158968059863e+01
-1.103485830611882790e+01
-1.079138718500118088e+01
2.352766304353879789e+01
-4.809147246809911458e+00
1.934394967907693541e+01
1.480575431641712747e+01
9.640631213592964599e+00
2.585561112721266319e+00
-7.019744903169812034e+00
-2.184115953016605971e+01
1.011767971999925386e+01
-3.343090664967198222e+01
2.031876957244952564e+01
-1.251015212438251112e+01
-2.114200737874990921e+01
6.170283782136653628e+00
9.946102363588540385e+00
2.315617030007547328e+01
-2.404036253482157104e+00
-4.230014353858878806e+00
3.013915738400533684e+01
-1.099215970763237493e+01
4.415219229775167342e+00
-9.415758477868603649e+00
-5.780635005802547965e-01
-1.438784168244520956e+01
-9.977182589075978214e+00
1.690984069561016057e+01
-8.962125181649845729e+00
7.692838487463393271e+00
2.548268004062398617e+00
4.438430541458873613e+00
2.204381688908953141e+00
-1.034489398280715022e+01
1.534374705155020635e+01
1.517508837656088261e+01
1.495335292642104574e-01
-2.623462512384297618e+00
-1.178979429600955875e+01
6.229956674419100393e-01
-5.614227409056007367e-01
-1.304749490720053018e+01
1.581855866655718312e+00
-2.873535534930637514e+00
1.741332330990635668e+00
2.302582612865988310e+00
6.047882536282245702e+00
4.959789921607073104e+00
1.089956890793884581e+00
-1.938133438145915655e+00
1.357040961212810970e+01
-4.938219408597798399e+00
-6.172203975262927855e+00
-4.597661649505437431e+00
8.338985113473665223e+00
-1.074103696134966057e+01
-1.094177122146719761e+01
3.369773531824812984e+00
6.801769546034821090e+00
4.012415915408667821e+00
-2.787773087278206496e+00
5.086065970352860788e+00
3.832201022475985042e+00
-9.260030479465223507e+00
9.763714055981563833e-01
3.725070361143397069e+00
-5.935275306976361520e+00
-1.505018032721784138e+00
-8.381812195263103893e-02
9.414250611864275475e-01
-2.232792267745767334e-01
-5.473163068698634781e+00
1.073620621578219136e+01
-3.179553801136854485e+00
-3.743525296870592545e+00
-4.204172749747417726e+00
-1.809830461757444331e+00
5.077948538447341065e+00
-6.731725185590931027e+00
-6.883962229034380265e+00
6.271658172045768254e+00
-5.348530972049919674e-01
3.304750302243374627e+00
-2.516038494652045099e+00
5.851826285696838603e+00
1.066450193804967084e+00
-4.492272648064024487e+00
-4.347083552962540121e-01
9.185313291169574512e-01
-2.350583884164561432e+00
2.793319662580326934e+00
-1.071153806663852626e+00
2.940317824833877047e+00
-3.305909943592095779e+00
2.248690875661895627e-01
2.504568268543712062e+00
-2.155709953096058840e+00
-3.783601111877691991e+00
9.556213591708307975e-01
-1.759724306076878740e-03
-1.646837707537365803e-01
-5.951494633369192933e+00
1.923299179947350446e+00
1.854615887070559799e+00
-6.167660374197657669e-01
-4.852305493390841384e+00
-4.200525999026410773e+00
1.895815103394888013e+00
-1.921304821318677858e+00
4.659732609855837815e-01
3.810096658126061797e+00
-2.284984984082329085e+00
1.834736232876479800e+00
2.463141761256146534e-01
1.399754841615759471e+00
-5.594636883298375274e+00
-4.384665343779587054e+00
2.391917894539356659e+00
-1.614546052991751690e+00
-4.089387141810925996e+00
-2.643577893971522652e-01
6.930058088906394076e+00
7.199384396318059487e+00
-6.068655581290975043e+00
-3.919337247197462570e+00
-7.748916698020271721e-01
2.902190209993156245e+00
-2.098438684259569253e+00
3.338303526102576413e+00
-1.930858634913684257e+00
1.908245534600927495e+00
2.851306128187244937e+00
-3.232879894199908843e+00
2.571478327518376794e+00
-6.622741085171579556e+00
3.984120455230639180e-01
2.814799446730793520e+00
-1.489246914907289110e+00
3.035757210293386077e+00
-4.363800888560803060e+00
1.007753513853719340e+01
-3.228648398367174988e+00
-5.030402920989057725e-01
-4.093304926198849003e+00
-2.411622214316931689e+01
2.724225887985416872e+00
-1.134556416084691399e+01
-7.835623630634970027e+00
-8.749324970141493907e+00
-1.977113646164548300e+01
9.209212934406208362e+00
-3.169364789356939660e+00
3.076833993006137025e+00
1.920126530994406622e+01
-3.949910587826511499e+00
1.167235738575940651e+01
-2.420194919264010025e+01
8.077405582828941277e+00
3.348841584033225294e-01
3.508876836109621866e+00
7.747857088220538202e+00
-1.364397176491918051e+00
4.060915504836586365e+00
1.914230541476527492e+00
2.073902988538562031e+00
-4.104754709474910945e-01
-4.582812401814170045e+00
2.939179955755236939e+00
-3.484724963464047143e+00
-4.402957711256291762e-01
3.369638943778183182e-01
-2.558484801800200881e+00
2.502236860377866634e+00
1.278762728434633678e-01
2.694835802656587731e+00
1.769212476633753861e-01
-3.173642141050933230e+00
1.777771755251386532e+00
7.289964209383562377e+00
1.140710586800831150e+00
-2.236831265205083685e+00
-4.694021882786254984e+00
1.709142551163083390e-01
2.885166273374486945e+00
-4.177291184130964119e+00
6.885755264064582493e-01
2.592356002412186555e+00
3.044741396449460069e+00
1.054426466716299915e+00
-9.265825095963829972e-01
3.598376687986760913e+00
8.750729733598009222e-03
-8.195419875393763487e-01
2.713158530021752418e-03
-3.879927486510969636e+00
1.868892847574969984e-01
9.110727946399150845e-01
4.025065372098038274e+00
-7.818479213131677985e-02
-1.588891391783071150e+00
2.122875240960261589e+00
4.202108023276418081e+00
6.141431270165023104e-01
-1.659126384822958156e-01
2.032722019635757049e-01
3.310924841667143959e+00
-1.408672902687470918e+00
-1.868395916391902167e+00
2.976242523969082843e+00
9.325344529041769137e-01
2.138255812519104460e+00
2.506411067452720132e-01
1.387405941464614711e+00
1.250987778446484011e+00
-2.984178388468230469e+00
2.245511452739179958e+00
3.368194624645729274e+00
-3.153111147173411233e+00
3.956908469644784709e+00
4.165305973603746215e-01
4.560233388859730397e+00
-2.042033231612611743e+00
-1.322322858789196420e+00
7.063334035182689874e+00
-3.579476045679724550e+00
-2.825031985113195088e+00
-1.745815568676050367e+00
4.642467332196662966e+00
7.991099016331213001e+00
-1.121828227816885404e+00
2.472819765510147594e+00
4.176848143318490081e+00
4.729744387891667290e-01
-6.792942365740597399e-01
-3.592439677675875132e+00
3.071030965129148527e+00
-1.432768335173331797e+00
-2.614166811496529075e+00
5.354531163786685255e+00
4.820698590933159444e+00
-4.185947211235208520e+00
-1.010478448978310961e+00
3.728449054519781036e+00
-5.480780818533732557e+00
-8.666676392733311474e+00
1.770403839796957923e+00
9.354823725795490930e+00
3.412002881518946928e+00
-2.432744387429851329e+00
6.229777189226473944e+00
1.052232281928296942e+01
-1.129666159393967639e+00
2.305091136061624635e+00
1.492765619960646051e+00
2.332814367108695386e+00
-4.950793912596329172e+00
3.078246208150177687e-01
-3.374522266421686734e+00
1.405573080183275314e+00
2.107277572613620364e+00
5.783157607467751760e+00
9.416450251347374234e+00
-7.617094437973851662e+00
4.743326074246168034e+00
4.932215144104769577e-01
2.370716469079483080e+00
4.215817781926480379e+00
-1.621304091887576959e+01
5.438199858239605611e+00
5.996812836637275268e+00
6.097096098557691635e-01
-3.068301882940675185e+00
-7.838559447535006441e+00
-2.153616094508504109e+00
-1.374282923439073656e+01
-8.457853174885469727e+00
2.403559180205450119e+00
9.433698348581414095e+00
6.052071618229904360e+00
6.093772719835881979e+00
2.291083602962327603e+01
-3.281992217046494353e+00
1.545416487750211010e+00
5.713620796716907257e+00
-1.443265088735964596e+00
-1.881228890388683084e+01
-1.772634579708271119e+01
1.020810052537139079e+00
1.495165554654689011e+01
4.576494901186858866e-01
1.822808231113939925e+01
1.817437008905945817e+01
4.670668338883375625e+00
2.100371530791897001e+01
4.872470006933764530e+00
-4.603587245382198212e+00
8.474636098104353366e+00
-1.655336293621154553e+01
1.671414837486607396e+01
-8.974997722248204468e+00
-2.938861008626715510e+00
1.073366756303587444e+01
-2.829080285120327609e+00
1.477229291271143730e+01
-5.740248114673360824e+00
5.207696684870844805e+00
3.898671120105885901e+00
1.400108419884059430e+01
8.890112973302759514e+00
-3.422879984336250736e+00
1.298954298080931835e+01
2.962467818595738933e+00
1.224703264447805040e+01
2.618959518649133678e+00
-1.256463024224057001e+01
1.546043761501035085e+01
-1.941783930157002303e+01
-3.862450339722041992e+00
-8.369855716186725303e+00
1.796621067570842056e+00
1.093063181032673903e+01
9.962668384305523261e+00
5.886427954313345978e+00
2.834160562106529468e+01
-1.142985296407319673e+01
1.987533612641441394e+01
1.401439326757959769e+01
-1.014100764962669210e+01
-1.591899922273127110e+01
-1.269725051500578239e+01
2.597117596962898123e+00
-5.672159904541490549e-01
-1.833495461643354574e+01
2.037965710447457823e+01
-1.294897295611867172e+00
7.810561993963287541e+00
5.107554852557878888e+00
1.244789320828606627e+01
2.471851103989817222e-01
-1.428949171916216265e+01
4.554563660420909876e+00
-9.531784517640396359e+00
-4.173239625234735684e+00
-3.278261564261518934e+00
2.611848596951187762e+00
7.951153724555887869e+00
-1.671448519393006649e+01
-3.944433745345019116e+00
-1.389774423431908434e-01
2.110434899755615490e+00
7.644766098408645405e+00
-5.660665235322376532e+00
5.772977866483502751e+00
7.462530750221375797e+00
-8.236100406245517869e-01
2.672420801649566968e+00
-1.113130985989146282e+00
-3.398960159602019138e-01
-6.471448900699249052e+00
-1.455258043088280440e+00
-1.765742121488713123e-01
6.042587323575867586e-01
-8.396572910099626696e+00
8.773094027533154815e+00
5.511967682698522886e+00
2.150692390997498149e-01
-1.300834598030137679e+00
1.141680268036119550e+01
6.455916623692083967e+00
-6.354625793507112874e+00
-5.685249081637509860e+00
-6.741207899930864444e-01
-1.309851367392415478e+00
-5.146994961609937747e+00
5.533858280866117418e-01
8.397199411345575015e+00
-2.886687055961288717e+00
-1.675853355782034759e+00
4.654631621865934932e+00
-9.385195356729812977e-01
1.971021609258372942e-01
-1.279318097888072492e+00
2.342522808493952891e+00
2.951585892460868443e+00
-7.087017372770431756e+00
6.295394597280880689e+00
3.343487334800800515e+00
2.060203576666844505e+00
-9.013088051776669829e-01
-3.810124218223981618e+00
7.757804562428645134e+00
1.726987916485545504e+00
-3.984580292558357772e+00
2.727385866389407276e+00
-8.768383266711129442e-01
2.328413802411356759e+00
-4.413323071747285553e+00
1.816030584869673836e+00
3.116013704785186800e+00
-1.476248414461744485e+00
2.550707838769434299e-01
2.060019746045794964e+00
-2.017196223794486709e+00
1.668971092858153815e+00
-6.809709756340706077e-01
3.672372434267330732e+00
-1.380638437615773206e+00
-1.038165572316553709e+00
3.066428901271747165e+00
1.648417860215977804e+00
-8.533044237518581099e-01
2.378212745948546369e-01
2.333866804539753481e+00
3.914803403709316232e+00
-2.725924862545423100e+00
-2.349269066800269701e-01
1.474488954170854349e+00
3.422588220190482922e+00
1.863061033088192486e+00
-2.562501662925459112e+00
1.684778328996318297e+00
-1.286212262252393712e+00
-1.535802984090592904e+00
2.847885116465002309e+00
-1.310953540202592471e+00
5.662090839887128357e-01
1.188137497848346102e+00
4.943311933017532134e+00
1.320474781010669840e+00
-3.347408432673129042e+00
2.859800897707526879e+00
2.764153698141633697e+00
-2.151682214761311496e+00
-5.383265979550100333e+00
-2.294850944613798127e+00
6.958441824344645532e+00
2.805740573130772297e+00
-1.635911805376479566e-01
-1.170760132212681937e+00
2.839825242835339214e+00
-1.792389834781777047e+00
3.072739744220560620e+00
-2.422351961035070111e+00
-1.426789778919126395e+00
1.082150179481718766e+00
-2.718404049982540815e+00
3.786953588533562343e+00
-3.330463243898208692e+00
-1.476071551047279273e+00
2.584205346456625474e+00
-2.578738474753556886e-01
3.725153230184817588e+00
-6.082436216149867292e+00
6.163968117944897962e+00
1.104736531046687453e+00
3.096737346089292409e+00
1.268651174385655267e+01
-7.655160359550470695e+00
9.630655691582450828e+00
5.712121654232216184e-02
1.292208375825900646e+01
8.541484917313995950e+00
-3.524860354838410537e+00
5.393063581876424983e+00
-7.606011569892161539e+00
-8.329680630433554001e+00
-2.686063336407994662e+00
-6.438461706624154068e+00
1.254541411602338918e+01
-1.187939200561192976e+01
-6.641828019929596483e-01
-1.742218382472964677e+00
-2.668179386549451859e+00
2.084813608134884699e+00
-2.128913112593266543e+00
1.367020499798550226e-01
-4.769807372637693277e-01
7.499832805478722220e-01
1.024984975227299477e+00
-2.416962902089837328e+00
1.571902957506212228e+00
-6.973735895646656635e-01
3.771425571105654351e-01
1.084109108375367780e+00
-8.463198181538710285e-01
3.360852260937935432e-01
-1.115778431059172959e+00
5.804689974145603726e-01
1.252173213324273338e+00
-1.510732357210784915e+00
-3.084104605984475000e+00
1.253532915837792805e+00
1.765170251297686344e+00
1.551241991530978748e+00
-4.900432615197412578e-01
-9.124024510549524347e-01
1.403406958944376726e+00
-1.496913904907247739e+00
-1.460075954565092093e+00
-6.786763145633020189e-01
-1.257291715328259507e-01
5.843500873227188697e-01
-1.377213809574530989e+00
8.620962630598053567e-01
1.198553578079362414e-01
1.976905239030388450e-01
1.591334808008963098e+00
-8.412255283785874393e-01
-1.220628541437669412e+00
-1.668581930639039923e+00
5.805247370624675440e-01
3.080408867365089787e-01
-1.738557762242621152e+00
-1.220807194090929970e+00
-2.285099056666491935e-01
1.450400491282260729e-01
-9.376470492311349547e-01
-1.141084235384785650e+00
1.248285578905365512e+00
3.363654350692355521e-01
-1.181012746947300407e+00
3.287225409663682707e-01
-9.304913760003842294e-01
6.150520757071581412e-02
-7.709459549069052064e-01
-2.445994495423756687e-01
6.512023033549311224e-01
-1.743482809808558409e+00
-5.193442992755239462e-01
2.042816370505275092e+00
-1.951809494334580730e+00
9.363651379359165805e-01
-1.343923297240932069e+00
1.831060892539529084e+00
-1.270662626949972562e+00
-2.839933193586909876e+00
2.242199326862648778e+00
2.595411256342205486e-01
-1.404805815251931600e-01
-2.532837462523145788e+00
-2.884127711916084635e+00
1.756348420010942712e+00
-2.173071386635618385e+00
-1.205970921636348114e+00
-4.821663776473417706e-01
6.345774495229999923e-01
7.734288453085776949e-01
-1.908672935612007571e+00
1.313727043375704673e+00
5.556972610675124935e-01
-2.832174769484457677e+00
-8.869541482627179008e-01
1.794954972076198585e+00
-1.241828804763615679e+00
-4.397124154784745609e-01
3.211979803039143100e+00
2.971926915737469699e+00
-2.662700991122467276e+00
-4.214679959046188529e+00
9.982435625444845417e-01
-5.341210583568170023e-01
-3.393440102262192060e+00
-3.840352974095950334e+00
2.403733689775129356e+00
-1.641535469230005484e+00
-2.939088926553300174e-02
-4.896570461505568572e-02
2.135102528365712793e+00
8.978655659107044329e-01
1.886666092995035626e+00
-8.158752085230153162e-01
-1.105981732869465217e+00
-4.904106603478127546e+00
-2.345450140453372523e+00
1.494909504816730461e+00
-3.732757737462350178e+00
-6.614965034259564503e-01
-1.202103807467714613e+00
2.066129108505820433e+00
7.391024149270800869e+00
-3.455392195295314828e+00
-1.120615882432800525e+00
7.708063899983640110e-02
1.231387954097504789e+00
3.198863857125431753e+00
-6.564376267620284366e-01
7.617818706403426177e+00
6.105548703848140413e-01
-1.889021424131405391e+00
-3.586354659185361449e+00
-3.822409232945509938e+00
-1.637008295398176383e+00
-7.887664043057966090e+00
5.853771978333933923e+00
-2.912591994199850820e+00
-2.405065934881577938e+00
4.265936352643611151e+00
6.917689511493380294e+00
7.966255589955038019e+00
-3.438677198826444847e+00
-4.576185316902722455e+00
2.756154741372788486e+00
-1.043831719899662325e+01
-3.182537615892843785e+00
-7.988665138344694938e+00
-8.518123395756161287e+00
-6.318342710907512982e-01
2.236521044694379512e+00
-2.920634016666744381e-01
8.354064882510353840e+00
-3.760400977727412553e+00
8.544839395292276762e+00
-9.324775748835476552e-01
-4.114987475677175155e+00
-2.705382154120409055e+00
-7.216872321623497122e+00
1.173827910425883303e+00
-3.113462645181025668e+00
-4.114636322483357311e+00
-6.275141170412186220e+00
-2.921186528416347628e+00
3.841316691338903411e+00
-5.823486781563630643e+00
2.430334203333407661e+00
-5.418549626162224797e+00
2.217374913074792619e+00
3.072078582503536270e-01
-9.970833193594941690e+00
9.083516488859361360e+00
-2.538785137465225272e+00
3.203862778637129871e+00
-2.557018439365203122e+00
-5.185720486129489437e+00
-1.271989772537973851e+00
-9.064635046745214808e+00
-1.059610526131662134e+01
4.329217873585399778e-01
-1.261582898784251938e+01
-4.571951054436577344e+00
6.653745638469296786e+00
9.255992654872216008e+00
1.540193727316829131e+00
-7.275618399056367480e-02
1.813465324498703568e+00
3.353175688558699186e+00
-1.319082884261405120e+01
-9.201128749997346257e-02
-3.765779178915659386e+00
-5.259808585389617264e+00
-5.151568906828265071e+00
3.066545529198823061e+00
4.910384672695324859e+00
-2.895762531417298002e-01
5.462066326652396775e+00
3.095472393166241787e+00
7.551439086076875418e-01
-2.779237803513365357e+00
-2.460798332070851302e+00
7.491018228847693194e+00
-2.507673105311720274e+00
6.153810932709493503e-02
-1.301062979436556910e+00
-1.573126262177753976e+00
4.088446077615342844e+00
-3.750574972234519411e+00
-1.076071333966113652e+00
6.649984571637508439e-03
-1.366225000067826656e+00
-3.147236526571732529e-02
-8.655605429887602842e-02
3.072659457007703043e+00
-8.429669161379322873e-01
2.947445960985204394e-01
1.957427817670977510e-01
1.811283468013190623e+00
-5.696594093626985433e+00
-1.914766851882556686e+00
1.350741371277793812e+00
-2.335253959844607152e+00
-5.161681142091459229e+00
-1.365599333650569402e+00
3.913302188924763225e+00
2.300879102062750814e+00
-6.059035657942217767e-01
2.329999417327077715e+00
1.756064708753023007e+00
-2.067402251722685325e+00
-3.473923011321383036e+00
1.762331518674528530e+00
-3.999850439356649190e-01
-1.703665146019686105e+00
1.251126256179669660e+00
1.418928869402885096e-01
9.205436129216699737e-01
-1.485699977088596357e+00
-3.232422375257747449e-01
1.811936119139442525e+00
-4.264458322735987572e+00
-1.564483820057045449e+00
-6.214859777836250210e-01
1.227678280512135123e+00
1.128101524186876592e+00
-3.613726190891532575e+00
1.339366521397661325e+00
8.897944367020531597e-01
-1.979167634778846718e+00
-2.038819036112559935e-01
-7.014324516212517846e-01
1.302871061561420518e+00
-1.865961998226827623e+00
-8.665387216628654965e-01
1.342900927175570303e+00
-5.775555602429169877e-01
-7.886072180705733237e-01
6.255334223796377158e-01
-1.202125535255082811e+00
-6.776220486204822535e-01
-1.680109987945785477e+00
7.046052357583639791e-01
-2.281042152171665893e-01
-1.605718840493438604e+00
1.128217595978501242e-01
4.006573937305982769e-01
-2.313798409161148817e-01
-1.762062162809312937e+00
-9.533260068935627274e-01
1.379060232900112704e+00
-7.467677260926836036e-01
-1.084871240431859007e+00
-1.447868085582853626e+00
-2.697578122425325908e-02
1.186164445125470479e+00
-5.411733863113437071e-01
9.895638686666524686e-01
-6.966741196828669935e-02
-1.324084900280273258e+00
3.743318915604693098e-01
-4.546168366835229846e-01
-1.730696246111380177e+00
-1.930192425133195444e+00
5.711965708351237625e-01
1.449553015451241267e+00
-1.933003066773969492e+00
-7.271501500962236353e-01
2.086664162315161608e+00
1.959582332476921485e+00
-8.166687172499186298e-01
-3.233650198350435101e+00
-1.207491865339986203e+00
3.192169205212387340e-01
-2.229077999920273667e-01
-1.583898175877678227e+00
-3.957436084054478942e-02
-1.885155303063503762e+00
1.321639897973222455e+00
1.337805276526569387e-01
9.064221543740555442e-02
1.154635913116499601e+00
-3.783995708545915271e-01
2.248695960806586847e+00
6.370525896156824242e-02
-1.614674464999356296e+00
-6.857632881971844618e-01
-1.297379548050047404e+00
1.210043751309370252e+00
-3.908454380055633059e+00
-9.920691463289966761e-01
-1.332206063485376291e+00
-3.051217050455460988e+00
4.397127238545006200e+00
-3.256011463524514316e+00
2.100780684351277738e+00
-6.627064581792184939e+00
-1.208002406377166604e-01
-1.838810562632508527e-01
-2.598410853099316853e+00
3.786851745486828680e+00
9.480167499364740014e-01
2.347985730479521305e+00
7.854016178920494307e-01
-2.580780897149589581e+00
6.512234937100010335e+00
2.864265479800576775e-01
3.506315429585347698e-01
2.633860819701696609e-01
-6.132999284690784370e-01
3.794457243130067159e-01
-2.293032541890321074e-01
-5.349697509611640867e-02
-1.940554340134515166e-01
1.018027436414184889e-01
5.728824050298282344e-01
-2.262006066624202283e-01
3.010285009484784946e-01
-1.658736499788396879e-01
-1.651805458613965494e-01
9.177882038447027213e-02
-1.012480159530744772e-01
1.537557479467605015e-01
-2.378024154978607696e-01
-1.363686231785442571e-01
4.638187362147639936e-01
4.149387234679047798e-01
-5.411410430971090868e-01
-4.850195337014175934e-01
-1.501109536457492788e-01
1.147161719278667474e-01
8.904360712279493772e-02
-3.814500658087554424e-02
4.388117533626247346e-01
2.892379785598450659e-01
1.106406385802716913e-02
-5.365767401541802345e-02
-9.884209116695807928e-02
1.159388439942708321e-01
-2.985417128142225929e-01
-4.969595274815678115e-02
-1.218079247325283276e-01
-2.247461296045881463e-01
2.731120153983562227e-01
4.234712109554336634e-01
2.260797152497566187e-01
-1.461457001614591134e-01
6.745829982753913379e-02
4.181314996890182489e-01
4.518936695992407243e-02
3.422031703529356678e-02
-5.736102361195964672e-02
3.063003833001704534e-01
5.049472395769447758e-02
-3.100960595391949459e-01
1.197286852441270255e-01
1.213311318769185604e-01
-1.786096077546722727e-01
1.848746116181824994e-01
-3.036448056531070722e-02
1.631530430263857245e-01
-2.015480512184985792e-02
1.001911908491445180e-01
4.319425835981757222e-01
-1.349785069686711136e-01
-4.232515041012405166e-01
2.858637213431464708e-01
-4.562269138300741878e-01
3.610279753821969001e-02
-4.575836741263196727e-01
5.208661310375031217e-01
2.950637706589211429e-01
-4.737123826048396102e-01
2.182597987403827600e-01
2.893436511393011057e-01
5.201071047094315558e-01
3.899822744876795255e-01
-5.136769199730620850e-01
5.829172815363752314e-01
8.688429338026468912e-03
9.788944789998731133e-02
-2.881498582372686301e-01
5.305339059479018127e-02
3.858782208520893930e-01
-3.184712750184076624e-01
4.927372742329196725e-02
5.464776870089287364e-01
-5.798072563198101298e-02
-1.103974745959436510e-01
5.625390877606775142e-01
-2.523465313335541693e-01
-6.905762755053787005e-01
-2.209875270245256207e-01
8.053442684831767506e-01
5.935208612939394390e-01
-6.694258488662744311e-01
5.168092645364192883e-01
6.449069234981206211e-01
4.708954277971296731e-01
-7.491758122503145989e-01
3.314258312916116278e-01
-2.393871112906610088e-01
-1.337818479034395547e-01
-3.380912234711287434e-01
-4.569281821539342148e-01
-3.116272434211230791e-01
2.879888961583432772e-01
2.832704200736833045e-01
1.214929815762382015e+00
-1.387371624264112646e-01
2.140080365268335616e-01
8.115581470897537120e-01
2.793049042188212039e-01
2.195257847400473028e-01
-1.174470865581344725e+00
-1.136227008997832577e+00
7.499240368742001728e-01
-1.414477529797584787e-01
-7.253474478827527661e-02
-2.524164788032651763e-01
-4.540768579064337063e-01
3.730337242121556374e-01
-1.528220354445770202e+00
6.295450092191533509e-01
5.155804275622468680e-01
6.399978244389594728e-01
9.248962256477730737e-01
9.919910543091931335e-03
8.006481440844881448e-01
-1.756037224912217143e+00
1.034578027288433510e+00
1.308857794397774166e-01
-1.349721851980839160e+00
-8.216081151562897311e-01
-1.433220037670741798e+00
1.419914114589635457e+00
3.001109707037418195e-01
-8.042027667813800296e-01
2.014702337184660408e+00
-3.874699112085410735e-01
2.766066251663223952e+00
7.953148699663811216e-01
-1.116826864259298641e-01
-2.503752002375761454e-01
-6.909199982376486027e-01
-1.576664619404419376e+00
-4.054551379972325398e-01
-2.149941442491765997e+00
3.220058855548105226e-01
4.702873966395553773e-01
1.441051175972426934e+00
1.104349233328002722e+00
-3.343803013869434820e-02
6.992445655892717271e-01
1.447001165281639690e+00
1.065499725404774223e+00
1.244011668892838901e-01
-1.065789451458637016e+00
7.532448430554021801e-01
-1.257687585944664788e+00
6.813891516003618420e-01
-1.094381424929420810e+00
1.228471934862954251e+00
1.880308743951955686e+00
-1.499981897877560755e+00
1.375212208674142733e+00
-3.526195110977005109e-01
7.735474378290724262e-01
7.646819824213865191e-01
-1.409012087870023799e-01
2.854767133010828406e+00
1.079585318214666634e+00
1.358463987253341942e+00
2.792582141523333839e+00
4.730057539244398312e-01
-1.673558145865956082e+00
-1.764551833841292883e+00
6.997066852335100950e-01
-4.340317027278393636e-01
-4.628811763285912151e-01
6.815531276815531836e-01
2.959750177578970298e+00
1.463843398831886911e-01
9.234064382678154326e-01
1.730359169462639457e+00
5.489031900084998528e-01
-9.625778643900549936e-01
-2.944069040742451349e-01
-3.742736545208474319e-01
-1.196695798417875212e+00
-8.276867497192100798e-01
1.924137600298352069e-01
6.792288494068392524e-01
1.290290244498245031e-01
-1.020889583308059789e+00
1.209616265297987381e+00
5.903039362682142160e-02
4.051514080589849742e-01
-1.690035461672554640e-01
-8.653882937758010652e-01
6.333892622249037707e-01
-2.407489726865537361e-01
9.915124715378179077e-02
2.820424048928528160e-01
1.292921772915256451e-01
-8.851284148467625235e-02
-4.698800239836709025e-01
4.828761541758648801e-01
-1.979475117363592718e-01
-8.186298106319345180e-02
1.796697160817483097e-01
1.338025082268973209e+00
1.039195614218171304e-01
-4.429967000662210497e-01
1.040057556871870847e+00
7.313194442181305543e-01
-7.894543420808733392e-02
-8.545702856063748243e-01
-3.723601936974735294e-01
2.328176766591265878e-01
-7.261856256447982716e-01
6.117370778501897942e-03
7.398460368350950889e-01
4.476479241045265844e-01
-2.826880642334972382e-01
3.516132774692107277e-01
2.208556065849655858e-01
-3.825056812601049239e-01
-1.656187827009678315e-01
-2.469234522530589782e-01
2.515835200242289016e-01
-1.336299089729462430e-01
4.062509762999374358e-02
1.020676051401565809e+00
3.769594529469240118e-01
1.119762850797212939e-01
-3.247061451534641874e-01
-4.275946552160950903e-02
5.100393644408151017e-01
-7.037896767009217402e-01
9.108505776231742845e-02
4.520966285589586575e-01
6.051658226140461949e-02
-2.286214072810964244e-03
-1.289367665287457880e-02
5.142334756481543590e-01
-1.711948263605941184e-02
-3.660922693904591907e-01
1.845104644845681208e-01
8.421102683605087569e-02
-5.972891072062271219e-03
3.271833143114609710e-01
3.359865308842427956e-01
2.227240353002426787e-01
-2.114713238780273341e-02
1.654900731518506862e-01
2.711322592049543179e-01
-2.138296380819443010e-01
-7.914818549819060967e-02
6.661820042881314019e-02
3.905592661799550114e-01
-3.963528547815350217e-02
-2.149858898373240845e-01
3.421649556927915392e-01
3.501946842244203495e-01
2.753027729167880633e-01
-1.350372721077090776e-01
-1.354118752982727825e-01
4.116658147647377086e-02
-2.437060540119961038e-01
1.426348655604188220e-01
1.993652588545909987e-01
-3.726139710716864367e-02
8.333740458923431793e-02
5.650049851024456782e-01
1.954871537292219574e-01
-3.125525481329799460e-01
-1.337090799401938479e-01
4.885578559378558894e-01
-1.015911764248197610e-02
-6.285256326061172683e-01
-1.877704706083946629e-01
5.271109868453027758e-01
4.728043731514740000e-01
2.563846504045971808e-01
-1.221363829745742424e-01
2.354750113142654866e-01
3.125058990347567289e-01
2.485331318787072641e-01
3.783591798000927042e-01
-2.687200503390237416e-01
7.812442790142752613e-02
-7.671995150209234837e-02
-1.785320204103521269e-01
-2.369882080877635799e-01
-4.121196374688730901e-01
1.509072717182641521e-01
3.779179757062437472e-01
2.168458605905835279e-01
1.218465016704424753e-01
1.486535861721569318e-01
8.619217828124419167e-01
3.395924551201632835e-01
1.956177071333740358e-01
1.782636834610792642e-01
-8.566704569784504564e-01
2.837540788351918808e-01
-6.226874805436961591e-01
1.125394990506002335e+00
-6.800954199038352632e-01
3.110054353070334510e-01
3.780321369643935836e-01
-5.789317975263700289e-01
2.070349093379203198e-01
-3.967061685992596121e-01
2.861478515274974432e-01
-7.175546700934276600e-02
-1.315397542991489699e+00
