-6.616555555555555523e-01
-6.612888888888889261e-01
-6.617000000000000659e-01
-6.614333333333333176e-01
-6.613666666666667693e-01
-6.617777777777777981e-01
-6.618111111111111278e-01
-6.619777777777777761e-01
-6.621666666666666812e-01
-6.621222222222221676e-01
-6.615333333333333066e-01
-6.616444444444444795e-01
-6.615444444444444905e-01
-6.620000000000000329e-01
-6.619444444444444464e-01
-6.613222222222222557e-01
-6.619333333333332625e-01
-6.615888888888888930e-01
-6.618666666666666032e-01
-6.612333333333333396e-01
-6.615222222222222337e-01
-6.612555555555554854e-01
-6.614333333333333176e-01
-6.614333333333334286e-01
-6.610777777777777642e-01
-6.618111111111111278e-01
-6.613777777777778422e-01
-6.618666666666667142e-01
-6.617666666666665032e-01
-6.611222222222221667e-01
-6.617111111111110278e-01
-6.616222222222221117e-01
-6.617666666666666142e-01
-6.617555555555555413e-01
-6.617000000000000659e-01
-6.614555555555556854e-01
-6.612222222222220447e-01
-6.619111111111111168e-01
-6.617555555555555413e-01
-6.610888888888888371e-01
-6.615777777777778201e-01
-6.618888888888888600e-01
-6.611111111111110938e-01
-6.613333333333333286e-01
-6.613555555555555854e-01
-6.609777777777777752e-01
-6.615555555555555634e-01
-6.612777777777777422e-01
-6.608666666666667133e-01
-6.614555555555555744e-01
-6.616777777777778091e-01
-6.614555555555556854e-01
-6.617555555555555413e-01
-6.620555555555556193e-01
-6.614555555555555744e-01
-6.621111111111112058e-01
-6.620333333333333625e-01
-6.617333333333333956e-01
-6.616666666666666252e-01
-6.612333333333333396e-01
-6.610888888888888371e-01
-6.612999999999999989e-01
-6.616222222222223337e-01
-6.615444444444444905e-01
-6.615555555555556744e-01
-6.611666666666666803e-01
-6.613777777777777311e-01
-6.612444444444445235e-01
-6.617555555555555413e-01
-6.619111111111111168e-01
-6.616333333333331845e-01
-6.611111111111109828e-01
-6.614777777777778311e-01
-6.613111111111111828e-01
-6.611555555555554964e-01
-6.615444444444444905e-01
-6.614666666666667583e-01
-6.617777777777777981e-01
-6.610000000000000320e-01
-6.612888888888890371e-01
-6.610777777777777642e-01
-6.617111111111112498e-01
-6.611777777777778642e-01
-6.618333333333333846e-01
-6.613222222222221447e-01
-6.613777777777777311e-01
-6.617888888888889820e-01
-6.617666666666666142e-01
-6.613888888888888040e-01
-6.617111111111111388e-01
-6.616777777777778091e-01
-6.617000000000000659e-01
-6.613555555555555854e-01
-6.618111111111111278e-01
-6.615444444444444905e-01
-6.612666666666666693e-01
-6.612000000000000099e-01
-6.615444444444444905e-01
-6.618444444444444574e-01
-6.617333333333333956e-01
-6.620333333333332515e-01
-6.618444444444444574e-01
-6.614333333333334286e-01
-6.612999999999999989e-01
-6.614333333333334286e-01
-6.614555555555554633e-01
-6.616111111111110388e-01
-6.620000000000000329e-01
-6.615444444444444905e-01
-6.612444444444443015e-01
-6.610999999999999099e-01
-6.613111111111111828e-01
-6.615222222222221227e-01
-6.617222222222221006e-01
-6.615000000000000879e-01
-6.615111111111110498e-01
-6.614333333333333176e-01
-6.611666666666666803e-01
-6.616444444444444795e-01
-6.612999999999999989e-01
-6.611888888888889371e-01
-6.615888888888890040e-01
-6.615222222222222337e-01
-6.613333333333333286e-01
-6.614555555555555744e-01
-6.613666666666666583e-01
-6.614888888888889040e-01
-6.613444444444444015e-01
-6.611777777777777532e-01
-6.612555555555554854e-01
-6.613666666666666583e-01
-6.613999999999999879e-01
-6.608888888888889701e-01
-6.613444444444445125e-01
-6.613888888888888040e-01
-6.616222222222221117e-01
-6.612444444444445235e-01
-6.613333333333332176e-01
-6.620000000000000329e-01
-6.613888888888889150e-01
-6.614666666666666472e-01
-6.614222222222222447e-01
-6.615888888888890040e-01
-6.614999999999999769e-01
-6.617222222222223227e-01
-6.615888888888888930e-01
-6.618444444444444574e-01
-6.610777777777779862e-01
-6.610444444444444345e-01
-6.612111111111109718e-01
-6.612222222222222667e-01
-6.616333333333332956e-01
-6.614111111111111718e-01
-6.611666666666665693e-01
-6.611555555555556074e-01
-6.613666666666665472e-01
-6.617888888888887600e-01
-6.615444444444444905e-01
-6.613888888888888040e-01
-6.615666666666667473e-01
-6.613888888888888040e-01
-6.614222222222222447e-01
-6.611888888888890481e-01
-6.612222222222222667e-01
-6.610555555555556184e-01
-6.614333333333334286e-01
-6.615555555555555634e-01
-6.614777777777777201e-01
-6.610888888888887260e-01
-6.613777777777777311e-01
-6.617333333333333956e-01
-6.610888888888889481e-01
-6.615333333333333066e-01
-6.614777777777777201e-01
-6.613888888888888040e-01
-6.613888888888889150e-01
-6.620000000000000329e-01
-6.614222222222222447e-01
-6.615222222222223447e-01
-6.613222222222221447e-01
-6.609444444444444455e-01
-6.617888888888889820e-01
-6.616777777777778091e-01
-6.617333333333332845e-01
-6.611111111111109828e-01
-6.611444444444445345e-01
-6.617777777777777981e-01
-6.612888888888889261e-01
-6.612444444444444125e-01
-6.618777777777777871e-01
-6.612000000000000099e-01
-6.609444444444445566e-01
-6.614111111111110608e-01
-6.614999999999999769e-01
-6.614777777777778311e-01
-6.610999999999999099e-01
-6.612777777777776311e-01
-6.610999999999999099e-01
-6.614111111111111718e-01
-6.612111111111110828e-01
-6.616888888888888820e-01
-6.613444444444444015e-01
-6.615777777777778201e-01
-6.616111111111112608e-01
-6.614888888888887930e-01
-6.617111111111111388e-01
-6.612333333333332286e-01
-6.612444444444444125e-01
-6.618999999999999329e-01
-6.616666666666666252e-01
-6.609666666666665913e-01
-6.618666666666667142e-01
-6.619111111111111168e-01
-6.605777777777777082e-01
-6.615111111111110498e-01
-6.612666666666666693e-01
-6.611222222222221667e-01
-6.610111111111111049e-01
-6.614666666666666472e-01
-6.612555555555554854e-01
-6.609333333333333727e-01
-6.613222222222222557e-01
-6.610555555555556184e-01
-6.616111111111110388e-01
-6.610666666666665803e-01
-6.618222222222223117e-01
-6.613777777777777311e-01
-6.610222222222222888e-01
-6.613555555555555854e-01
-6.613666666666665472e-01
-6.610000000000000320e-01
-6.611666666666666803e-01
-6.611666666666666803e-01
-6.616111111111111498e-01
-6.620666666666665812e-01
-6.614111111111111718e-01
-6.607333333333333947e-01
-6.612333333333332286e-01
-6.609555555555556294e-01
-6.612666666666666693e-01
-6.612444444444445235e-01
-6.612444444444444125e-01
-6.612333333333332286e-01
-6.615999999999999659e-01
-6.616222222222223337e-01
-6.615666666666666362e-01
-6.615888888888888930e-01
-6.614444444444445015e-01
-6.615000000000000879e-01
-6.613000000000001100e-01
-6.614333333333334286e-01
-6.612333333333333396e-01
-6.613222222222221447e-01
-6.615999999999999659e-01
-6.612444444444444125e-01
-6.611222222222222777e-01
-6.614777777777777201e-01
-6.614555555555554633e-01
-6.615555555555556744e-01
-6.619777777777777761e-01
-6.613000000000001100e-01
-6.614666666666667583e-01
-6.611555555555556074e-01
-6.610222222222221777e-01
-6.615999999999998549e-01
-6.608555555555555294e-01
-6.616666666666666252e-01
-6.610666666666668023e-01
-6.610333333333332506e-01
-6.610999999999999099e-01
-6.608111111111111269e-01
-6.604666666666667574e-01
-6.601444444444445336e-01
-6.598111111111111260e-01
-6.599777777777777743e-01
-6.589333333333333709e-01
-6.589444444444443327e-01
-6.583111111111110691e-01
-6.583777777777777285e-01
-6.575222222222223412e-01
-6.572777777777777386e-01
-6.563555555555556920e-01
-6.555888888888888877e-01
-6.555666666666667419e-01
-6.549777777777778809e-01
-6.544777777777777139e-01
-6.535111111111110427e-01
-6.528444444444443384e-01
-6.522777777777777342e-01
-6.515333333333332977e-01
-6.510666666666666824e-01
-6.507777777777777883e-01
-6.503666666666667595e-01
-6.494111111111110501e-01
-6.490333333333331289e-01
-6.495888888888887713e-01
-6.493111111111111722e-01
-6.485777777777778086e-01
-6.486222222222222111e-01
-6.486666666666667247e-01
-6.481888888888888145e-01
-6.485222222222222221e-01
-6.480222222222222772e-01
-6.483888888888889035e-01
-6.488000000000000433e-01
-6.494111111111111612e-01
-6.499555555555556197e-01
-6.499000000000000332e-01
-6.509666666666666934e-01
-6.508888888888888502e-01
-6.511888888888888172e-01
-6.515444444444443706e-01
-6.529777777777776571e-01
-6.528888888888888520e-01
-6.530333333333333545e-01
-6.540111111111109876e-01
-6.546777777777778029e-01
-6.550111111111110995e-01
-6.559888888888889547e-01
-6.568999999999999284e-01
-6.572999999999999954e-01
-6.579888888888888454e-01
-6.591555555555554946e-01
-6.592666666666667785e-01
-6.612666666666666693e-01
-6.619222222222221896e-01
-6.626777777777778100e-01
-6.635888888888888948e-01
-6.637555555555555431e-01
-6.643777777777777338e-01
-6.649444444444444491e-01
-6.651777777777777567e-01
-6.656999999999999584e-01
-6.668888888888888644e-01
-6.667666666666666186e-01
-6.678555555555555356e-01
-6.683777777777778484e-01
-6.688000000000001721e-01
-6.684888888888889102e-01
-6.692333333333332357e-01
-6.693666666666665543e-01
-6.694333333333334357e-01
-6.700555555555556264e-01
-6.697000000000000730e-01
-6.698111111111111349e-01
-6.703000000000000069e-01
-6.697444444444444756e-01
-6.698888888888888671e-01
-6.698222222222223188e-01
-6.693666666666666654e-01
-6.688333333333332797e-01
-6.689888888888889662e-01
-6.681777777777777594e-01
-6.675333333333333119e-01
-6.667888888888888754e-01
-6.664777777777777246e-01
-6.655111111111111644e-01
-6.647999999999999465e-01
-6.637777777777776889e-01
-6.630333333333333634e-01
-6.620000000000001439e-01
-6.614666666666667583e-01
-6.598666666666667124e-01
-6.587222222222223200e-01
-6.580111111111111022e-01
-6.568222222222223072e-01
-6.557333333333333902e-01
-6.542444444444444063e-01
-6.537888888888887529e-01
-6.527888888888887520e-01
-6.516888888888888731e-01
-6.512333333333333307e-01
-6.503888888888887942e-01
-6.494888888888888934e-01
-6.481444444444445230e-01
-6.482555555555554738e-01
-6.474777777777777077e-01
-6.475222222222222213e-01
-6.469000000000000306e-01
-6.466999999999999416e-01
-6.462666666666667670e-01
-6.463333333333332043e-01
-6.467777777777777848e-01
-6.469888888888889467e-01
-6.476666666666666128e-01
-6.477999999999999314e-01
-6.481666666666667798e-01
-6.491555555555555967e-01
-6.496666666666667256e-01
-6.503666666666666485e-01
-6.507666666666666044e-01
-6.517111111111110189e-01
-6.519777777777778782e-01
-6.525666666666666282e-01
-6.533999999999999808e-01
-6.546999999999999487e-01
-6.546222222222222165e-01
-6.559666666666665868e-01
-6.568888888888888555e-01
-6.582222222222222641e-01
-6.588999999999999302e-01
-6.591888888888888243e-01
-6.606333333333334057e-01
-6.617333333333333956e-01
-6.627888888888889829e-01
-6.637000000000000677e-01
-6.641999999999999016e-01
-6.653222222222221482e-01
-6.666444444444443729e-01
-6.670000000000000373e-01
-6.677888888888889873e-01
-6.686222222222222289e-01
-6.690444444444444416e-01
-6.698555555555554264e-01
-6.709333333333332705e-01
-6.714222222222221426e-01
-6.718888888888888689e-01
-6.726111111111111596e-01
-6.730666666666667020e-01
-6.728111111111111375e-01
-6.732777777777777528e-01
-6.735555555555554630e-01
-6.729000000000000536e-01
-6.719555555555555282e-01
-6.715888888888890129e-01
-6.705999999999999739e-01
-6.699888888888888561e-01
-6.691666666666667984e-01
-6.682888888888889323e-01
-6.681666666666666865e-01
-6.670777777777777695e-01
-6.659555555555556339e-01
-6.659333333333332661e-01
-6.646444444444443711e-01
-6.639111111111111185e-01
-6.629666666666664820e-01
-6.618888888888887490e-01
-6.606222222222222218e-01
-6.596222222222222209e-01
-6.587999999999999412e-01
-6.580222222222222861e-01
-6.565222222222222292e-01
-6.561888888888889326e-01
-6.549777777777776588e-01
-6.537888888888888639e-01
-6.533888888888887969e-01
-6.527333333333332765e-01
-6.515666666666666273e-01
-6.509888888888890612e-01
-6.513444444444443926e-01
-6.504333333333334188e-01
-6.501333333333332298e-01
-6.495666666666666256e-01
-6.499777777777777654e-01
-6.497111111111110171e-01
-6.499999999999999112e-01
-6.498222222222221900e-01
-6.502999999999999892e-01
-6.501666666666666705e-01
-6.507888888888888612e-01
-6.515444444444444816e-01
-6.516444444444444706e-01
-6.530777777777777571e-01
-6.528111111111110088e-01
-6.539555555555555122e-01
-6.546888888888888758e-01
-6.550222222222221724e-01
-6.556555555555556580e-01
-6.569111111111111123e-01
-6.578666666666665996e-01
-6.587888888888888683e-01
-6.600777777777778743e-01
-6.610777777777776532e-01
-6.620333333333332515e-01
-6.629555555555556312e-01
-6.639555555555555211e-01
-6.647444444444444711e-01
-6.660666666666668068e-01
-6.673111111111111882e-01
-6.675888888888888983e-01
-6.685333333333334238e-01
-6.691333333333333577e-01
-6.698666666666667213e-01
-6.714111111111110697e-01
-6.715555555555555722e-01
-6.727777777777776969e-01
-6.729333333333332723e-01
-6.747000000000000774e-01
-6.744333333333334402e-01
-6.743000000000000105e-01
-6.735777777777778308e-01
-6.734222222222221443e-01
-6.720888888888887358e-01
-6.715111111111111697e-01
-6.703444444444444095e-01
-6.702222222222222747e-01
-6.689333333333333798e-01
-6.682222222222223840e-01
-6.668999999999999373e-01
-6.665666666666667517e-01
-6.651666666666666838e-01
-6.640555555555555101e-01
-6.626333333333332964e-01
-6.614333333333334286e-01
-6.602000000000000091e-01
-6.584555555555555717e-01
-6.567777777777777937e-01
-6.554222222222222394e-01
-6.535111111111110427e-01
-6.521888888888889291e-01
-6.506111111111111400e-01
-6.489777777777778756e-01
-6.473777777777777187e-01
-6.459888888888889458e-01
-6.443222222222222406e-01
-6.429444444444444295e-01
-6.419444444444444287e-01
-6.411888888888888083e-01
-6.408888888888888413e-01
-6.409444444444445388e-01
-6.410111111111110871e-01
-6.416777777777777914e-01
-6.422000000000001041e-01
-6.435111111111111448e-01
-6.454777777777778169e-01
-6.458333333333333703e-01
-6.478888888888888475e-01
-6.491333333333333400e-01
-6.502000000000000002e-01
-6.522555555555555884e-01
-6.538777777777777800e-01
-6.556111111111112555e-01
-6.563666666666666538e-01
-6.584111111111110581e-01
-6.598000000000000531e-01
-6.610888888888889481e-01
-6.629666666666667041e-01
-6.648777777777777898e-01
-6.662444444444444169e-01
-6.671666666666665746e-01
-6.688777777777779043e-01
-6.701333333333333586e-01
-6.713333333333333375e-01
-6.720999999999999197e-01
-6.720000000000000417e-01
-6.715999999999999748e-01
-6.703666666666667773e-01
-6.690666666666665874e-01
-6.669333333333332670e-01
-6.653888888888889186e-01
-6.650666666666666949e-01
-6.627444444444443583e-01
-6.615333333333333066e-01
-6.598555555555556396e-01
-6.579444444444444429e-01
-6.567222222222222072e-01
-6.550111111111109885e-01
-6.530888888888887189e-01
-6.509666666666666934e-01
-6.487888888888888594e-01
-6.471888888888889246e-01
-6.452888888888889118e-01
-6.439333333333334686e-01
-6.416555555555556456e-01
-6.398777777777778786e-01
-6.384222222222223353e-01
-6.366111111111111276e-01
-6.358444444444444343e-01
-6.338333333333333597e-01
-6.331666666666667664e-01
-6.326333333333333808e-01
-6.324888888888888783e-01
-6.333444444444444876e-01
-6.330666666666666664e-01
-6.346222222222221987e-01
-6.350888888888888140e-01
-6.361444444444444013e-01
-6.366444444444444573e-01
-6.375666666666667259e-01
-6.391222222222222582e-01
-6.407111111111112312e-01
-6.416666666666667185e-01
-6.423333333333333117e-01
-6.440444444444444194e-01
-6.455777777777778059e-01
-6.468888888888888467e-01
-6.483111111111110603e-01
-6.498000000000000442e-01
-6.510111111111110960e-01
-6.529777777777777681e-01
-6.535666666666666291e-01
-6.561555555555554919e-01
-6.572111111111111903e-01
-6.594888888888887912e-01
-6.611111111111109828e-01
-6.620555555555556193e-01
-6.636666666666667380e-01
-6.640222222222222914e-01
-6.642444444444444152e-01
-6.635999999999999677e-01
-6.620888888888889490e-01
-6.600222222222222879e-01
-6.585777777777778175e-01
-6.563777777777777267e-01
-6.553999999999998716e-01
-6.540333333333333554e-01
-6.524777777777777121e-01
-6.508999999999999231e-01
-6.491555555555555967e-01
-6.477444444444444560e-01
-6.461888888888889237e-01
-6.443888888888890110e-01
-6.429000000000000270e-01
-6.409777777777777574e-01
-6.409555555555556117e-01
-6.391555555555554768e-01
-6.378333333333333632e-01
-6.375888888888887607e-01
-6.366555555555555301e-01
-6.357111111111112267e-01
-6.352777777777777191e-01
-6.349666666666666792e-01
-6.347444444444444445e-01
-6.347000000000000419e-01
-6.356222222222221996e-01
-6.361777777777778420e-01
-6.367444444444445573e-01
-6.374444444444444802e-01
-6.388222222222221802e-01
-6.390777777777776336e-01
-6.405555555555556557e-01
-6.408777777777777684e-01
-6.424111111111110439e-01
-6.431555555555554804e-01
-6.441666666666666652e-01
-6.447111111111110127e-01
-6.461777777777777398e-01
-6.469666666666666899e-01
-6.476222222222222102e-01
-6.487333333333333840e-01
-6.494333333333333069e-01
-6.496888888888887603e-01
-6.508444444444445587e-01
-6.510222222222221689e-01
-6.517666666666667163e-01
-6.522111111111112969e-01
-6.529333333333333655e-01
-6.535888888888887749e-01
-6.544111111111110546e-01
-6.541555555555556012e-01
-6.544666666666666410e-01
-6.544555555555555681e-01
-6.543111111111110656e-01
-6.536333333333333995e-01
-6.533999999999999808e-01
-6.534555555555555673e-01
-6.524333333333333096e-01
-6.526999999999998359e-01
-6.522333333333334426e-01
-6.514333333333334197e-01
-6.504444444444444917e-01
-6.500888888888889383e-01
-6.494222222222221230e-01
-6.490444444444443128e-01
-6.486333333333333950e-01
-6.482999999999998764e-01
-6.475555555555556619e-01
-6.468444444444443331e-01
-6.461444444444442992e-01
-6.460666666666665670e-01
-6.453666666666667551e-01
-6.455222222222221085e-01
-6.439666666666665762e-01
-6.443999999999999728e-01
-6.439333333333334686e-01
-6.436444444444444635e-01
-6.439444444444444304e-01
-6.440555555555556033e-01
-6.441999999999999948e-01
-6.446555555555555372e-01
-6.455555555555556602e-01
-6.458777777777776619e-01
-6.463555555555555721e-01
-6.467555555555556390e-01
-6.481000000000000094e-01
-6.488222222222221891e-01
-6.495222222222223341e-01
-6.501111111111111951e-01
-6.506666666666666154e-01
-6.517222222222222028e-01
-6.527777777777777901e-01
-6.535555555555556673e-01
-6.541222222222222715e-01
-6.550555555555556131e-01
-6.559222222222222953e-01
-6.568444444444444530e-01
-6.583333333333333259e-01
-6.590888888888889463e-01
-6.601444444444444226e-01
-6.609444444444443345e-01
-6.618444444444445685e-01
-6.627333333333332854e-01
-6.630222222222221795e-01
-6.639000000000000457e-01
-6.632777777777777439e-01
-6.622888888888889269e-01
-6.615444444444443794e-01
-6.604777777777777192e-01
-6.592555555555555946e-01
-6.585222222222222310e-01
-6.578555555555554157e-01
-6.563444444444443970e-01
-6.557888888888887546e-01
-6.545666666666666300e-01
-6.532999999999999918e-01
-6.519777777777777672e-01
-6.508888888888888502e-01
-6.497555555555556417e-01
-6.483555555555555738e-01
-6.470222222222222763e-01
-6.463333333333333153e-01
-6.446555555555556483e-01
-6.436222222222220957e-01
-6.423444444444444956e-01
-6.404000000000000803e-01
-6.393888888888890065e-01
-6.383333333333331971e-01
-6.366555555555555301e-01
-6.356222222222221996e-01
-6.345666666666667233e-01
-6.329888888888888232e-01
-6.323666666666666325e-01
-6.306666666666667087e-01
-6.300555555555555909e-01
-6.293555555555555570e-01
-6.285888888888888637e-01
-6.282555555555556781e-01
-6.267222222222221806e-01
-6.265444444444443484e-01
-6.260444444444444034e-01
-6.261222222222221356e-01
-6.258888888888889390e-01
-6.255666666666666043e-01
-6.256333333333333746e-01
-6.254333333333333966e-01
-6.254555555555554314e-01
-6.250888888888889161e-01
-6.254333333333332856e-01
-6.247888888888888381e-01
-6.251666666666666483e-01
-6.253111111111110398e-01
-6.252777777777777102e-01
-6.249777777777777432e-01
-6.260888888888888060e-01
-6.260999999999999899e-01
-6.267222222222221806e-01
-6.272444444444444933e-01
-6.278333333333333544e-01
-6.284444444444444722e-01
-6.290999999999999925e-01
-6.301555555555555799e-01
-6.305111111111112443e-01
-6.322666666666666435e-01
-6.330555555555554825e-01
-6.340555555555555944e-01
-6.350555555555554843e-01
-6.364222222222222225e-01
-6.377777777777776658e-01
-6.391888888888889175e-01
-6.406777777777777905e-01
-6.418222222222221829e-01
-6.435111111111110338e-01
-6.447333333333333805e-01
-6.469333333333334712e-01
-6.482444444444444009e-01
-6.495888888888887713e-01
-6.510444444444444256e-01
-6.529333333333333655e-01
-6.547444444444443512e-01
-6.565777777777777047e-01
-6.583999999999999853e-01
-6.590888888888888353e-01
-6.596777777777778073e-01
-6.603444444444445116e-01
-6.604666666666667574e-01
-6.597999999999999421e-01
-6.599777777777778853e-01
-6.585333333333331929e-01
-6.580111111111111022e-01
-6.574666666666666437e-01
-6.567444444444444640e-01
-6.557222222222223174e-01
-6.553555555555555800e-01
-6.543111111111110656e-01
-6.534888888888888969e-01
-6.528111111111111198e-01
-6.510555555555556095e-01
-6.501777777777777434e-01
-6.488666666666667027e-01
-6.476111111111111374e-01
-6.468888888888888467e-01
-6.440666666666666762e-01
-6.435444444444444745e-01
-6.416666666666667185e-01
-6.398222222222222921e-01
-6.390444444444445260e-01
-6.373888888888887827e-01
-6.354000000000000759e-01
-6.338777777777777622e-01
-6.329444444444444207e-01
-6.312444444444443858e-01
-6.302111111111110553e-01
-6.284000000000000696e-01
-6.256111111111111178e-01
-6.242555555555555635e-01
-6.215666666666668227e-01
-6.201444444444444981e-01
-6.192222222222221184e-01
-6.177888888888889429e-01
-6.169222222222222607e-01
-6.160000000000001030e-01
-6.154555555555556445e-01
-6.144333333333332758e-01
-6.138888888888888173e-01
-6.132222222222221131e-01
-6.131666666666666377e-01
-6.129444444444445139e-01
-6.133888888888888724e-01
-6.140333333333332089e-01
-6.140888888888889063e-01
-6.143222222222222140e-01
-6.148666666666665614e-01
-6.146666666666668055e-01
-6.158333333333333437e-01
-6.159000000000000030e-01
-6.170777777777778361e-01
-6.174444444444444624e-01
-6.177111111111109887e-01
-6.187444444444444303e-01
-6.199000000000000066e-01
-6.202555555555555600e-01
-6.211222222222221312e-01
-6.220222222222222541e-01
-6.236444444444444457e-01
-6.248111111111112059e-01
-6.264111111111110297e-01
-6.269666666666666721e-01
-6.280111111111110755e-01
-6.300555555555554799e-01
-6.310222222222221511e-01
-6.329000000000001291e-01
-6.344333333333332936e-01
-6.352222222222221326e-01
-6.371777777777778429e-01
-6.389000000000000234e-01
-6.404111111111111532e-01
-6.427666666666667084e-01
-6.452888888888889118e-01
-6.467333333333333822e-01
-6.479000000000000314e-01
-6.490111111111110942e-01
-6.494666666666666366e-01
-6.496333333333333959e-01
-6.502888888888889163e-01
-6.495333333333334069e-01
-6.487111111111112383e-01
-6.488888888888888484e-01
-6.486222222222221001e-01
-6.473555555555555729e-01
-6.466222222222222094e-01
-6.459888888888890568e-01
-6.450222222222222745e-01
-6.445777777777776940e-01
-6.437333333333332686e-01
-6.426555555555554244e-01
-6.416666666666667185e-01
-6.403777777777777125e-01
-6.392444444444445040e-01
-6.383444444444444921e-01
-6.364444444444444793e-01
-6.355777777777779081e-01
-6.336444444444445656e-01
-6.325333333333333918e-01
-6.309555555555554918e-01
-6.304111111111111443e-01
-6.284333333333333993e-01
-6.266444444444444484e-01
-6.253111111111111509e-01
-6.245555555555556415e-01
-6.229111111111110821e-01
-6.219333333333332270e-01
-6.210222222222222532e-01
-6.191888888888887887e-01
-6.185111111111111226e-01
-6.176777777777777700e-01
-6.164666666666667183e-01
-6.166777777777777692e-01
-6.170444444444443954e-01
-6.178000000000000158e-01
-6.175999999999999268e-01
-6.184666666666666091e-01
-6.191555555555555701e-01
-6.201555555555555710e-01
-6.210333333333334371e-01
-6.223222222222222211e-01
-6.235222222222221999e-01
-6.248777777777777542e-01
-6.261777777777778331e-01
-6.277000000000001467e-01
-6.294444444444444731e-01
-6.310000000000000053e-01
-6.321222222222222520e-01
-6.337111111111110029e-01
-6.347555555555555173e-01
-6.371666666666666590e-01
-6.384444444444444811e-01
-6.399888888888888294e-01
-6.417666666666667075e-01
-6.431555555555557024e-01
-6.451444444444445203e-01
-6.460444444444444212e-01
-6.473333333333334272e-01
-6.472000000000001085e-01
-6.473333333333333162e-01
-6.461888888888888127e-01
-6.446777777777776830e-01
-6.425222222222222168e-01
-6.411888888888888083e-01
-6.401000000000000023e-01
-6.377888888888888497e-01
-6.361555555555555852e-01
-6.348222222222222877e-01
-6.328000000000000291e-01
-6.307222222222222952e-01
-6.290111111111111875e-01
-6.273333333333332984e-01
-6.244111111111112500e-01
-6.227333333333332499e-01
-6.207888888888888346e-01
-6.190222222222221404e-01
-6.180666666666666531e-01
-6.154111111111111310e-01
-6.137222222222222801e-01
-6.122222222222223342e-01
-6.094666666666666011e-01
-6.094555555555554172e-01
-6.084666666666668222e-01
-6.084777777777777841e-01
-6.087666666666665671e-01
-6.094333333333333824e-01
-6.101333333333331943e-01
-6.106000000000000316e-01
-6.115555555555555189e-01
-6.123555555555555419e-01
-6.137555555555556097e-01
-6.147111111111112081e-01
-6.165777777777778912e-01
-6.177555555555556133e-01
-6.190555555555555811e-01
-6.204111111111111354e-01
-6.219111111111111923e-01
-6.235777777777777864e-01
-6.247000000000001441e-01
-6.261222222222221356e-01
-6.281666666666666510e-01
-6.287777777777777688e-01
-6.303222222222222282e-01
-6.321222222222222520e-01
-6.325666666666667215e-01
-6.345222222222222097e-01
-6.358555555555555072e-01
-6.377333333333333742e-01
-6.381444444444444031e-01
-6.386111111111111294e-01
-6.380888888888888166e-01
-6.378555555555556200e-01
-6.363444444444446013e-01
-6.349777777777777521e-01
-6.331888888888889122e-01
-6.322444444444443867e-01
-6.305000000000000604e-01
-6.288666666666666849e-01
-6.274666666666666170e-01
-6.261777777777778331e-01
-6.240666666666665474e-01
-6.217333333333333600e-01
-6.202000000000000846e-01
-6.185666666666667091e-01
-6.162444444444443725e-01
-6.144555555555555326e-01
-6.122222222222222232e-01
-6.104777777777777859e-01
-6.085999999999999188e-01
-6.066111111111109899e-01
-6.055666666666665865e-01
-6.030222222222222372e-01
-6.017777777777778558e-01
-6.006444444444443143e-01
-5.996777777777777541e-01
-5.991111111111111498e-01
-6.002444444444444693e-01
-6.006777777777777549e-01
-6.010444444444443812e-01
-6.021777777777779228e-01
-6.036888888888889415e-01
-6.041555555555555568e-01
-6.053333333333333899e-01
-6.074333333333332696e-01
-6.086333333333332485e-01
-6.103555555555555401e-01
-6.112444444444444791e-01
-6.131888888888888944e-01
-6.146555555555555106e-01
-6.165666666666665963e-01
-6.178444444444445294e-01
-6.199444444444444091e-01
-6.214555555555556499e-01
-6.231777777777778304e-01
-6.248444444444444246e-01
-6.257777777777777661e-01
-6.272888888888888959e-01
-6.293000000000000815e-01
-6.303444444444443739e-01
-6.307777777777778816e-01
-6.300777777777778477e-01
-6.294888888888887646e-01
-6.278888888888888298e-01
-6.256555555555555204e-01
-6.241777777777777203e-01
-6.228666666666666796e-01
-6.215888888888889685e-01
-6.205555555555554159e-01
-6.194666666666666099e-01
-6.181555555555555692e-01
-6.165000000000000480e-01
-6.149444444444442937e-01
-6.137888888888888284e-01
-6.124111111111111283e-01
-6.112444444444444791e-01
-6.099333333333333274e-01
-6.087000000000000188e-01
-6.076333333333333586e-01
-6.071333333333333027e-01
-6.067000000000000171e-01
-6.055555555555556246e-01
-6.058222222222222619e-01
-6.062999999999999501e-01
-6.063888888888888662e-01
-6.067888888888889332e-01
-6.068888888888888111e-01
-6.075555555555555154e-01
-6.081666666666666332e-01
-6.084666666666667112e-01
-6.091444444444444883e-01
-6.107666666666666799e-01
-6.118111111111110834e-01
-6.121666666666666368e-01
-6.132222222222222241e-01
-6.141555555555555657e-01
-6.159222222222221488e-01
-6.167222222222221717e-01
-6.168333333333333446e-01
-6.182666666666667421e-01
-6.193333333333332913e-01
-6.206222222222222973e-01
-6.214000000000000634e-01
-6.219333333333333380e-01
-6.226444444444443338e-01
-6.233111111111111491e-01
-6.236333333333333728e-01
-6.243777777777776983e-01
-6.248111111111112059e-01
-6.253222222222221127e-01
-6.252555555555556754e-01
-6.252111111111111619e-01
-6.253555555555555534e-01
-6.251666666666666483e-01
-6.247666666666666924e-01
-6.249222222222223788e-01
-6.243333333333332957e-01
-6.238222222222221669e-01
-6.234666666666667245e-01
-6.229555555555555957e-01
-6.222999999999999643e-01
-6.219222222222221541e-01
-6.207666666666667998e-01
-6.200666666666667659e-01
-6.195333333333334913e-01
-6.189333333333332243e-01
-6.178222222222221616e-01
-6.169000000000000039e-01
-6.166666666666665853e-01
-6.155000000000000471e-01
-6.153222222222222149e-01
-6.148666666666666725e-01
-6.141999999999999682e-01
-6.144222222222222030e-01
-6.134333333333333860e-01
-6.130111111111111732e-01
-6.123888888888888715e-01
-6.122222222222222232e-01
-6.126777777777776546e-01
-6.123555555555555419e-01
-6.128666666666666707e-01
-6.133222222222223241e-01
-6.134555555555555317e-01
-6.140444444444443928e-01
-6.144777777777776784e-01
-6.147666666666666835e-01
-6.159333333333333327e-01
-6.158222222222222708e-01
-6.162888888888888861e-01
-6.164444444444444615e-01
-6.176555555555556243e-01
-6.178111111111111997e-01
-6.190777777777777269e-01
-6.192222222222222294e-01
-6.194000000000000616e-01
-6.203222222222222193e-01
-6.213111111111112583e-01
-6.215555555555556388e-01
-6.224111111111111372e-01
-6.229222222222223770e-01
-6.238333333333333508e-01
-6.243444444444444796e-01
-6.249222222222221568e-01
-6.264555555555555433e-01
-6.269666666666666721e-01
-6.278666666666666840e-01
-6.283222222222222264e-01
-6.287444444444445502e-01
-6.294777777777778027e-01
-6.294999999999999485e-01
-6.288666666666666849e-01
-6.278555555555556111e-01
-6.263222222222222246e-01
-6.252666666666665263e-01
-6.245888888888889712e-01
-6.235000000000000542e-01
-6.228666666666666796e-01
-6.211888888888890126e-01
-6.198111111111112015e-01
-6.178777777777777480e-01
-6.174888888888888649e-01
-6.151888888888888962e-01
-6.140555555555555767e-01
-6.122888888888888825e-01
-6.097777777777777519e-01
-6.081777777777777061e-01
-6.058444444444444077e-01
-6.039222222222222491e-01
-6.021999999999999575e-01
-5.999222222222222456e-01
-5.984000000000000430e-01
-5.961111111111111471e-01
-5.949222222222221301e-01
-5.939999999999999725e-01
-5.930333333333333012e-01
-5.924888888888889538e-01
-5.924000000000000377e-01
-5.933777777777777818e-01
-5.941444444444443640e-01
-5.951666666666667327e-01
-5.963666666666667115e-01
-5.977555555555555955e-01
-5.992444444444444684e-01
-6.007222222222222685e-01
-6.026222222222221703e-01
-6.041222222222222271e-01
-6.059888888888889102e-01
-6.072000000000000730e-01
-6.082888888888888790e-01
-6.099222222222221435e-01
-6.115111111111111164e-01
-6.125333333333334851e-01
-6.134111111111111292e-01
-6.142444444444444818e-01
-6.149111111111111860e-01
-6.147666666666666835e-01
-6.156444444444445496e-01
-6.159888888888889191e-01
-6.153555555555555445e-01
-6.155555555555554115e-01
-6.141777777777777114e-01
-6.140222222222222470e-01
-6.124555555555555308e-01
-6.117666666666666808e-01
-6.111222222222223444e-01
-6.094111111111111256e-01
-6.075333333333333696e-01
-6.063333333333331687e-01
-6.041111111111110432e-01
-6.022333333333333982e-01
-6.001111111111110397e-01
-5.987999999999998879e-01
-5.965777777777776514e-01
-5.948777777777778386e-01
-5.932666666666666089e-01
-5.914888888888889529e-01
-5.898777777777777231e-01
-5.887888888888889172e-01
-5.883777777777777773e-01
-5.889999999999999680e-01
-5.891222222222221028e-01
-5.905111111111112088e-01
-5.919999999999999707e-01
-5.932888888888888657e-01
-5.955555555555555047e-01
-5.974444444444443336e-01
-5.989222222222222447e-01
-6.015555555555555101e-01
-6.035111111111109983e-01
-6.058777777777777374e-01
-6.072888888888889891e-01
-6.095555555555555172e-01
-6.120333333333333181e-01
-6.133555555555554317e-01
-6.157555555555555005e-01
-6.172333333333333005e-01
-6.194222222222223184e-01
-6.211777777777778287e-01
-6.225888888888887474e-01
-6.229555555555555957e-01
-6.218666666666665677e-01
-6.204555555555555379e-01
-6.185111111111110116e-01
-6.163333333333332886e-01
-6.145999999999999241e-01
-6.134333333333333860e-01
-6.110999999999999766e-01
-6.092666666666667341e-01
-6.075888888888889561e-01
-6.050999999999998602e-01
-6.030444444444443830e-01
-6.011888888888888838e-01
-5.984777777777777752e-01
-5.955777777777777615e-01
-5.934999999999999165e-01
-5.918555555555555792e-01
-5.891444444444444706e-01
-5.872888888888889714e-01
-5.853666666666668128e-01
-5.847999999999999865e-01
-5.841111111111111365e-01
-5.843000000000000416e-01
-5.853555555555556289e-01
-5.857888888888888035e-01
-5.879666666666665265e-01
-5.893222222222223028e-01
-5.900888888888888850e-01
-5.923111111111111216e-01
-5.940555555555555589e-01
-5.962444444444443548e-01
-5.980444444444444896e-01
-6.002888888888888719e-01
-6.012777777777777999e-01
-6.028555555555557000e-01
-6.056111111111111001e-01
-6.069999999999999840e-01
-6.084333333333332705e-01
-6.098111111111110816e-01
-6.115222222222223003e-01
-6.123888888888888715e-01
-6.135999999999999233e-01
-6.137111111111110962e-01
-6.133000000000000673e-01
-6.123333333333333961e-01
-6.107555555555554960e-01
-6.094555555555554172e-01
-6.084777777777777841e-01
-6.067111111111112010e-01
-6.049111111111111772e-01
-6.024777777777777787e-01
-6.001555555555556642e-01
-5.981999999999999540e-01
-5.958777777777778395e-01
-5.933555555555556360e-01
-5.911666666666666181e-01
-5.885555555555554985e-01
-5.864333333333333620e-01
-5.849444444444444891e-01
-5.820333333333331804e-01
-5.803333333333333677e-01
-5.796888888888889202e-01
-5.781666666666667176e-01
-5.782777777777776684e-01
-5.784666666666667956e-01
-5.801444444444443516e-01
-5.815777777777777491e-01
-5.830999999999999517e-01
-5.847333333333332162e-01
-5.870111111111112612e-01
-5.895555555555556104e-01
-5.912333333333332774e-01
-5.936777777777777487e-01
-5.957666666666665556e-01
-5.985444444444445455e-01
-5.997444444444445244e-01
-6.023555555555554220e-01
-6.043999999999999373e-01
-6.066777777777777603e-01
-6.083555555555554273e-01
-6.105222222222221884e-01
-6.111111111111111605e-01
-6.112222222222222223e-01
-6.104000000000000536e-01
-6.083111111111111358e-01
-6.052777777777778034e-01
-6.033111111111111313e-01
-6.010111111111109405e-01
-5.992333333333332845e-01
-5.965555555555555056e-01
-5.944666666666666988e-01
-5.912999999999999368e-01
-5.880888888888889943e-01
-5.860111111111111493e-01
-5.832444444444444542e-01
-5.800111111111111439e-01
-5.775111111111110862e-01
-5.749222222222222234e-01
-5.726333333333334386e-01
-5.702888888888888452e-01
-5.684666666666666757e-01
-5.664777777777777468e-01
-5.649666666666666170e-01
-5.645999999999999908e-01
-5.655888888888889188e-01
-5.670111111111110214e-01
-5.685777777777778486e-01
-5.697111111111110571e-01
-5.710666666666666114e-01
-5.727666666666667572e-01
-5.749777777777778098e-01
-5.764888888888887175e-01
-5.786555555555555896e-01
-5.809222222222222287e-01
-5.831777777777777949e-01
-5.849222222222221212e-01
-5.867777777777778425e-01
-5.896888888888889291e-01
-5.916111111111111986e-01
-5.934555555555554029e-01
-5.966777777777778624e-01
-5.985999999999999099e-01
-6.000000000000000888e-01
-6.013000000000000567e-01
-6.017888888888889287e-01
-6.010888888888890058e-01
-5.999111111111110617e-01
-5.980666666666666353e-01
-5.963333333333333819e-01
-5.950666666666666327e-01
-5.927999999999999936e-01
-5.909222222222222376e-01
-5.894555555555553994e-01
-5.869222222222222340e-01
-5.841777777777776848e-01
-5.819222222222222296e-01
-5.795111111111110880e-01
-5.760222222222223243e-01
-5.740222222222222115e-01
-5.712888888888889571e-01
-5.696777777777778384e-01
-5.676333333333333231e-01
-5.658666666666667400e-01
-5.639777777777778001e-01
-5.624777777777778542e-01
-5.611777777777778864e-01
-5.607555555555555626e-01
-5.614999999999999991e-01
-5.623777777777778653e-01
-5.638444444444443704e-01
-5.647222222222221255e-01
-5.662888888888889527e-01
-5.671888888888889646e-01
-5.693555555555556147e-01
-5.710000000000000631e-01
-5.729999999999999538e-01
-5.745000000000000107e-01
-5.761777777777777887e-01
-5.778888888888888964e-01
-5.803999999999999160e-01
-5.823888888888889559e-01
-5.839888888888888907e-01
-5.859666666666666357e-01
-5.875666666666666815e-01
-5.905555555555556113e-01
-5.934888888888889547e-01
-5.943000000000000504e-01
-5.958999999999999853e-01
-5.958444444444445098e-01
-5.945888888888888335e-01
-5.936555555555556030e-01
-5.923555555555555241e-01
-5.905444444444443164e-01
-5.891666666666667274e-01
-5.877111111111111841e-01
-5.854999999999999094e-01
-5.836444444444444102e-01
-5.817222222222223627e-01
-5.792555555555555236e-01
-5.773222222222220701e-01
-5.754111111111112065e-01
-5.725333333333333385e-01
-5.712666666666667004e-01
-5.693333333333333579e-01
-5.670777777777779027e-01
-5.656888888888889078e-01
-5.638999999999998458e-01
-5.625666666666666593e-01
-5.619666666666666144e-01
-5.615999999999999881e-01
-5.616888888888889042e-01
-5.627666666666667483e-01
-5.640333333333332755e-01
-5.652444444444443272e-01
-5.674333333333333451e-01
-5.697777777777778274e-01
-5.714555555555556055e-01
-5.734666666666666801e-01
-5.758888888888890056e-01
-5.778777777777777125e-01
-5.813222222222221847e-01
-5.833222222222222975e-01
-5.858555555555555738e-01
-5.881111111111111400e-01
-5.909444444444444944e-01
-5.929333333333333123e-01
-5.963888888888890794e-01
-5.984666666666665913e-01
-5.996000000000000218e-01
-6.004777777777777770e-01
-6.008333333333333304e-01
-5.997888888888889269e-01
-5.991777777777776981e-01
-5.972555555555554285e-01
-5.958444444444443988e-01
-5.941000000000000725e-01
-5.918222222222221385e-01
-5.906333333333333435e-01
-5.890111111111110409e-01
-5.868666666666667586e-01
-5.851555555555554289e-01
-5.827333333333333254e-01
-5.802888888888888541e-01
-5.785333333333333439e-01
-5.766666666666666607e-01
-5.746666666666667700e-01
-5.726555555555555843e-01
-5.708222222222222308e-01
-5.688333333333333020e-01
-5.665888888888888086e-01
-5.655777777777777349e-01
-5.636999999999999789e-01
-5.622555555555555085e-01
-5.614000000000000101e-01
-5.602222222222222880e-01
-5.602777777777778745e-01
-5.601888888888888474e-01
-5.610222222222223110e-01
-5.615222222222222559e-01
-5.623555555555554974e-01
-5.626000000000001000e-01
-5.641888888888888509e-01
-5.651000000000000467e-01
-5.664666666666665629e-01
-5.677666666666667528e-01
-5.692999999999999172e-01
-5.706999999999999851e-01
-5.722111111111112258e-01
-5.735777777777778530e-01
-5.747333333333333183e-01
-5.769000000000000794e-01
-5.781666666666667176e-01
-5.794555555555555015e-01
-5.809555555555554474e-01
-5.827333333333333254e-01
-5.840444444444443661e-01
-5.852222222222223103e-01
-5.857888888888889145e-01
-5.870555555555555527e-01
-5.877000000000000002e-01
-5.887333333333333307e-01
-5.892888888888889731e-01
-5.886555555555555985e-01
-5.886666666666665604e-01
-5.878888888888887942e-01
-5.866111111111111942e-01
-5.859666666666666357e-01
-5.844333333333333602e-01
-5.836888888888888127e-01
-5.819222222222222296e-01
-5.813444444444444414e-01
-5.797777777777777253e-01
-5.786000000000000032e-01
-5.775555555555554887e-01
-5.758444444444444921e-01
-5.745666666666665590e-01
-5.727444444444445004e-01
-5.709999999999999520e-01
-5.701444444444443427e-01
-5.690555555555555367e-01
-5.672444444444444400e-01
-5.657333333333334213e-01
-5.652777777777777679e-01
-5.644777777777778560e-01
-5.629555555555555424e-01
-5.619555555555555415e-01
-5.614222222222221559e-01
-5.606999999999999762e-01
-5.610222222222221999e-01
-5.612222222222222889e-01
-5.603444444444445338e-01
-5.607444444444443787e-01
-5.613222222222221669e-01
-5.617777777777778203e-01
-5.635333333333333306e-01
-5.640555555555555323e-01
-5.646888888888889069e-01
-5.652000000000000357e-01
-5.663222222222221713e-01
-5.673111111111110993e-01
-5.685444444444445189e-01
-5.697666666666667545e-01
-5.712666666666667004e-01
-5.718555555555554504e-01
-5.733888888888889479e-01
-5.743222222222221784e-01
-5.757333333333334302e-01
-5.763444444444444370e-01
-5.773444444444444379e-01
-5.781888888888888633e-01
-5.796555555555555905e-01
-5.801666666666664973e-01
-5.810333333333334016e-01
-5.814555555555556143e-01
-5.821555555555554262e-01
-5.826222222222221525e-01
-5.828666666666666440e-01
-5.830666666666667330e-01
-5.826111111111109686e-01
-5.831555555555555381e-01
-5.825444444444444203e-01
-5.827777777777777279e-01
-5.822333333333333805e-01
-5.817444444444443974e-01
-5.810888888888889880e-01
-5.806111111111110779e-01
-5.795555555555554905e-01
-5.793888888888889532e-01
-5.786000000000001142e-01
-5.769222222222221141e-01
-5.763000000000000345e-01
-5.757666666666667599e-01
-5.744333333333332403e-01
-5.736555555555554742e-01
-5.728111111111111597e-01
-5.712888888888888461e-01
-5.702222222222221859e-01
-5.692222222222222960e-01
-5.680222222222222062e-01
-5.671777777777777807e-01
-5.655222222222222594e-01
-5.652444444444444382e-01
-5.641222222222221916e-01
-5.630999999999999339e-01
-5.627555555555555644e-01
-5.619555555555555415e-01
-5.619111111111111390e-01
-5.616777777777778313e-01
-5.622333333333333627e-01
-5.627777777777778212e-01
-5.628666666666667373e-01
-5.634555555555554873e-01
-5.642555555555555102e-01
-5.647111111111111637e-01
-5.660222222222222044e-01
-5.662444444444445502e-01
-5.674888888888889316e-01
-5.680222222222223172e-01
-5.691666666666667096e-01
-5.707666666666666444e-01
-5.716111111111111809e-01
-5.733666666666666911e-01
-5.741999999999999327e-01
-5.750777777777777988e-01
-5.766222222222221472e-01
-5.779555555555554447e-01
-5.785000000000000142e-01
-5.803111111111109999e-01
-5.808666666666666423e-01
-5.824666666666666881e-01
-5.835777777777777509e-01
-5.847777777777777297e-01
-5.857444444444444009e-01
-5.869888888888888934e-01
-5.875888888888888273e-01
-5.885555555555554985e-01
-5.893888888888888511e-01
-5.899555555555555664e-01
-5.900111111111111528e-01
-5.892777777777777892e-01
-5.887888888888889172e-01
-5.881000000000000671e-01
-5.872777777777778985e-01
-5.858888888888889035e-01
-5.856000000000000094e-01
-5.842111111111111255e-01
-5.820666666666666211e-01
-5.809555555555555584e-01
-5.800222222222221058e-01
-5.784777777777777574e-01
-5.770444444444443599e-01
-5.754666666666666819e-01
-5.736111111111111827e-01
-5.718666666666666343e-01
-5.701111111111111240e-01
-5.683333333333333570e-01
-5.671000000000000485e-01
-5.649888888888887628e-01
-5.632222222222221797e-01
-5.616111111111110610e-01
-5.609444444444444677e-01
-5.592000000000001414e-01
-5.573222222222222744e-01
-5.565555555555555811e-01
-5.549111111111111327e-01
-5.537888888888888861e-01
-5.535999999999999810e-01
-5.531333333333333657e-01
-5.527333333333332988e-01
-5.530333333333333767e-01
-5.532888888888888301e-01
-5.546555555555554573e-01
-5.545333333333333226e-01
-5.554666666666666641e-01
-5.561111111111111116e-01
-5.573444444444444201e-01
-5.584555555555554829e-01
-5.588555555555555499e-01
-5.598111111111110372e-01
-5.612777777777777644e-01
-5.626111111111111729e-01
-5.632000000000000339e-01
-5.643222222222222806e-01
-5.655111111111111866e-01
-5.673444444444444290e-01
-5.683666666666665757e-01
-5.690666666666666096e-01
-5.704111111111109800e-01
-5.720222222222222097e-01
-5.730333333333335055e-01
-5.745222222222222674e-01
-5.756888888888889166e-01
-5.763888888888888395e-01
-5.776333333333333320e-01
-5.788555555555555676e-01
-5.802111111111111219e-01
-5.813000000000000389e-01
-5.830111111111110356e-01
-5.836000000000001187e-01
-5.843000000000000416e-01
-5.838888888888889017e-01
-5.840555555555555500e-01
-5.832333333333332703e-01
-5.827222222222222525e-01
-5.816222222222221516e-01
-5.806777777777777372e-01
-5.795111111111110880e-01
-5.783666666666668066e-01
-5.775000000000000133e-01
-5.768888888888888955e-01
-5.762222222222221912e-01
-5.752333333333332632e-01
-5.744000000000000217e-01
-5.734777777777777530e-01
-5.729222222222223326e-01
-5.723666666666665792e-01
-5.719777777777778072e-01
-5.704666666666666774e-01
-5.707666666666666444e-01
-5.697333333333333139e-01
-5.694222222222221630e-01
-5.691444444444444528e-01
-5.689555555555556587e-01
-5.685999999999999943e-01
-5.683555555555555028e-01
-5.680111111111111333e-01
-5.681111111111110112e-01
-5.679444444444443629e-01
-5.679666666666666197e-01
-5.676888888888889095e-01
-5.679111111111111443e-01
-5.682111111111112223e-01
-5.685555555555555918e-01
-5.687777777777777155e-01
-5.692222222222222960e-01
-5.696777777777778384e-01
-5.702000000000000401e-01
-5.700222222222222079e-01
-5.694111111111110901e-01
-5.704111111111109800e-01
-5.698111111111111571e-01
-5.707999999999999741e-01
-5.703111111111112130e-01
-5.713666666666666893e-01
-5.715111111111110809e-01
-5.715222222222221538e-01
-5.719444444444444775e-01
-5.721777777777776741e-01
-5.726111111111111818e-01
-5.731999999999999318e-01
-5.727777777777777191e-01
-5.735111111111111937e-01
-5.733222222222222886e-01
-5.735000000000000098e-01
-5.739000000000000767e-01
-5.747111111111110615e-01
-5.743111111111111056e-01
-5.741333333333333844e-01
-5.744777777777777539e-01
-5.747333333333333183e-01
-5.750666666666668370e-01
-5.754333333333333522e-01
-5.755111111111109734e-01
-5.757333333333333192e-01
-5.760222222222222133e-01
-5.755444444444444141e-01
-5.766999999999999904e-01
-5.767666666666666497e-01
-5.769444444444443709e-01
-5.771333333333333870e-01
-5.776111111111110752e-01
-5.780777777777778015e-01
-5.776222222222222591e-01
-5.782000000000000473e-01
-5.789111111111111541e-01
-5.787555555555554676e-01
-5.787555555555555786e-01
-5.790333333333332888e-01
-5.797222222222222499e-01
-5.788333333333333108e-01
-5.793777777777777693e-01
-5.791777777777777914e-01
-5.793666666666666965e-01
-5.791222222222223159e-01
-5.790111111111111430e-01
-5.788555555555556786e-01
-5.783444444444443278e-01
-5.783222222222222930e-01
-5.784333333333333549e-01
-5.782000000000001583e-01
-5.778666666666666396e-01
-5.776777777777777345e-01
-5.772999999999999243e-01
-5.779777777777777015e-01
-5.781999999999999362e-01
-5.782333333333333769e-01
-5.782666666666665956e-01
-5.783222222222221820e-01
-5.783444444444444388e-01
-5.777444444444443938e-01
-5.785333333333333439e-01
-5.786333333333333329e-01
-5.787777777777777244e-01
-5.784555555555555006e-01
-5.784888888888889413e-01
-5.783666666666665845e-01
-5.785111111111110871e-01
-5.786222222222222600e-01
-5.784888888888889413e-01
-5.784222222222221710e-01
-5.779555555555556667e-01
-5.783999999999999142e-01
-5.777333333333332099e-01
-5.784333333333333549e-01
-5.784666666666666845e-01
-5.784888888888889413e-01
-5.781555555555555337e-01
-5.788444444444444947e-01
-5.783777777777776574e-01
-5.784222222222221710e-01
-5.786999999999999922e-01
-5.785444444444444168e-01
-5.788666666666667515e-01
-5.788555555555555676e-01
-5.789777777777778134e-01
-5.783888888888887303e-01
-5.779888888888887744e-01
-5.786666666666666625e-01
-5.783888888888888413e-01
-5.777888888888889074e-01
-5.782333333333333769e-01
-5.779000000000000803e-01
-5.782888888888888523e-01
-5.783777777777777684e-01
-5.786111111111110761e-01
-5.781222222222222040e-01
-5.783222222222221820e-01
-5.790888888888887642e-01
-5.785222222222221600e-01
-5.784666666666666845e-01
-5.786999999999999922e-01
-5.781666666666667176e-01
-5.785555555555556007e-01
-5.787222222222223600e-01
-5.786999999999999922e-01
-5.777777777777778345e-01
-5.786444444444445168e-01
-5.782333333333332659e-01
-5.782777777777776684e-01
-5.782000000000000473e-01
-5.783888888888889523e-01
-5.784111111111112091e-01
-5.784666666666665735e-01
-5.784777777777778685e-01
-5.784333333333333549e-01
-5.787888888888886862e-01
-5.788333333333333108e-01
-5.788666666666666405e-01
-5.791555555555556456e-01
-5.785444444444445278e-01
-5.784888888888889413e-01
-5.786444444444445168e-01
-5.786555555555554786e-01
-5.785222222222221600e-01
-5.783555555555555117e-01
-5.787555555555555786e-01
-5.783444444444444388e-01
-5.784666666666665735e-01
-5.787666666666666515e-01
-5.787222222222221379e-01
-5.782222222222220820e-01
-5.787555555555555786e-01
-5.786111111111110761e-01
-5.786000000000000032e-01
-5.787888888888889083e-01
-5.784555555555557227e-01
-5.786333333333333329e-01
-5.785111111111110871e-01
-5.787666666666666515e-01
-5.782555555555555227e-01
-5.786000000000000032e-01
-5.782777777777776684e-01
-5.785777777777778574e-01
-5.785000000000000142e-01
-5.786888888888888083e-01
-5.783111111111111091e-01
-5.784111111111109871e-01
-5.788000000000000922e-01
-5.785000000000000142e-01
-5.784222222222221710e-01
-5.785666666666666735e-01
-5.789444444444442617e-01
-5.781999999999999362e-01
-5.784111111111109871e-01
-5.790333333333333998e-01
-5.783000000000000362e-01
-5.791777777777777914e-01
-5.784444444444444278e-01
-5.781888888888888633e-01
-5.778555555555555667e-01
-5.787666666666666515e-01
-5.786333333333333329e-01
-5.784111111111109871e-01
-5.781777777777777905e-01
-5.787444444444443947e-01
-5.787111111111111761e-01
-5.786999999999999922e-01
-5.786222222222222600e-01
-5.784888888888888303e-01
-5.789888888888888863e-01
-5.779444444444444828e-01
-5.782111111111111201e-01
-5.786111111111111871e-01
-5.783111111111112201e-01
-5.784444444444445388e-01
-5.778888888888888964e-01
-5.786777777777778464e-01
-5.790888888888888753e-01
-5.788222222222221269e-01
-5.787222222222223600e-01
-5.786111111111110761e-01
-5.786222222222221490e-01
-5.785000000000000142e-01
-5.787111111111111761e-01
-5.779000000000000803e-01
-5.785444444444444168e-01
-5.786111111111111871e-01
-5.780333333333333989e-01
-5.788111111111110541e-01
-5.787555555555554676e-01
-5.783444444444445498e-01
-5.784444444444444278e-01
-5.783111111111112201e-01
-5.783444444444444388e-01
-5.788111111111110541e-01
-5.782555555555555227e-01
-5.784555555555555006e-01
-5.785000000000000142e-01
-5.786000000000000032e-01
-5.786777777777777354e-01
-5.785555555555554896e-01
-5.782111111111111201e-01
-5.789111111111110430e-01
-5.783888888888888413e-01
-5.781777777777777905e-01
-5.781444444444444608e-01
-5.785000000000000142e-01
-5.786000000000000032e-01
-5.787999999999999812e-01
-5.778666666666667506e-01
-5.786888888888888083e-01
-5.780444444444445828e-01
-5.783000000000000362e-01
-5.788888888888887863e-01
-5.788444444444444947e-01
-5.783222222222222930e-01
-5.782999999999999252e-01
-5.782333333333333769e-01
-5.787888888888889083e-01
-5.783555555555556227e-01
-5.788444444444444947e-01
-5.784333333333332439e-01
-5.778111111111111642e-01
-5.786555555555555896e-01
-5.783444444444444388e-01
-5.783000000000000362e-01
-5.787666666666666515e-01
-5.787888888888889083e-01
-5.781999999999999362e-01
-5.783666666666665845e-01
-5.781333333333332769e-01
-5.785777777777778574e-01
-5.787999999999999812e-01
-5.784444444444445388e-01
-5.786000000000001142e-01
-5.785555555555556007e-01
-5.784555555555556117e-01
-5.785333333333333439e-01
-5.784222222222222820e-01
-5.786888888888889193e-01
-5.782111111111112312e-01
-5.788444444444444947e-01
-5.783444444444444388e-01
-5.787777777777777244e-01
-5.784666666666666845e-01
-5.780666666666666176e-01
-5.786555555555555896e-01
-5.784888888888888303e-01
-5.785333333333332329e-01
-5.784888888888889413e-01
-5.780888888888888744e-01
-5.784444444444445388e-01
-5.785000000000000142e-01
-5.787666666666666515e-01
-5.786333333333332218e-01
-5.780222222222222150e-01
-5.786555555555554786e-01
-5.787666666666666515e-01
-5.784555555555555006e-01
-5.786555555555555896e-01
-5.786444444444444057e-01
-5.783777777777777684e-01
-5.788444444444444947e-01
-5.787444444444445057e-01
-5.785777777777777464e-01
-5.788222222222221269e-01
-5.787222222222223600e-01
-5.786111111111110761e-01
-5.785222222222221600e-01
-5.781999999999999362e-01
-5.784666666666666845e-01
-5.782888888888888523e-01
-5.785444444444444168e-01
-5.783222222222222930e-01
-5.788999999999999702e-01
-5.792333333333332668e-01
-5.783777777777777684e-01
-5.782777777777776684e-01
-5.781666666666667176e-01
-5.783333333333333659e-01
-5.778333333333333099e-01
-5.786222222222223710e-01
-5.784111111111109871e-01
-5.787555555555555786e-01
-5.782333333333332659e-01
-5.782222222222221930e-01
-5.784444444444444278e-01
-5.789777777777778134e-01
-5.782777777777777795e-01
-5.786111111111110761e-01
-5.788222222222221269e-01
-5.782333333333333769e-01
-5.787888888888889083e-01
-5.791777777777777914e-01
-5.784888888888888303e-01
-5.782444444444443388e-01
-5.786666666666666625e-01
-5.788555555555555676e-01
-5.776999999999999913e-01
-5.787444444444445057e-01
-5.785444444444444168e-01
-5.788222222222222380e-01
-5.784222222222221710e-01
-5.785444444444444168e-01
-5.782222222222220820e-01
-5.783777777777777684e-01
-5.785555555555556007e-01
-5.783111111111112201e-01
-5.785444444444443057e-01
-5.783888888888888413e-01
-5.778555555555555667e-01
-5.785444444444444168e-01
-5.786666666666665515e-01
-5.780111111111110311e-01
-5.785000000000000142e-01
-5.781777777777779015e-01
-5.785666666666666735e-01
-5.786111111111109651e-01
-5.780555555555555447e-01
-5.780777777777779125e-01
-5.780333333333333989e-01
-5.788333333333333108e-01
-5.784222222222221710e-01
-5.784666666666666845e-01
-5.786666666666666625e-01
-5.782444444444444498e-01
-5.788999999999999702e-01
-5.786000000000000032e-01
-5.787666666666665405e-01
-5.787333333333333218e-01
-5.786999999999999922e-01
-5.788222222222221269e-01
-5.786444444444444057e-01
-5.783888888888888413e-01
-5.786999999999999922e-01
-5.783666666666665845e-01
-5.783666666666665845e-01
-5.790888888888888753e-01
-5.788666666666666405e-01
-5.785000000000000142e-01
-5.783333333333333659e-01
-5.785777777777777464e-01
-5.786444444444442947e-01
-5.790777777777776913e-01
-5.785111111111109761e-01
-5.785222222222222710e-01
-5.787333333333333218e-01
-5.784222222222221710e-01
-5.782000000000000473e-01
-5.785555555555554896e-01
-5.787555555555555786e-01
-5.784777777777778685e-01
-5.784777777777777574e-01
-5.783444444444445498e-01
-5.783999999999999142e-01
-5.786999999999999922e-01
-5.781333333333332769e-01
-5.784444444444444278e-01
-5.785111111111109761e-01
-5.786555555555553676e-01
-5.788111111111110541e-01
-5.781333333333332769e-01
-5.783888888888889523e-01
-5.781777777777777905e-01
-5.780999999999999472e-01
-5.787666666666666515e-01
-5.784111111111109871e-01
-5.784333333333333549e-01
-5.785777777777778574e-01
-5.787888888888887973e-01
-5.783111111111112201e-01
-5.785000000000000142e-01
-5.782888888888888523e-01
-5.786555555555554786e-01
-5.790555555555555456e-01
-5.781555555555555337e-01
-5.785000000000000142e-01
-5.784777777777778685e-01
-5.784222222222221710e-01
-5.788333333333333108e-01
-5.794000000000000261e-01
-5.786111111111110761e-01
-5.788000000000000922e-01
-5.783555555555556227e-01
-5.783000000000000362e-01
-5.783555555555555117e-01
-5.788555555555555676e-01
-5.784111111111109871e-01
-5.787222222222222490e-01
-5.784444444444444278e-01
-5.782888888888888523e-01
-5.783444444444443278e-01
-5.788666666666666405e-01
-5.783333333333332549e-01
-5.784000000000000252e-01
-5.786444444444444057e-01
-5.783111111111111091e-01
-5.783555555555556227e-01
-5.780111111111111422e-01
-5.785666666666666735e-01
-5.790888888888888753e-01
-5.789666666666666295e-01
-5.781999999999999362e-01
