1.976499999999999924e-01
2.176500000000000101e-01
2.376500000000000279e-01
2.576500000000000457e-01
2.776500000000000079e-01
2.976499999999999702e-01
3.176499999999999879e-01
3.376500000000000057e-01
3.605623333333334291e-01
3.809500000000000108e-01
4.009500000000000286e-01
4.209499999999999909e-01
4.409500000000000641e-01
4.609500000000000264e-01
4.809499999999999886e-01
5.009500000000000064e-01
5.209499999999999131e-01
5.409500000000000419e-01
5.609499999999999487e-01
5.809500000000000774e-01
6.009499999999999842e-01
6.209500000000001130e-01
6.409500000000000197e-01
6.609500000000000375e-01
6.809499999999999442e-01
7.009500000000000730e-01
7.209499999999998687e-01
7.409500000000001085e-01
7.609499999999999043e-01
7.809500000000001441e-01
8.009499999999998288e-01
8.238623333333332521e-01
8.442500000000000560e-01
8.642499999999998517e-01
8.842500000000000915e-01
9.042499999999998872e-01
9.242500000000001270e-01
9.442499999999998117e-01
9.642500000000000515e-01
9.842499999999998472e-01
1.004249999999999865e+00
1.024250000000000105e+00
1.044250000000000123e+00
1.064249999999999918e+00
1.084249999999999936e+00
1.104249999999999954e+00
1.124249999999999972e+00
1.144249999999999989e+00
1.164250000000000007e+00
1.184250000000000025e+00
1.204250000000000043e+00
1.224250000000000060e+00
1.244250000000000078e+00
1.264249999999999874e+00
1.287250444444444586e+00
1.307649999999999757e+00
1.327649999999999997e+00
1.347650000000000015e+00
1.367650000000000032e+00
1.387649999999999828e+00
1.407650000000000290e+00
1.427650000000000086e+00
1.447650000000000103e+00
1.467649999999999899e+00
1.487650000000000139e+00
1.507649999999999935e+00
1.527649999999999952e+00
1.547649999999999970e+00
1.567649999999999988e+00
1.587650000000000006e+00
1.607562000000000157e+00
1.627550000000000052e+00
1.647549999999999848e+00
1.667550000000000088e+00
1.687550000000000106e+00
1.707550000000000123e+00
1.727549999999999919e+00
1.750550444444444631e+00
1.770950000000000024e+00
1.790950000000000264e+00
1.810949999999999838e+00
1.830949999999999855e+00
1.850950000000000095e+00
1.870950000000000113e+00
1.890949999999999687e+00
1.910950000000000149e+00
1.930950000000000166e+00
1.950949999999999962e+00
1.970949999999999980e+00
1.990949999999999998e+00
2.010950000000000237e+00
2.030950000000000255e+00
2.050950000000000273e+00
2.070950000000000291e+00
2.090950000000000308e+00
2.110949999999999882e+00
2.130949999999999900e+00
2.150949999999999918e+00
2.170949999999999935e+00
2.190949999999999953e+00
2.210949999999999971e+00
2.233862333333333172e+00
2.254249999999999865e+00
2.274250000000000327e+00
2.294249999999999901e+00
2.314250000000000362e+00
2.334250000000000380e+00
2.354249999999999954e+00
2.374249999999999972e+00
2.394249999999999989e+00
2.414250000000000007e+00
2.434250000000000025e+00
2.454250000000000043e+00
2.474250000000000060e+00
2.494250000000000522e+00
2.514250000000000096e+00
2.534250000000000114e+00
2.554249999999999687e+00
2.574250000000000149e+00
2.594250000000000167e+00
2.614250000000000185e+00
2.634249999999999758e+00
2.654250000000000664e+00
2.674249999999999794e+00
2.697162333333332995e+00
2.717550000000000132e+00
2.737550000000000150e+00
2.757550000000000168e+00
2.777549999999999741e+00
2.797550000000000203e+00
2.817549999999999777e+00
2.837550000000000239e+00
2.857549999999999812e+00
2.877549999999999830e+00
2.897549999999999848e+00
2.917550000000000310e+00
2.937549999999999883e+00
2.957549999999999901e+00
2.977549999999999919e+00
2.997549999999999937e+00
3.017549999999999955e+00
3.037549999999999528e+00
3.057549999999999990e+00
3.077550000000000008e+00
3.097550000000000026e+00
3.117549999999999599e+00
3.137550000000000061e+00
3.160550444444444551e+00
3.180950000000000166e+00
3.200950000000000184e+00
3.220950000000000202e+00
3.240949999999999775e+00
3.260950000000000237e+00
3.280949999999999811e+00
3.300950000000000273e+00
3.320949999999999847e+00
3.340950000000000308e+00
3.360949999999999882e+00
3.380949999999999900e+00
3.400949999999999918e+00
3.420949999999999935e+00
3.440949999999999953e+00
3.460949999999999971e+00
3.480949999999999989e+00
3.500950000000000450e+00
3.520950000000000024e+00
3.540950000000000042e+00
3.560862000000000194e+00
3.580938000000000176e+00
3.600862000000000229e+00
3.623850555555556241e+00
3.644249999999999545e+00
3.664250000000000451e+00
3.684250000000000469e+00
3.704250000000000043e+00
3.724250000000000060e+00
3.744250000000000078e+00
3.764249999999999208e+00
3.784250000000000114e+00
3.804250000000000131e+00
3.824250000000000149e+00
3.844250000000000167e+00
3.864250000000000629e+00
3.884249999999999758e+00
3.904249999999999776e+00
3.924249999999999794e+00
3.944249999999999812e+00
3.964249999999999829e+00
3.984249999999999847e+00
4.004250000000000753e+00
4.024249999999999439e+00
4.044250000000000789e+00
4.064249999999999474e+00
4.084250000000000824e+00
4.107162333333332249e+00
4.127549999999999386e+00
4.147549999999999848e+00
4.167550000000001198e+00
4.187549999999998995e+00
4.207550000000000345e+00
4.227549999999999919e+00
4.247550000000000381e+00
4.267549999999999955e+00
4.287550000000000416e+00
4.307549999999999990e+00
4.327549999999999564e+00
4.347550000000000914e+00
4.367549999999998711e+00
4.387550000000000061e+00
4.407549999999999635e+00
4.427550000000000097e+00
4.447550000000000558e+00
4.467550000000000132e+00
4.487550000000000594e+00
4.507549999999999280e+00
4.527550000000000630e+00
4.547549999999999315e+00
4.570462333333333405e+00
4.590850000000000541e+00
4.610849999999999227e+00
4.630849999999999689e+00
4.650850000000000151e+00
4.670849999999999724e+00
4.690850000000000186e+00
4.710849999999999760e+00
4.730850000000000222e+00
4.750849999999999795e+00
4.770850000000000257e+00
4.790849999999999831e+00
4.810849999999999405e+00
4.830850000000000755e+00
4.850849999999999440e+00
4.870850000000000790e+00
4.890850000000000364e+00
4.910849999999999937e+00
4.930850000000000399e+00
4.950849999999999973e+00
4.970850000000000435e+00
4.990849999999999120e+00
5.010849999999999582e+00
5.033850555555555495e+00
5.054250000000000576e+00
5.074250000000000149e+00
5.094249999999999723e+00
5.114250000000000185e+00
5.134249999999998870e+00
5.154250000000000220e+00
5.174249999999999794e+00
5.194250000000000256e+00
5.214250000000000718e+00
5.234250000000000291e+00
5.254249999999999865e+00
5.274249999999999439e+00
5.294249999999999901e+00
5.314249999999999474e+00
5.334250000000000824e+00
5.354250000000000398e+00
5.374249999999999972e+00
5.394249999999999545e+00
5.414249999999999119e+00
5.434250000000000469e+00
5.454250000000000043e+00
5.474250000000000504e+00
5.497162333333332818e+00
5.517549999999999955e+00
5.537549999999999528e+00
5.557549999999999990e+00
5.577549999999999564e+00
5.597550000000000914e+00
5.617549999999998711e+00
5.637550000000000061e+00
5.657550000000000523e+00
5.677550000000000097e+00
5.697550000000000558e+00
5.717549999999999244e+00
5.737550000000000594e+00
5.757549999999999280e+00
5.777550000000000630e+00
5.797549999999999315e+00
5.817548999999999637e+00
5.837548999999999211e+00
5.857549999999999812e+00
5.877550000000001162e+00
5.897549999999998960e+00
5.917550000000000310e+00
5.937549999999999883e+00
5.960462333333333973e+00
5.980850000000000222e+00
6.000849999999999795e+00
6.020849999999999369e+00
6.040850000000000719e+00
6.060849999999999405e+00
6.080850000000000755e+00
6.100850000000000328e+00
6.120850000000000790e+00
6.140850000000000364e+00
6.160849999999999937e+00
6.180850000000000399e+00
6.200846999999999554e+00
6.220850000000000435e+00
6.240847999999999729e+00
6.260850000000000470e+00
6.280850000000000044e+00
6.300848999999999478e+00
6.320850000000000080e+00
6.340849999999999653e+00
6.360850000000001003e+00
6.380849999999999689e+00
6.400850000000001039e+00
6.420849999999999724e+00
6.443762111111110080e+00
6.464150000000000063e+00
6.484149999999999636e+00
6.504150000000000098e+00
6.524150000000000560e+00
6.544150000000000134e+00
6.564150000000000595e+00
6.584149999999998393e+00
6.604150000000000631e+00
6.624149999999999316e+00
6.644149999999999778e+00
6.664150000000000240e+00
6.684149999999999814e+00
6.704150000000001164e+00
6.724149999999998961e+00
6.744150000000000311e+00
6.764149999999999885e+00
6.784150000000000347e+00
6.804149999999999920e+00
6.824150000000000382e+00
6.844150000000000844e+00
6.864149999999999530e+00
6.884150000000000880e+00
6.907150555555555904e+00
6.927550000000000097e+00
6.947550000000000558e+00
6.967550000000000132e+00
6.987550000000000594e+00
7.007549999999999280e+00
7.027550000000000630e+00
7.047549999999999315e+00
7.067550000000000665e+00
7.087550000000000239e+00
7.107549999999999812e+00
7.127550000000001162e+00
7.147549999999999848e+00
7.167549999999999422e+00
7.187549999999999883e+00
7.207549999999999457e+00
7.227549999999999919e+00
7.247549999999999493e+00
7.267549999999999955e+00
7.287550000000000416e+00
7.307549999999999990e+00
7.327550000000000452e+00
7.347550000000000026e+00
7.370462111111111270e+00
7.390850000000000364e+00
7.410849999999999937e+00
7.430850000000000399e+00
7.450849999999999085e+00
7.470850000000000435e+00
7.490849999999999120e+00
7.510850000000000470e+00
7.530850000000000932e+00
7.550850000000000506e+00
7.570850000000000968e+00
7.590849999999999653e+00
7.610850000000001003e+00
7.630849999999999689e+00
7.650850000000001039e+00
7.670849999999999724e+00
7.690849999999999298e+00
7.710849999999999760e+00
7.730849999999999334e+00
7.750849999999999795e+00
7.770850000000000257e+00
7.790849999999999831e+00
7.810850000000000293e+00
7.833762333333333494e+00
7.854149999999999743e+00
7.874150000000000205e+00
7.894149999999999778e+00
7.914150000000000240e+00
7.934150000000000702e+00
7.954150000000000276e+00
7.974149999999998961e+00
7.994150000000000311e+00
8.014149999999998997e+00
8.034150000000000347e+00
8.054149999999999920e+00
8.074149999999999494e+00
8.094150000000000844e+00
8.114150000000000418e+00
8.134149999999998215e+00
8.154149999999999565e+00
8.174150000000000915e+00
8.194150000000000489e+00
8.214149999999998286e+00
8.234150000000001413e+00
8.254150000000000986e+00
8.274149999999998784e+00
8.294150000000000134e+00
8.317062333333332447e+00
8.337449999999998695e+00
8.357450000000001822e+00
8.377450000000001396e+00
8.397449999999999193e+00
8.417449999999998766e+00
8.437450000000000117e+00
8.457450000000001467e+00
8.477449999999999264e+00
8.497449999999998838e+00
8.517450000000000188e+00
8.537449999999999761e+00
8.557449999999997559e+00
8.577450000000000685e+00
8.597450000000000259e+00
8.617449999999999832e+00
8.637449999999999406e+00
8.657450000000000756e+00
8.677450000000000330e+00
8.697449999999999903e+00
8.717450000000001253e+00
8.737450000000000827e+00
8.757449999999998624e+00
8.780450444444445779e+00
8.800850000000000506e+00
8.820850000000000080e+00
8.840849999999997877e+00
8.860850000000001003e+00
8.880850000000000577e+00
8.900849999999998374e+00
8.920849999999999724e+00
8.940850000000001074e+00
8.960850000000000648e+00
8.980850000000000222e+00
9.000850000000001572e+00
9.020850000000001145e+00
9.040849999999998943e+00
9.060850000000000293e+00
9.080849999999999866e+00
9.100850000000001216e+00
9.120849999999999014e+00
9.140850000000000364e+00
9.160849999999999937e+00
9.180849999999999511e+00
9.200849999999999085e+00
9.220850000000000435e+00
9.243762333333334524e+00
9.264149999999998997e+00
9.284150000000000347e+00
9.304149999999999920e+00
9.324149999999999494e+00
9.344150000000000844e+00
9.364150000000000418e+00
9.384149999999998215e+00
9.404149999999999565e+00
9.424150000000000915e+00
9.444150000000000489e+00
9.464149999999998286e+00
9.484150000000001413e+00
9.504150000000000986e+00
9.524149999999998784e+00
9.544150000000000134e+00
9.564150000000001484e+00
9.584150000000001057e+00
9.604149999999998855e+00
9.624149999999998428e+00
9.644149999999999778e+00
9.664149999999999352e+00
9.684150000000000702e+00
9.707062333333333015e+00
9.727449999999997488e+00
9.747449999999998838e+00
9.767450000000000188e+00
9.787449999999999761e+00
9.807449999999997559e+00
9.827450000000000685e+00
9.847450000000000259e+00
9.867449999999999832e+00
9.887449999999999406e+00
9.907450000000000756e+00
9.927450000000000330e+00
9.947449999999999903e+00
9.967450000000001253e+00
9.987450000000000827e+00
1.000744999999999862e+01
1.002744999999999997e+01
1.004745000000000132e+01
1.006745000000000090e+01
1.008744999999999870e+01
1.010745000000000182e+01
1.012745000000000140e+01
1.014744999999999919e+01
1.016744999999999877e+01
1.019036233333333286e+01
1.021074999999999910e+01
1.023074999999999868e+01
1.025075000000000003e+01
1.027074999999999960e+01
1.029074999999999918e+01
1.031075000000000053e+01
1.033075000000000188e+01
1.035074999999999790e+01
1.037074999999999925e+01
1.039075000000000060e+01
1.041075000000000017e+01
1.043074999999999797e+01
1.045075000000000109e+01
1.047075000000000067e+01
1.049074999999999847e+01
1.051074999999999982e+01
1.053075000000000117e+01
1.055075000000000074e+01
1.057075000000000031e+01
1.059075000000000166e+01
1.061075000000000124e+01
1.063074999999999903e+01
1.065375044444444441e+01
1.067415000000000092e+01
1.069415000000000049e+01
1.071414999999999829e+01
1.073415000000000141e+01
1.075415000000000099e+01
1.077414999999999878e+01
1.079415000000000013e+01
1.081414999999999971e+01
1.083415000000000106e+01
1.085414999999999885e+01
1.087414999999999843e+01
1.089415000000000155e+01
1.091414999999999935e+01
1.093415000000000070e+01
1.095415000000000205e+01
1.097415000000000163e+01
1.099414999999999765e+01
1.101414999999999900e+01
1.103415000000000035e+01
1.105414999999999992e+01
1.107414999999999949e+01
1.109415000000000084e+01
1.111706233333333316e+01
1.113744999999999941e+01
1.115744999999999898e+01
1.117745000000000033e+01
1.119744999999999990e+01
1.121744900000000023e+01
1.123745000000000083e+01
1.125744999999999862e+01
1.127744999999999997e+01
1.129745000000000132e+01
1.131745000000000090e+01
1.133744999999999870e+01
1.135745000000000182e+01
1.137745000000000140e+01
1.139744999999999919e+01
1.141744999999999877e+01
1.143745000000000012e+01
1.145745000000000147e+01
1.147744999999999749e+01
1.149744999999999884e+01
1.151745000000000019e+01
1.153744999999999976e+01
1.155744999999999756e+01
1.158036211111111058e+01
1.160074999999999790e+01
1.162074999999999925e+01
1.164075000000000060e+01
1.166075000000000017e+01
1.168074999999999797e+01
1.170075000000000109e+01
1.172075000000000067e+01
1.174074999999999847e+01
1.176074999999999982e+01
1.178074999999999939e+01
1.180075000000000074e+01
1.182075000000000031e+01
1.184075000000000166e+01
1.186075000000000124e+01
1.188074999999999903e+01
1.190075000000000038e+01
1.192075000000000173e+01
1.194075000000000131e+01
1.196074999999999910e+01
1.198074999999999868e+01
1.200075000000000003e+01
1.202074999999999960e+01
1.204366233333333369e+01
1.206405000000000172e+01
1.208404999999999774e+01
1.210404999999999909e+01
1.212405000000000044e+01
1.214405000000000001e+01
1.216404999999999959e+01
1.218405000000000094e+01
1.220405000000000051e+01
1.222404999999999831e+01
1.224404999999999966e+01
1.226405000000000101e+01
1.228405000000000058e+01
1.230404999999999838e+01
1.232405000000000150e+01
1.234405000000000108e+01
1.236404999999999887e+01
1.238405000000000022e+01
1.240404999999999980e+01
1.242405000000000115e+01
1.244404999999999895e+01
1.246404999999999852e+01
1.248404999999999987e+01
1.250404999999999944e+01
1.252705044444444482e+01
1.254745000000000132e+01
1.256745000000000090e+01
1.258744999999999870e+01
1.260745000000000182e+01
1.262745000000000140e+01
1.264744999999999919e+01
1.266744999999999877e+01
1.268745000000000012e+01
1.270745000000000147e+01
1.272744999999999749e+01
1.274744999999999884e+01
1.276745000000000019e+01
1.278744999999999976e+01
1.280744999999999756e+01
1.282745000000000068e+01
1.284745000000000026e+01
1.286744999999999806e+01
1.288744999999999941e+01
1.290744999999999898e+01
1.292745000000000033e+01
1.294744999999999990e+01
1.296745000000000125e+01
1.299036233333333357e+01
1.301074999999999982e+01
1.303074999999999939e+01
1.305075000000000074e+01
1.307075000000000031e+01
1.309075000000000166e+01
1.311075000000000124e+01
1.313074999999999903e+01
1.315074999999999683e+01
1.317075000000000173e+01
1.319075000000000131e+01
1.321074999999999910e+01
1.323074899999999943e+01
1.325075000000000003e+01
1.327074999999999960e+01
1.329074999999999918e+01
1.331074799999999847e+01
1.333075000000000010e+01
1.335074999999999790e+01
1.337074999999999925e+01
1.339075000000000060e+01
1.341075000000000017e+01
1.343074999999999797e+01
1.345366233333333383e+01
1.347404999999999831e+01
1.349404999999999966e+01
1.351405000000000101e+01
1.353405000000000058e+01
1.355404999999999838e+01
1.357404999999999795e+01
1.359405000000000108e+01
1.361404999999999887e+01
1.363404799999999994e+01
1.365404899999999877e+01
1.367404900000000012e+01
1.369404999999999895e+01
1.371404899999999749e+01
1.373404799999999959e+01
1.375404900000000019e+01
1.377404800000000051e+01
1.379404899999999934e+01
1.381404899999999891e+01
1.383404900000000026e+01
1.385404999999999909e+01
1.387405000000000044e+01
1.389405000000000001e+01
1.391696233333333410e+01
1.393735000000000035e+01
1.395734999999999815e+01
1.397734999999999950e+01
1.399734999999999907e+01
1.401735000000000042e+01
1.403734999999999999e+01
1.405735000000000134e+01
1.407735000000000092e+01
1.409734999999999872e+01
1.411735000000000007e+01
1.413735000000000142e+01
1.415735000000000099e+01
1.417734999999999879e+01
1.419734999999999836e+01
1.421735000000000149e+01
1.423735000000000106e+01
1.425734999999999886e+01
1.427735000000000021e+01
1.429735000000000156e+01
1.431735000000000113e+01
1.433734999999999893e+01
1.435735000000000028e+01
1.437734999999999985e+01
1.440035044444444345e+01
1.442075000000000173e+01
1.444075000000000131e+01
1.446074999999999910e+01
1.448074999999999690e+01
1.450075000000000180e+01
1.452075000000000138e+01
1.454074999999999918e+01
1.456075000000000053e+01
1.458075000000000188e+01
1.460074999999999790e+01
1.462074999999999925e+01
1.464075000000000060e+01
1.466075000000000017e+01
1.468074999999999797e+01
1.470074999999999932e+01
1.472075000000000067e+01
1.474075000000000024e+01
1.476074999999999804e+01
1.478074999999999939e+01
1.480075000000000074e+01
1.482075000000000031e+01
1.484075000000000166e+01
1.486366188888888829e+01
1.488404999999999845e+01
1.490404999999999980e+01
1.492405000000000115e+01
1.494405000000000072e+01
1.496404999999999852e+01
1.498404999999999987e+01
1.500404999999999944e+01
1.502404999999999724e+01
1.504405000000000214e+01
1.506404999999999994e+01
1.508404999999999951e+01
1.510404999999999731e+01
1.512404999999999866e+01
1.514405000000000179e+01
1.516404999999999959e+01
1.518405000000000094e+01
1.520405000000000229e+01
1.522404999999999831e+01
1.524404999999999966e+01
1.526405000000000101e+01
1.528405000000000058e+01
1.530404999999999838e+01
1.532696188888888855e+01
1.534734999999999872e+01
1.536735000000000007e+01
1.538735000000000142e+01
1.540735000000000099e+01
1.542734999999999879e+01
1.544734999999999658e+01
1.546735000000000149e+01
1.548735000000000106e+01
1.550734999999999886e+01
1.552735000000000021e+01
1.554735000000000156e+01
1.556735000000000113e+01
1.558734999999999893e+01
1.560735000000000028e+01
1.562734999999999985e+01
1.564734999999999765e+01
1.566734999999999900e+01
1.568735000000000035e+01
1.570734999999999992e+01
1.572734999999999772e+01
1.574734999999999907e+01
1.576735000000000042e+01
1.579026233333333629e+01
1.581065000000000076e+01
1.583065000000000033e+01
1.585064999999999813e+01
1.587064999999999948e+01
1.589065000000000083e+01
1.591065000000000040e+01
1.593065000000000175e+01
1.595065000000000310e+01
1.597064999999999912e+01
1.599064999999999692e+01
1.601064999999999827e+01
1.603065000000000140e+01
1.605065000000000097e+01
1.607064999999999699e+01
1.609065000000000012e+01
1.611065000000000325e+01
1.613064999999999927e+01
1.615064999999999884e+01
1.617064999999999841e+01
1.619064999999999799e+01
1.621065000000000111e+01
1.623065000000000069e+01
1.625065000000000026e+01
1.627365044444444209e+01
1.629404999999999859e+01
1.631405000000000172e+01
1.633405000000000129e+01
1.635404999999999731e+01
1.637404899999999941e+01
1.639404799999999796e+01
1.641404700000000005e+01
1.643404700000000318e+01
1.645404599999999817e+01
1.647404699999999877e+01
1.649404699999999835e+01
1.651404699999999792e+01
1.653404799999999852e+01
1.655404900000000268e+01
1.657404899999999870e+01
1.659404800000000080e+01
1.661404899999999785e+01
1.663404999999999845e+01
1.665404999999999802e+01
1.667405000000000115e+01
1.669404899999999969e+01
1.671405000000000030e+01
1.673696166666666585e+01
1.675734999999999886e+01
1.677734999999999843e+01
1.679735000000000156e+01
1.681734999999999758e+01
1.683735000000000070e+01
1.685734999999999673e+01
1.687734999999999985e+01
1.689735000000000298e+01
1.691734999999999900e+01
1.693734999999999857e+01
1.695735000000000170e+01
1.697734999999999772e+01
1.699734999999999729e+01
1.701735000000000397e+01
1.703734999999999999e+01
1.705734999999999957e+01
1.707734999999999914e+01
1.709734999999999872e+01
1.711735000000000184e+01
1.713734999999999786e+01
1.715735000000000099e+01
1.717735000000000056e+01
1.720026233333333110e+01
1.722064999999999912e+01
1.724065000000000225e+01
1.726064999999999827e+01
1.728065000000000140e+01
1.730065000000000097e+01
1.732064999999999699e+01
1.734065000000000012e+01
1.736065000000000325e+01
1.738064999999999927e+01
1.740064999999999884e+01
1.742064999999999841e+01
1.744064999999999799e+01
1.746065000000000111e+01
1.748065000000000069e+01
1.750065000000000026e+01
1.752065000000000339e+01
1.754064899999999838e+01
1.756064999999999898e+01
1.758065000000000211e+01
1.760064999999999813e+01
1.762064999999999770e+01
1.764065000000000083e+01
1.766356233333333137e+01
1.768394999999999939e+01
1.770395000000000252e+01
1.772394999999999854e+01
1.774394999999999811e+01
1.776394999999999769e+01
1.778394999999999726e+01
1.780394900000000291e+01
1.782394899999999893e+01
1.784394899999999851e+01
1.786395000000000266e+01
1.788394999999999868e+01
1.790394999999999825e+01
1.792395000000000138e+01
1.794394999999999740e+01
1.796395000000000053e+01
1.798395000000000366e+01
1.800394999999999968e+01
1.802394999999999925e+01
1.804395000000000238e+01
1.806394999999999840e+01
1.808395000000000152e+01
1.810394900000000007e+01
1.812694644444444236e+01
1.814734800000000092e+01
1.816734899999999797e+01
1.818734899999999755e+01
1.820734900000000422e+01
1.822734999999999772e+01
1.824734999999999729e+01
1.826735000000000397e+01
1.828734999999999644e+01
1.830734999999999957e+01
1.832734999999999914e+01
1.834734999999999872e+01
1.836735000000000184e+01
1.838734999999999786e+01
1.840735000000000099e+01
1.842735000000000412e+01
1.844735000000000014e+01
1.846734999999999971e+01
1.848735000000000284e+01
1.850734999999999886e+01
1.852734999999999843e+01
1.854734999999999445e+01
1.856734999999999758e+01
1.858735000000000070e+01
1.861026233333333124e+01
1.863064999999999927e+01
1.865064999999999884e+01
1.867064999999999841e+01
1.869064999999999799e+01
1.871065000000000111e+01
1.873065000000000069e+01
1.875065000000000026e+01
1.877065000000000339e+01
1.879064999999999941e+01
1.881064999999999898e+01
1.883065000000000211e+01
1.885064999999999813e+01
1.887064999999999770e+01
1.889064999999999728e+01
1.891064999999999685e+01
1.893064999999999998e+01
1.895064999999999600e+01
1.897064999999999912e+01
1.899065000000000225e+01
1.901064999999999827e+01
1.903065000000000140e+01
1.905065000000000097e+01
1.907356233333333151e+01
1.909394999999999953e+01
1.911395000000000266e+01
1.913394999999999868e+01
1.915394999999999825e+01
1.917394900000000391e+01
1.919394999999999740e+01
1.921394899999999950e+01
1.923394899999999552e+01
1.925394899999999865e+01
1.927394900000000177e+01
1.929394899999999780e+01
1.931394999999999840e+01
1.933394900000000050e+01
1.935394900000000007e+01
1.937394899999999964e+01
1.939395000000000380e+01
1.941394999999999982e+01
1.943394999999999939e+01
1.945395000000000252e+01
1.947394999999999854e+01
1.949394999999999811e+01
1.951394999999999769e+01
1.953686188888888964e+01
1.955724999999999980e+01
1.957725000000000293e+01
1.959724999999999895e+01
1.961724999999999852e+01
1.963724999999999454e+01
1.965724999999999767e+01
1.967725000000000080e+01
1.969724999999999682e+01
1.971724999999999994e+01
1.973725000000000307e+01
1.975724999999999909e+01
1.977724999999999866e+01
1.979725000000000179e+01
1.981724999999999781e+01
1.983724999999999739e+01
1.985725000000000406e+01
1.987724999999999653e+01
1.989724999999999966e+01
1.991724999999999923e+01
1.993724999999999881e+01
1.995725000000000193e+01
1.997724999999999795e+01
2.000025055555555653e+01
2.002065000000000339e+01
2.004064999999999941e+01
2.006064999999999898e+01
2.008065000000000211e+01
2.010064999999999813e+01
2.012064999999999770e+01
2.014064999999999728e+01
2.016064999999999685e+01
2.018064999999999998e+01
2.020064999999999600e+01
2.022064999999999912e+01
2.024064900000000122e+01
2.026064899999999724e+01
2.028064900000000037e+01
2.030064799999999892e+01
2.032064899999999952e+01
2.034064899999999909e+01
2.036064899999999867e+01
2.038064899999999824e+01
2.040064900000000137e+01
2.042064900000000094e+01
2.044064900000000051e+01
2.046065000000000111e+01
2.048356111111111133e+01
2.050394999999999968e+01
2.052394999999999925e+01
2.054394999999999527e+01
2.056394999999999840e+01
2.058395000000000152e+01
2.060394999999999754e+01
2.062395000000000067e+01
2.064395000000000380e+01
2.066394999999999982e+01
2.068394999999999939e+01
2.070395000000000252e+01
2.072394999999999854e+01
2.074394999999999811e+01
2.076394999999999769e+01
2.078394999999999726e+01
2.080395000000000039e+01
2.082394999999999996e+01
2.084394999999999953e+01
2.086395000000000266e+01
2.088394999999999868e+01
2.090394999999999825e+01
2.092395000000000493e+01
2.094686233333333192e+01
2.096724999999999994e+01
2.098725000000000307e+01
2.100724999999999909e+01
2.102724999999999866e+01
2.104725000000000179e+01
2.106724999999999781e+01
2.108724999999999739e+01
2.110725000000000406e+01
2.112724999999999653e+01
2.114724999999999966e+01
2.116724899999999820e+01
2.118724999999999881e+01
2.120725000000000193e+01
2.122724999999999795e+01
2.124725000000000108e+01
2.126725000000000421e+01
2.128725000000000023e+01
2.130724899999999877e+01
2.132725000000000293e+01
2.134724899999999792e+01
2.136724900000000105e+01
2.138724899999999707e+01
2.141024844444444142e+01
2.143064800000000147e+01
2.145055899999999838e+01
2.147054699999999983e+01
2.149063800000000413e+01
2.151055799999999962e+01
2.153054799999999958e+01
2.155055000000000121e+01
2.157055000000000078e+01
2.159055000000000035e+01
2.161055000000000348e+01
2.163054999999999950e+01
2.165054999999999907e+01
2.167054999999999865e+01
2.169054999999999822e+01
2.171055000000000135e+01
2.173054999999999737e+01
2.175054999999999694e+01
2.177055000000000362e+01
2.179054999999999609e+01
2.181054999999999922e+01
2.183055000000000234e+01
2.185054999999999836e+01
2.187355044444444729e+01
2.189395000000000024e+01
2.191394999999999982e+01
2.193394999999999939e+01
2.195395000000000252e+01
2.197394999999999854e+01
2.199395000000000167e+01
2.201394900000000021e+01
2.203394999999999726e+01
2.205395000000000394e+01
2.207394999999999996e+01
2.209394999999999953e+01
2.211395000000000266e+01
2.213395400000000279e+01
2.215394999999999825e+01
2.217395000000000493e+01
2.219394999999999740e+01
2.221395000000000053e+01
2.223394999999999655e+01
2.225394999999999968e+01
2.227395000000000280e+01
2.229394999999999527e+01
2.231394999999999840e+01
2.233395000000000152e+01
2.235686233333333206e+01
2.237725000000000009e+01
2.239725299999999919e+01
2.241724999999999923e+01
2.243724999999999881e+01
2.245725000000000193e+01
2.247724999999999795e+01
2.249725000000000108e+01
2.251724899999999607e+01
2.253724899999999920e+01
2.255724700000000027e+01
2.257724699999999984e+01
2.259724800000000045e+01
2.261724900000000105e+01
2.263724899999999707e+01
2.265724900000000019e+01
2.267724899999999977e+01
2.269724899999999934e+01
2.271724999999999994e+01
2.273725000000000307e+01
2.275724999999999909e+01
2.277724999999999866e+01
2.279725000000000179e+01
2.282016155555555770e+01
2.284054899999999932e+01
2.286054899999999535e+01
2.288054899999999847e+01
2.290054900000000160e+01
2.292054899999999762e+01
2.294054899999999719e+01
2.296054800000000284e+01
2.298054799999999886e+01
2.300054899999999947e+01
2.302054800000000157e+01
2.304054799999999759e+01
2.306054899999999819e+01
2.308054799999999673e+01
2.310054899999999733e+01
2.312054999999999794e+01
2.314054899999999648e+01
2.316054999999999708e+01
2.318055000000000021e+01
2.320054999999999623e+01
2.322054999999999936e+01
2.324055000000000248e+01
2.326054900000000103e+01
2.328354966666667281e+01
2.330394900000000291e+01
2.332394799999999790e+01
2.334394899999999851e+01
2.336395000000000266e+01
2.338395899999999727e+01
2.340386200000000017e+01
2.342393800000000326e+01
2.344394999999999740e+01
2.346386199999999889e+01
2.348393799999999842e+01
2.350386199999999803e+01
2.352384999999999948e+01
2.354393800000000070e+01
2.356386199999999675e+01
2.358385000000000176e+01
2.360384999999999778e+01
2.362384999999999735e+01
2.364384699999999739e+01
2.366384799999999800e+01
2.368384899999999860e+01
2.370384900000000528e+01
2.372384899999999774e+01
2.374684955555555277e+01
2.376725000000000421e+01
2.378724899999999920e+01
2.380724999999999980e+01
2.382724999999999582e+01
2.384724899999999792e+01
2.386725000000000207e+01
2.388724999999999454e+01
2.390724799999999917e+01
2.392724699999999771e+01
2.394725099999999429e+01
2.396724999999999994e+01
2.398725000000000307e+01
2.400724999999999909e+01
2.402724999999999866e+01
2.404725000000000179e+01
2.406724999999999781e+01
2.408725000000000094e+01
2.410724999999999696e+01
2.412725000000000009e+01
2.414725000000000321e+01
2.416724999999999923e+01
2.418724999999999881e+01
2.420725000000000193e+01
2.423016233333333247e+01
2.425054999999999694e+01
2.427055000000000362e+01
2.429054999999999609e+01
2.431054800000000071e+01
2.433055000000000234e+01
2.435054999999999836e+01
2.437054999999999794e+01
2.439055000000000106e+01
2.441054999999999708e+01
2.443055000000000021e+01
2.445054999999999623e+01
2.447054999999999936e+01
2.449055000000000248e+01
2.451054999999999851e+01
2.453054999999999808e+01
2.455055000000000121e+01
2.457055000000000078e+01
2.459055000000000035e+01
2.461055000000000348e+01
2.463054999999999950e+01
2.465054999999999907e+01
2.467054999999999865e+01
2.469346233333333274e+01
2.471385000000000076e+01
2.473385000000000034e+01
2.475384999999999991e+01
2.477384999999999948e+01
2.479385000000000261e+01
2.481384999999999863e+01
2.483385000000000176e+01
2.485384999999999778e+01
2.487384999999999735e+01
2.489385000000000403e+01
2.491385000000000005e+01
2.493384999999999962e+01
2.495385000000000275e+01
2.497384999999999877e+01
2.499384999999999835e+01
2.501385000000000502e+01
2.503384999999999749e+01
2.505385000000000062e+01
2.507384999999999664e+01
2.509384999999999977e+01
2.511385000000000289e+01
2.513384999999999536e+01
2.515685055555555749e+01
2.517725000000000080e+01
2.519724999999999682e+01
2.521724999999999994e+01
2.523725000000000307e+01
2.525724999999999909e+01
2.527724999999999866e+01
2.529725000000000179e+01
2.531724999999999781e+01
2.533716199999999930e+01
2.535715000000000430e+01
2.537723799999999841e+01
2.539716199999999802e+01
2.541714899999999489e+01
2.543723500000000115e+01
2.545716499999999982e+01
2.547723599999999777e+01
2.549716000000000093e+01
2.551714899999999986e+01
2.553714999999999691e+01
2.555715000000000003e+01
2.557714900000000213e+01
2.559714999999999918e+01
2.562014988888888922e+01
2.564055000000000106e+01
2.566054899999999961e+01
2.568055000000000021e+01
2.570054899999999876e+01
2.572054899999999833e+01
2.574054699999999585e+01
2.576054599999999795e+01
2.578054999999999808e+01
2.580055000000000121e+01
2.582055000000000078e+01
2.584055000000000035e+01
2.586054999999999637e+01
2.588054999999999595e+01
2.590054999999999907e+01
2.592054899999999762e+01
2.594054999999999822e+01
2.596055000000000135e+01
2.598054999999999737e+01
2.600054999999999694e+01
2.602055000000000362e+01
2.604054899999999861e+01
2.606054999999999922e+01
2.608346233333332975e+01
2.610384999999999778e+01
2.612384999999999735e+01
2.614385000000000403e+01
2.616385000000000005e+01
2.618384999999999962e+01
2.620385000000000275e+01
2.622384999999999522e+01
2.624384999999999835e+01
2.626384999999999792e+01
2.628384999999999749e+01
2.630385000000000062e+01
2.632384999999999664e+01
2.634384999999999977e+01
2.636385000000000289e+01
2.638384999999999536e+01
2.640384999999999849e+01
2.642385000000000161e+01
2.644384999999999764e+01
2.646385000000000076e+01
2.648385000000000034e+01
2.650384999999999991e+01
2.652384999999999948e+01
2.654385000000000261e+01
2.656676233333333315e+01
2.658715000000000117e+01
2.660714999999999719e+01
2.662714999999999677e+01
2.664714999999999989e+01
2.666714999999999591e+01
2.668714999999999904e+01
2.670715000000000217e+01
2.672714999999999463e+01
2.674714999999999776e+01
2.676715000000000089e+01
2.678714999999999691e+01
2.680715000000000003e+01
2.682714999999999961e+01
2.684714999999999918e+01
2.686714999999999876e+01
2.688715000000000188e+01
2.690714999999999790e+01
2.692715000000000103e+01
2.694714999999999705e+01
2.696715000000000018e+01
2.698715000000000330e+01
2.700714999999999932e+01
2.703015055555555080e+01
2.705054899999999662e+01
2.707055000000000078e+01
2.709054899999999932e+01
2.711054799999999432e+01
2.713054799999999744e+01
2.715054800000000412e+01
2.717054899999999762e+01
2.719054899999999719e+01
2.721054900000000387e+01
2.723054799999999886e+01
2.725054899999999947e+01
2.727054900000000259e+01
2.729054899999999861e+01
2.731054700000000324e+01
2.733055000000000234e+01
2.735046199999999672e+01
2.737053799999999981e+01
2.739046200000000297e+01
2.741045000000000087e+01
2.743053800000000209e+01
2.745046200000000169e+01
2.747044999999999604e+01
2.749345055555555462e+01
2.751384999999999792e+01
2.753384999999999749e+01
2.755385000000000062e+01
2.757384999999999664e+01
2.759384999999999977e+01
2.761385000000000289e+01
2.763384999999999536e+01
2.765384999999999849e+01
2.767385000000000161e+01
2.769384999999999764e+01
2.771385000000000076e+01
2.773385000000000034e+01
2.775384999999999991e+01
2.777384999999999948e+01
2.779384899999999803e+01
2.781384999999999863e+01
2.783385000000000176e+01
2.785384999999999778e+01
2.787384999999999735e+01
2.789385000000000403e+01
2.791385000000000005e+01
2.793384899999999860e+01
2.795676166666666518e+01
2.797714999999999463e+01
2.799714999999999776e+01
2.801715000000000089e+01
2.803714999999999691e+01
2.805715000000000003e+01
2.807714999999999961e+01
2.809714999999999918e+01
2.811714999999999876e+01
2.813715000000000188e+01
2.815714999999999790e+01
2.817715000000000103e+01
2.819714999999999705e+01
2.821715000000000018e+01
2.823715000000000330e+01
2.825714999999999932e+01
2.827714999999999890e+01
2.829715000000000202e+01
2.831714999999999804e+01
2.833715000000000117e+01
2.835714999999999719e+01
2.837714999999999677e+01
2.839714999999999989e+01
2.841714999999999591e+01
2.844006233333333356e+01
2.846044999999999803e+01
2.848045000000000115e+01
2.850045000000000073e+01
2.852045000000000030e+01
2.854044999999999632e+01
2.856045000000000300e+01
2.858045000000000258e+01
2.860044999999999860e+01
2.862044999999999817e+01
2.864045000000000130e+01
2.866045000000000087e+01
2.868045000000000044e+01
2.870044999999999646e+01
2.872044999999999604e+01
2.874044999999999561e+01
2.876044999999999163e+01
2.878044999999999831e+01
2.880044999999999789e+01
2.882044999999999391e+01
2.884045000000000059e+01
2.886045000000000016e+01
2.888044999999999618e+01
2.890345055555555476e+01
2.892385000000000161e+01
2.894384999999999764e+01
2.896385000000000431e+01
2.898385000000000034e+01
2.900384999999999991e+01
2.902384999999999948e+01
2.904385000000000261e+01
2.906385000000000218e+01
2.908385000000000176e+01
2.910384999999999778e+01
2.912384999999999735e+01
2.914385000000000403e+01
2.916385000000000005e+01
2.918384999999999962e+01
2.920384899999999817e+01
2.922384999999999522e+01
2.924385000000000190e+01
2.926384999999999792e+01
2.928384999999999749e+01
2.930384999999999707e+01
2.932384999999999309e+01
2.934384999999999977e+01
2.936676233333332675e+01
2.938715000000000188e+01
2.940715000000000146e+01
2.942715000000000103e+01
2.944714999999999705e+01
2.946715000000000373e+01
2.948715000000000330e+01
2.950714999999999932e+01
2.952714999999999890e+01
2.954715000000000202e+01
2.956715000000000160e+01
2.958715000000000117e+01
2.960714999999999719e+01
2.962714999999999677e+01
2.964714999999999634e+01
2.966714999999999236e+01
2.968714999999999904e+01
2.970714999999999861e+01
2.972714999999999463e+01
2.974715000000000131e+01
2.976715000000000089e+01
2.978714999999999691e+01
2.980715000000000359e+01
2.983006233333333057e+01
2.985044999999999860e+01
2.987044999999999817e+01
2.989045000000000130e+01
2.991045000000000087e+01
2.993045000000000044e+01
2.995044999999999646e+01
2.997044999999999604e+01
2.999044999999999561e+01
3.001044999999999163e+01
3.003044999999999831e+01
3.005044999999999789e+01
3.007044999999999391e+01
3.009045000000000059e+01
3.011045000000000016e+01
3.013044999999999618e+01
3.015045000000000286e+01
3.017045000000000243e+01
3.019044999999999845e+01
3.021044999999999803e+01
3.023045000000000115e+01
3.025045000000000073e+01
3.027045000000000030e+01
3.029336233333333439e+01
3.031374999999999531e+01
3.033374999999999488e+01
3.035374999999999801e+01
3.037374999999999758e+01
3.039375000000000426e+01
3.041374999999999318e+01
3.043374999999999986e+01
3.045374999999999943e+01
3.047374999999999545e+01
3.049375000000000213e+01
3.051375000000000171e+01
3.053374999999999773e+01
3.055375000000000441e+01
3.057375000000000043e+01
3.059375000000000000e+01
3.061374999999999957e+01
3.063375000000000270e+01
3.065375000000000227e+01
3.067375000000000185e+01
3.069374999999999787e+01
3.071374999999999744e+01
3.073375000000000412e+01
3.075375000000000014e+01
3.077675055555555161e+01
3.079715000000000202e+01
3.081715000000000160e+01
3.083715000000000117e+01
3.085714999999999719e+01
3.087714999999999677e+01
3.089714999999999634e+01
3.091714999999999236e+01
3.093714999999999904e+01
3.095714999999999861e+01
3.097714999999999463e+01
3.099715000000000131e+01
3.101715000000000089e+01
3.103714999999999691e+01
3.105715000000000359e+01
3.107714999999999961e+01
3.109714999999999918e+01
3.111714999999999876e+01
3.113715000000000188e+01
3.115715000000000146e+01
3.117715000000000103e+01
3.119714999999999705e+01
3.121715000000000373e+01
3.124006233333333782e+01
3.126044999999999163e+01
3.128044999999999831e+01
3.130044999999999789e+01
3.132044999999999391e+01
3.134045000000000059e+01
3.136045000000000016e+01
3.138044999999999618e+01
3.140045000000000286e+01
3.142045000000000243e+01
3.144044999999999845e+01
3.146044999999999803e+01
3.148045000000000115e+01
3.150045000000000073e+01
3.152045000000000030e+01
3.154044999999999632e+01
3.156045000000000300e+01
3.158045000000000258e+01
3.160044999999999860e+01
3.162044999999999817e+01
3.164045000000000130e+01
3.166045000000000087e+01
3.168045000000000044e+01
3.170336233333332743e+01
3.172374999999999545e+01
3.174375000000000213e+01
3.176375000000000171e+01
3.178374999999999773e+01
3.180375000000000441e+01
3.182375000000000043e+01
3.184375000000000000e+01
3.186374999999999957e+01
3.188375000000000270e+01
3.190375000000000227e+01
3.192375000000000185e+01
3.194374999999999787e+01
3.196374999999999744e+01
3.198375000000000412e+01
3.200374999999999659e+01
3.202374999999999972e+01
3.204374999999998863e+01
3.206374999999999886e+01
3.208375000000000199e+01
3.210374999999999091e+01
3.212375000000000114e+01
3.214375000000000426e+01
3.216666233333333480e+01
3.218704999999999927e+01
3.220705000000000950e+01
3.222704999999999842e+01
3.224705000000000155e+01
3.226705000000000467e+01
3.228705000000000069e+01
3.230705000000000382e+01
3.232704999999999984e+01
3.234704999999999586e+01
3.236704999999999899e+01
3.238704999999998790e+01
3.240704999999999814e+01
3.242705000000000126e+01
3.244704999999999018e+01
3.246705000000000041e+01
3.248705000000000354e+01
3.250704999999999245e+01
3.252705000000000268e+01
3.254705000000000581e+01
3.256704999999999472e+01
3.258705000000000496e+01
3.260705000000000098e+01
3.262704999999999700e+01
3.265005055555555913e+01
3.267045000000000243e+01
3.269044999999999845e+01
3.271045000000000158e+01
3.273044999999999760e+01
3.275045000000000073e+01
3.277044999999999675e+01
3.279044999999999987e+01
3.281045000000000300e+01
3.283045000000000613e+01
3.285044999999999504e+01
3.287045000000000528e+01
3.289044999999999419e+01
3.291044999999999732e+01
3.293045000000000044e+01
3.295044999999998936e+01
3.297044999999999959e+01
3.299045000000000272e+01
3.301044999999999163e+01
3.303045000000000186e+01
3.305045000000000499e+01
3.307044999999999391e+01
3.309045000000000414e+01
3.311336233333332757e+01
3.313374999999999915e+01
3.315375000000000227e+01
3.317375000000000540e+01
3.319375000000000142e+01
3.321375000000000455e+01
3.323374999999999346e+01
3.325374999999999659e+01
3.327374999999999972e+01
3.329374999999998863e+01
3.331374999999999886e+01
3.333375000000000199e+01
3.335374999999999091e+01
3.337375000000000114e+01
3.339375000000000426e+01
3.341374999999999318e+01
3.343375000000000341e+01
3.345375000000000654e+01
3.347374999999999545e+01
3.349375000000000568e+01
3.351375000000000171e+01
3.353374999999999773e+01
3.355375000000000085e+01
3.357666233333333139e+01
3.359704999999999586e+01
3.361704999999999899e+01
3.363704999999998790e+01
3.365704999999999814e+01
3.367705000000000126e+01
3.369704999999999018e+01
3.371705000000000041e+01
3.373705000000000354e+01
3.375704999999999245e+01
3.377705000000000268e+01
3.379705000000000581e+01
3.381704999999999472e+01
3.383705000000000496e+01
3.385705000000000098e+01
3.387704999999999700e+01
3.389705000000000013e+01
3.391705000000000325e+01
3.393704999999999927e+01
3.395705000000000950e+01
3.397704999999999842e+01
3.399705000000000155e+01
3.401705000000000467e+01
3.403996233333333521e+01
3.406034999999999968e+01
3.408035000000000281e+01
3.410034999999999172e+01
3.412035000000000196e+01
3.414035000000000508e+01
3.416034999999999400e+01
3.418035000000000423e+01
3.420035000000000736e+01
3.422034999999999627e+01
3.424035000000000650e+01
3.426035000000000252e+01
3.428034999999999854e+01
3.430035000000000878e+01
3.432034999999999769e+01
3.434035000000000082e+01
3.436035000000000394e+01
3.438034999999999997e+01
3.440035000000000309e+01
3.442034999999999911e+01
3.444034999999999513e+01
3.446035000000000537e+01
3.448034999999999428e+01
3.450034999999999741e+01
3.452335055555554533e+01
3.454374999999998863e+01
3.456374999999999886e+01
3.458375000000000199e+01
3.460374999999999091e+01
3.462375000000000114e+01
3.464375000000000426e+01
3.466374999999999318e+01
3.468375000000000341e+01
3.470375000000000654e+01
3.472374999999999545e+01
3.474375000000000568e+01
3.476375000000000171e+01
3.478374999999999773e+01
3.480375000000000085e+01
3.482374999999999687e+01
3.484375000000000000e+01
3.486375000000001023e+01
3.488374999999999915e+01
3.490375000000000227e+01
3.492375000000000540e+01
3.494375000000000142e+01
3.496375000000000455e+01
3.498666233333333508e+01
3.500704999999999245e+01
3.502705000000000268e+01
3.504705000000000581e+01
3.506704999999999472e+01
3.508705000000000496e+01
3.510705000000000098e+01
3.512704999999999700e+01
3.514705000000000013e+01
3.516705000000000325e+01
3.518704999999999927e+01
3.520705000000000950e+01
3.522704999999999842e+01
3.524705000000000155e+01
3.526705000000000467e+01
3.528705000000000069e+01
3.530705000000000382e+01
3.532704999999999984e+01
3.534704999999999586e+01
3.536704999999999899e+01
3.538704999999998790e+01
3.540704999999999814e+01
3.542705000000000126e+01
3.544996233333333180e+01
3.547034999999999627e+01
3.549035000000000650e+01
3.551035000000000252e+01
3.553034999999999854e+01
3.555035000000000878e+01
3.557034999999999769e+01
3.559035000000000082e+01
3.561035000000000394e+01
3.563034999999999997e+01
3.565035000000000309e+01
3.567034999999999911e+01
3.569034999999999513e+01
3.571035000000000537e+01
3.573034999999999428e+01
3.575034999999999741e+01
3.577035000000000053e+01
3.579034999999998945e+01
3.581034999999999968e+01
3.583035000000000281e+01
3.585034999999999172e+01
3.587035000000000196e+01
3.589035000000000508e+01
3.591326233333333562e+01
3.593365000000000009e+01
3.595365000000000322e+01
3.597364999999999924e+01
3.599365000000000236e+01
3.601364999999999839e+01
3.603364999999999441e+01
3.605365000000000464e+01
3.607364999999999355e+01
3.609364999999999668e+01
3.611364999999999981e+01
3.613364999999998872e+01
3.615364999999999895e+01
3.617365000000000208e+01
3.619364999999999100e+01
3.621365000000000123e+01
3.623365000000000435e+01
3.625364999999999327e+01
3.627365000000000350e+01
3.629365000000000663e+01
3.631364999999999554e+01
3.633365000000000578e+01
3.635365000000000180e+01
3.637665044444444362e+01
3.639705000000000013e+01
3.641705000000000325e+01
3.643704999999999927e+01
3.645705000000000950e+01
3.647704999999999842e+01
3.649705000000000155e+01
3.651705000000000467e+01
3.653705000000000069e+01
3.655705000000000382e+01
3.657704999999999274e+01
3.659705000000000297e+01
3.661704999999999899e+01
3.663704999999998790e+01
3.665705000000000524e+01
3.667705000000000126e+01
3.669704999999999018e+01
3.671705000000000041e+01
3.673705000000000354e+01
3.675704999999999245e+01
3.677705000000000268e+01
3.679705000000000581e+01
3.681704999999999472e+01
3.683705000000000496e+01
3.685996233333332839e+01
3.688034999999999997e+01
3.690035000000000309e+01
3.692034999999999911e+01
3.694035000000000224e+01
3.696034999999999826e+01
3.698034999999998718e+01
3.700035000000000451e+01
3.702035000000000053e+01
3.704034999999998945e+01
3.706034999999999968e+01
3.708035000000000281e+01
3.710034999999999172e+01
3.712035000000000196e+01
3.714035000000000508e+01
3.716034999999999400e+01
3.718035000000000423e+01
3.720035000000000736e+01
3.722034999999999627e+01
3.724035000000000650e+01
3.726035000000000252e+01
3.728034999999999854e+01
3.730034999999999457e+01
3.732326233333333221e+01
3.734365000000000379e+01
3.736364999999999981e+01
3.738364999999998872e+01
3.740364999999999895e+01
3.742365000000000208e+01
3.744364999999999100e+01
3.746365000000000123e+01
3.748365000000000435e+01
3.750364999999999327e+01
3.752365000000000350e+01
3.754365000000000663e+01
3.756364999999999554e+01
3.758365000000000578e+01
3.760365000000000180e+01
3.762364999999999782e+01
3.764364999999999384e+01
3.766364999999999696e+01
3.768365000000000009e+01
3.770365000000000322e+01
3.772364999999999924e+01
3.774365000000000236e+01
3.776364999999999839e+01
3.778656233333333603e+01
3.780695000000000050e+01
3.782695000000000363e+01
3.784694999999999254e+01
3.786695000000000277e+01
3.788695000000000590e+01
3.790694999999999482e+01
3.792695000000000505e+01
3.794695000000000107e+01
3.796694999999999709e+01
3.798694999999999311e+01
3.800695000000000334e+01
3.802694999999999936e+01
3.804695000000000249e+01
3.806694999999999851e+01
3.808695000000000164e+01
3.810694999999999766e+01
3.812695000000000078e+01
3.814694999999999681e+01
3.816694999999999283e+01
3.818695000000000306e+01
3.820694999999999908e+01
3.822694999999998799e+01
3.824995044444445114e+01
3.827035000000000053e+01
3.829034999999998945e+01
3.831034999999999968e+01
3.833035000000000281e+01
3.835034999999999172e+01
3.837035000000000196e+01
3.839035000000000508e+01
3.841034999999999400e+01
3.843035000000000423e+01
3.845035000000000736e+01
3.847034999999999627e+01
3.849035000000000650e+01
3.851035000000000252e+01
3.853034999999999854e+01
3.855034999999999457e+01
3.857034999999999769e+01
3.859035000000000082e+01
3.861035000000000394e+01
3.863034999999999997e+01
3.865035000000000309e+01
3.867034999999999911e+01
3.869035000000000224e+01
3.871034999999999826e+01
3.873326233333333590e+01
3.875364999999999327e+01
3.877365000000000350e+01
3.879365000000000663e+01
3.881364999999999554e+01
3.883365000000000578e+01
3.885365000000000180e+01
3.887364999999999782e+01
3.889364999999999384e+01
3.891364999999999696e+01
3.893365000000000009e+01
3.895365000000000322e+01
3.897364999999999924e+01
3.899365000000000236e+01
3.901364999999999839e+01
3.903365000000000151e+01
3.905364999999999753e+01
3.907364999999998645e+01
3.909365000000000379e+01
3.911364999999999981e+01
3.913364999999998872e+01
3.915364999999999895e+01
3.917365000000000208e+01
3.919656233333333262e+01
3.921694999999999709e+01
3.923694999999999311e+01
3.925695000000000334e+01
3.927694999999999936e+01
3.929695000000000249e+01
3.931694999999999851e+01
3.933695000000000164e+01
3.935694999999999766e+01
3.937695000000000078e+01
3.939694999999999681e+01
3.941694999999999283e+01
3.943695000000000306e+01
3.945694999999999908e+01
3.947694999999998799e+01
3.949695000000000533e+01
3.951695000000000135e+01
3.953694999999999027e+01
3.955695000000000050e+01
3.957695000000000363e+01
3.959694999999999254e+01
3.961695000000000277e+01
3.963695000000000590e+01
3.965986233333333644e+01
3.968025000000000091e+01
3.970024999999999693e+01
3.972025000000000006e+01
3.974024999999999608e+01
3.976024999999999210e+01
3.978025000000000233e+01
3.980025000000000546e+01
3.982024999999998727e+01
3.984025000000000460e+01
3.986025000000000063e+01
3.988024999999998954e+01
3.990024999999999977e+01
3.992025000000000290e+01
3.994024999999999181e+01
3.996025000000000205e+01
3.998025000000000517e+01
4.000024999999999409e+01
4.002025000000000432e+01
4.004025000000000745e+01
4.006024999999999636e+01
4.008024999999999238e+01
4.010025000000000261e+01
4.012325044444443733e+01
4.014364999999999384e+01
4.016364999999999696e+01
4.018365000000000009e+01
4.020365000000000322e+01
4.022364999999999924e+01
4.024365000000000236e+01
4.026364999999999839e+01
4.028365000000000151e+01
4.030364999999999753e+01
4.032364999999998645e+01
4.034365000000000379e+01
4.036364999999999981e+01
4.038364999999998872e+01
4.040364999999999895e+01
4.042365000000000208e+01
4.044364999999999100e+01
4.046365000000000123e+01
4.048365000000000435e+01
4.050364999999999327e+01
4.052365000000000350e+01
4.054365000000000663e+01
4.056364999999999554e+01
4.058365000000000578e+01
4.060656233333332921e+01
4.062695000000000078e+01
4.064694999999999681e+01
4.066694999999999283e+01
4.068695000000000306e+01
4.070694999999999908e+01
4.072694999999998799e+01
4.074695000000000533e+01
4.076695000000000135e+01
4.078694999999999027e+01
4.080695000000000050e+01
4.082695000000000363e+01
4.084694999999999254e+01
4.086695000000000277e+01
4.088695000000000590e+01
4.090694999999999482e+01
4.092695000000000505e+01
4.094695000000000107e+01
4.096694999999999709e+01
4.098694999999999311e+01
4.100695000000000334e+01
4.102694999999999936e+01
4.104695000000000249e+01
4.106986233333333303e+01
4.109025000000000460e+01
4.111025000000000063e+01
4.113024999999998954e+01
4.115024999999999977e+01
4.117025000000000290e+01
4.119024999999999181e+01
4.121025000000000205e+01
4.123025000000000517e+01
4.125024999999999409e+01
4.127025000000000432e+01
4.129025000000000745e+01
4.131024999999999636e+01
4.133024999999999238e+01
4.135025000000000261e+01
4.137024999999999864e+01
4.139025000000000176e+01
4.141024999999999778e+01
4.143025000000000091e+01
4.145024999999999693e+01
4.147025000000000006e+01
4.149024999999999608e+01
4.151024999999999210e+01
4.153325044444444814e+01
4.155356199999999944e+01
4.157355000000000445e+01
4.159354999999999336e+01
4.161355000000000359e+01
4.163355000000000672e+01
4.165354999999999563e+01
4.167354999999999876e+01
4.169355000000000189e+01
4.171354999999999791e+01
4.173355000000000814e+01
4.175354999999999706e+01
4.177355000000000018e+01
4.179354999999999620e+01
4.181354999999999933e+01
4.183354999999999535e+01
4.185355000000000558e+01
4.187355000000000160e+01
4.189355000000000473e+01
4.191354999999998654e+01
4.193355000000000388e+01
4.195354999999999990e+01
4.197354999999998881e+01
4.199655044444445195e+01
4.201695000000000135e+01
4.203694999999999027e+01
4.205695000000000050e+01
4.207695000000000363e+01
4.209694999999999254e+01
4.211695000000000277e+01
4.213695000000000590e+01
4.215694999999999482e+01
4.217695000000000505e+01
4.219695000000000107e+01
4.221694999999999709e+01
4.223694999999999311e+01
4.225695000000000334e+01
4.227694999999999936e+01
4.229695000000000249e+01
4.231694999999999851e+01
4.233695000000000164e+01
4.235694999999999766e+01
4.237695000000000078e+01
4.239694999999999681e+01
4.241694999999999283e+01
4.243695000000000306e+01
4.245986233333332649e+01
4.248025000000000517e+01
4.250024999999999409e+01
4.252025000000000432e+01
4.254025000000000745e+01
4.256024999999999636e+01
4.258024999999999238e+01
