1.283988882555731070e-02
1.315167964612606877e-02
1.268569268891717172e-02
1.289748350948605182e-02
1.290927433005484293e-02
1.244328737284594588e-02
1.235507819341474800e-02
1.213353568065034249e-02
1.188178010787432903e-02
1.187028502940412622e-02
1.240429807219523006e-02
1.223831111498618895e-02
1.228343526888830972e-02
1.177300386723501013e-02
1.177368357669272836e-02
1.234102995281716186e-02
1.167504299560828684e-02
1.196461159395478813e-02
1.163195797007932075e-02
1.221041545731471611e-02
1.186665072232806484e-02
1.207844154289694494e-02
1.184578791902124451e-02
1.179091207292337629e-02
1.209159178238117249e-02
1.130338260295005171e-02
1.168184009018546909e-02
1.113807535519872882e-02
1.118319950910118266e-02
1.177276810744765090e-02
1.112900337246103266e-02
1.115502557746284040e-02
1.095464161010362147e-02
1.091087687511682613e-02
1.091155658457454436e-02
1.110112518292105666e-02
1.127958267015694016e-02
1.053581793516999987e-02
1.063649764462770708e-02
1.124828846519665415e-02
1.070452373020980286e-02
1.033853677300100582e-02
1.106143870468090373e-02
1.078434063636080076e-02
1.070724256804078678e-02
1.103014449972072875e-02
1.039749087584518339e-02
1.062039280752513637e-02
1.097662807253829698e-02
1.033286333755167874e-02
1.005576526923157576e-02
1.022311164535594230e-02
9.868235799258218144e-03
9.513359953160271942e-03
1.005025151068461575e-02
9.338723811572413602e-03
9.361625743252499632e-03
9.606749897154598372e-03
9.618540717723611522e-03
9.996998204959028911e-03
1.008656680330566324e-02
9.820579846096744170e-03
9.443481777776541186e-03
9.466383709456627216e-03
9.400396752247575094e-03
9.734409795038700963e-03
9.468422837829892913e-03
9.546880325065232320e-03
8.980893367856457310e-03
8.770461966203013660e-03
8.993605351605982179e-03
9.460984653237969333e-03
9.039442140473363807e-03
9.151232961042143899e-03
9.251912670500073155e-03
8.808147935513210847e-03
8.831049867193074832e-03
8.456830313606333860e-03
9.178635947827529229e-03
8.834871212840766930e-03
8.991106477854171608e-03
8.302897298422817762e-03
8.781354785658446183e-03
8.070923384005057599e-03
8.527158649018540260e-03
8.416727247365085596e-03
7.950740290156077528e-03
7.918086666280577113e-03
8.240988597960519080e-03
7.863890529640427118e-03
7.842348016875888561e-03
7.765249948555874582e-03
8.054818546902486887e-03
7.544387145249076276e-03
7.756177965817956377e-03
7.979079897497909357e-03
7.990870718066811484e-03
7.591550427524462741e-03
7.236674581426627562e-03
7.292909846439932231e-03
6.938034000342208074e-03
7.064056205343893780e-03
7.419227793540317251e-03
7.497685280775878702e-03
7.309476101344580812e-03
7.232378033024788877e-03
7.021946631371345227e-03
6.578181896384593941e-03
6.978861605842268112e-03
7.223985759744588897e-03
7.313554358091223229e-03
7.047567400882082111e-03
6.781580443673385084e-03
6.526704597575538891e-03
6.694050973699683382e-03
6.628064016490964327e-03
6.650965948170828312e-03
6.862756768739708413e-03
6.330103144864041020e-03
6.619671743210653325e-03
6.675907008223957995e-03
6.221031162126022807e-03
6.232821982695035956e-03
6.366835025486072830e-03
6.181746119376718696e-03
6.214695485350918425e-03
6.037597417030915459e-03
6.127166015377549790e-03
6.238956835946440904e-03
6.106303212070840480e-03
5.940316254861799372e-03
5.852107075430712513e-03
6.308342340443862106e-03
5.797910938790562518e-03
5.698590648248402779e-03
5.410381468817226924e-03
5.733283400497057869e-03
5.589518665510495588e-03
4.867976152745923102e-03
5.424211417759172704e-03
5.291557793883572280e-03
5.281126392230217625e-03
5.059583879465590073e-03
5.093596922256860005e-03
4.816498853936646007e-03
4.894956341172318481e-03
4.584524939518885844e-03
5.288083163709655921e-03
5.265444353486636864e-03
5.043901840722231356e-03
4.977914883513179234e-03
4.511927926304282188e-03
4.679274302428537702e-03
4.868842900775383065e-03
4.825078165788476703e-03
4.559091208579779675e-03
4.081993140259698727e-03
4.271561738606211023e-03
4.372241448064029257e-03
4.139587824188217802e-03
4.262489755868403840e-03
4.174280576437094936e-03
4.352738063672534352e-03
4.264528884241447493e-03
4.376319704810227584e-03
3.943666080934660201e-03
3.766568012614657235e-03
3.789711398017536759e-03
4.123515912593522792e-03
3.779959705821900329e-03
3.361328328432278134e-03
3.949800934186065149e-03
3.450480643643838441e-03
3.451160353101667688e-03
3.485173395892715575e-03
3.430297549794736334e-03
2.764310592585861315e-03
3.287212524265781255e-03
3.132336678167924049e-03
3.277460832070255847e-03
3.600362763750086792e-03
2.701042473207793115e-03
2.757277738221097785e-03
2.646846336567865166e-03
3.214192712692298670e-03
3.125983533260878744e-03
2.437774353829857965e-03
2.871787396620861799e-03
2.861355994967618166e-03
2.173146815536375343e-03
2.796048747216284269e-03
2.996728456673980467e-03
2.475185943909608000e-03
2.331421208922934696e-03
2.290776747257972090e-03
2.612615002121176921e-03
2.379961378245587511e-03
2.502863309925551505e-03
2.136876352716421401e-03
2.282000506618753199e-03
1.749346882743085807e-03
2.038915481089698112e-03
1.750706301658522257e-03
1.662497122227213353e-03
1.729843498351923969e-03
1.452745430031709972e-03
1.875647361711751948e-03
1.809660404502810849e-03
1.099229002849422265e-03
1.277686490084972704e-03
1.922810643987138413e-03
9.679347978891472692e-04
8.686145073469875300e-04
2.147071994582527843e-03
1.158862815151429082e-03
1.348431413497941378e-03
1.438000011844575710e-03
1.486244439068640233e-03
9.747493605983814646e-04
1.130984625611675121e-03
1.398331001736030643e-03
9.545662667492793574e-04
1.166357087318048436e-03
5.559256856648708833e-04
1.045494284011461161e-03
2.350628823579725690e-04
6.246314807046848827e-04
9.253111901622590452e-04
5.371020107312052261e-04
4.711150535223751490e-04
7.829058740911332137e-04
5.613633613266166833e-04
5.064875152287484639e-04
7.167224686521755928e-06
-5.032641769667778320e-04
9.741553249087431254e-05
7.203174641707832393e-04
1.654416180730811092e-04
3.883435497529230673e-04
2.235659254401500817e-05
-1.852993257533963600e-05
-7.450177126600010524e-05
-1.182665062525734001e-04
-5.398090190171789260e-04
-6.169070873374149500e-04
-6.162273778794746804e-04
-6.933254461995996820e-04
-6.037568478529653504e-04
-7.141882495064200143e-04
-5.690640956043102605e-04
-7.572732750353861064e-04
-6.121491211331653304e-04
-7.559138561197276118e-04
-1.088567479995417031e-03
-7.878877705376208240e-04
-7.205413944133542969e-04
-1.130972796066664898e-03
-1.163626419942165313e-03
-1.318502266040244564e-03
-1.795600334360103467e-03
-1.172698402680305563e-03
-1.394240915444822093e-03
-1.138005650431428428e-03
-1.067539000985107123e-03
-1.701256301677500637e-03
-1.011687703330932386e-03
-1.877674660539896401e-03
-1.332550506637941723e-03
-1.354093019402147213e-03
-1.475635532166674757e-03
-1.241622489375648897e-03
-9.520538910291476142e-04
-6.847075149047920917e-04
-4.062500276691416445e-04
-6.277925404336581749e-04
3.617760579129880583e-04
2.957891007041579812e-04
8.742465879395533435e-04
7.527040751751368219e-04
1.553386528424960389e-03
1.742955126771805752e-03
2.610298759103679700e-03
3.322089579672615756e-03
3.289435955797004318e-03
3.823448998587997139e-03
4.268573152490406919e-03
5.172373135269969779e-03
5.783100279021957668e-03
6.294891099590693706e-03
6.984459697937372979e-03
7.396250518506120031e-03
7.630263561297256913e-03
7.986498826310417520e-03
8.887178535768258669e-03
9.210080467448422681e-03
8.599649065794912062e-03
8.822550997474754020e-03
9.501008484710249391e-03
9.401696425544892044e-03
9.302367903625707868e-03
9.725275322890358787e-03
9.337060655874585002e-03
9.782184809776661716e-03
9.360645040804471684e-03
8.894655339803270166e-03
8.228668382594284125e-03
7.629348092052068431e-03
7.630027801509786656e-03
6.508485288745258224e-03
6.531387220425344253e-03
6.168521146269867472e-03
5.757025458067999146e-03
4.268816278636955452e-03
4.302829321427892317e-03
4.103509030885521547e-03
3.070855407010131266e-03
2.349312894245447758e-03
1.961103714814393939e-03
9.284500909386705914e-04
-3.753686627006036503e-05
-4.924127123679955531e-04
-1.236177447354713799e-03
-2.457719960119120195e-03
-2.623706917328272326e-03
-4.678582763425920277e-03
-5.389014165079308860e-03
-6.199445566732797452e-03
-7.165432523941639431e-03
-7.386975036706155961e-03
-8.064073105026103860e-03
-8.685615617790687359e-03
-8.973824797221863214e-03
-9.550922865541822127e-03
-1.080292050177233953e-02
-1.073667011824075423e-02
-1.188043485322753945e-02
-1.245753292154760938e-02
-1.293463098986780135e-02
-1.267839572485440769e-02
-1.347771601539649033e-02
-1.366592519482767720e-02
-1.378746770759231577e-02
-1.446456577591237469e-02
-1.416388606645468951e-02
-1.432987302366350857e-02
-1.487363775865024884e-02
-1.437295804919247466e-02
-1.457227833973473441e-02
-1.456048751916605433e-02
-1.415980780970815811e-02
-1.368135032247264071e-02
-1.389178172412608436e-02
-1.313554645911274577e-02
-1.254597786076616650e-02
-1.185640926241948723e-02
-1.160017399740620458e-02
-1.069637340489504318e-02
-1.004120242643014027e-02
-9.073856050305750820e-03
-8.384287451959293591e-03
-7.405829964723831260e-03
-6.927372477488313862e-03
-5.382248323586025229e-03
-4.292679725239501032e-03
-3.636444460226151421e-03
-2.502431417435113659e-03
-1.468418374644064883e-03
-3.440533185283811690e-05
3.662743776049470767e-04
1.311398531507079745e-03
2.356522685409201401e-03
2.757202394866875572e-03
3.546770993213654855e-03
4.391895147115687514e-03
5.681463745462189685e-03
5.515476788253481644e-03
6.238378719933379557e-03
6.139058429391108795e-03
6.706404805515431278e-03
6.843538121628411908e-03
7.220931932046870116e-03
7.099389419282675640e-03
6.600069128740226887e-03
6.334082171531307814e-03
5.601428547655773471e-03
5.413219368224586603e-03
4.991676855459981077e-03
3.947912120473295872e-03
3.381925163264409839e-03
2.627049317166618714e-03
2.172173471068794548e-03
1.172853180526622907e-03
8.513106677618953455e-04
2.075459327753881311e-04
-6.806632466558326655e-04
-2.035539092753668733e-03
-2.012637161073693726e-03
-3.411957451615932335e-03
-4.389055519935958216e-03
-5.777264699367234968e-03
-6.509918323242769311e-03
-6.853683058229420588e-03
-8.353003348771870229e-03
-9.515870032658968469e-03
-1.062736511112916116e-02
-1.159335206833811416e-02
-1.214822791443581629e-02
-1.332532598275582014e-02
-1.470242405107591299e-02
-1.511285545272933462e-02
-1.595662018771615287e-02
-1.684482936714726264e-02
-1.732192743546723257e-02
-1.818791439267608556e-02
-1.932056801655168687e-02
-1.986433275153842715e-02
-2.038587526430302166e-02
-2.116297333262306957e-02
-2.167340473427648018e-02
-2.147272502481867296e-02
-2.199426753758315645e-02
-2.232692116145862382e-02
-2.172624145200108270e-02
-2.083667285365442545e-02
-2.052488203308566739e-02
-1.959086899029449658e-02
-1.904286632165907989e-02
-1.827661624299359300e-02
-1.745371431131348405e-02
-1.738636793518910650e-02
-1.635235489239805773e-02
-1.528500851627367929e-02
-1.531766214014917971e-02
-1.408364909735804194e-02
-1.340519161012265759e-02
-1.251562301177588932e-02
-1.149272108009591342e-02
-1.028093025952725448e-02
-9.335806105625010787e-03
-8.568459729500599309e-03
-7.845557797820812418e-03
-6.400433643918512772e-03
-6.121976156683084369e-03
-4.965740891669567780e-03
-3.831727848878641041e-03
-3.486603694976442291e-03
-2.885923985518679125e-03
-1.774133164949898145e-03
-1.251231233270089227e-03
-1.669653472712528952e-03
-8.144818845162715704e-04
-5.693577306139507854e-04
-5.756691004510372522e-05
-5.235538672541117933e-04
-3.117630466851206705e-04
-6.555277816718829698e-04
-5.326258499920299982e-04
-1.065279473867586368e-03
-9.868219866321359390e-04
-1.663920054952083838e-03
-2.474351456605572430e-03
-2.629227302703429636e-03
-4.117436482134473330e-03
-3.905645661565593230e-03
-5.104965952107853866e-03
-5.893175131539085676e-03
-6.281384310970250517e-03
-6.969593490401493341e-03
-8.280024892054815844e-03
-9.290456293708060365e-03
-1.026755436202819727e-02
-1.161131909701507148e-02
-1.267418578090184766e-02
-1.368568085937216239e-02
-1.466277892769241031e-02
-1.571765477379005738e-02
-1.656141950877687563e-02
-1.793851757709696848e-02
-1.923783786763921810e-02
-1.957049149151479650e-02
-2.056981178205707916e-02
-2.122468762815488130e-02
-2.201289680758611311e-02
-2.361221709812821867e-02
-2.381153738867058944e-02
-2.508863545699047126e-02
-2.529906685864391491e-02
-2.712060937140847727e-02
-2.690881855083970819e-02
-2.683036106360414674e-02
-2.616301468747972425e-02
-2.606233497802190602e-02
-2.478387749078636570e-02
-2.426097555910655679e-02
-2.314918473853766478e-02
-2.308183836241328724e-02
-2.185581615741150063e-02
-2.120064456921522122e-02
-1.993329819309053175e-02
-1.965484070585521437e-02
-1.830971655195301473e-02
-1.725348128693959815e-02
-1.588613491081525275e-02
-1.474101075691325313e-02
-1.356255326967759078e-02
-1.187298467133102164e-02
-1.025008273965100081e-02
-8.949403030193314734e-03
-7.093167765179875239e-03
-5.825821389055629851e-03
-4.302919457375709023e-03
-2.724461970140201750e-03
-1.179337816237913117e-03
1.546752265531026183e-04
1.766466047121939553e-03
3.089367978801882408e-03
4.034492132704126099e-03
4.735171842161878253e-03
4.980295996064088015e-03
4.861631998032578394e-03
4.738993187809570351e-03
4.017450675044997865e-03
3.440352606724816908e-03
2.074365649516018983e-03
5.282313675147864984e-05
-3.576082649018319515e-04
-2.468039666555177369e-03
-3.767359957097538015e-03
-4.888902469861955424e-03
-6.999333871515411865e-03
-8.676431939835360652e-03
-1.046464111926670437e-02
-1.127507252091997092e-02
-1.337439281146213244e-02
-1.481815754644899563e-02
-1.616192228143564780e-02
-1.809457590531127202e-02
-2.006056286252022591e-02
-2.148210537528461028e-02
-2.245920344360463616e-02
-2.422519040081372310e-02
-2.553562180246704560e-02
-2.679848848635413283e-02
-2.762109467593543144e-02
-2.757597052203331067e-02
-2.723084636813111192e-02
-2.605238888089567162e-02
-2.480726198320104547e-02
-2.272880723975789774e-02
-2.123923864141130657e-02
-2.097189226528695105e-02
-1.870454588916237171e-02
-1.754831062414918819e-02
-1.592540869246938939e-02
-1.406917342745594990e-02
-1.290182705133158247e-02
-1.124559178631812095e-02
-9.378245410193719600e-03
-7.310899034069562319e-03
-5.187997102389485526e-03
-3.642872948487418938e-03
-1.797748794585163346e-03
-4.970690851275882949e-04
1.725832846552366462e-03
3.448734778232376286e-03
4.841424259632409743e-03
6.596595238097302527e-03
7.308386058666238583e-03
9.264621323679445020e-03
9.876412144248170044e-03
1.035486963148379846e-02
1.044443822983043280e-02
9.534006828177066240e-03
9.756908759857019220e-03
8.146477358203618735e-03
7.624934845439246267e-03
6.514503443785790715e-03
5.959627597687977563e-03
4.982529529367840659e-03
3.372098127714440174e-03
1.728333392727710027e-03
7.179019910743544841e-04
-3.640521689995956933e-06
-1.769627478898971873e-03
-3.357836658330115576e-03
-4.723823615539024523e-03
-6.200921683859106359e-03
-7.744686418845847520e-03
-9.018664213844007627e-03
-1.104127040342539612e-02
-1.168503513841201435e-02
-1.432879987339874539e-02
-1.543923127505231196e-02
-1.777188489892767009e-02
-1.944898296724772990e-02
-2.044830325779023461e-02
-2.211429021499911052e-02
-2.252472161665253214e-02
-2.280181968497241307e-02
-2.221225108662583381e-02
-2.075601582161257230e-02
-1.874422500104377942e-02
-1.735465640269717724e-02
-1.520953224879484367e-02
-1.428663031711485676e-02
-1.297483949654609781e-02
-1.147415978708832274e-02
-9.951257855408401909e-03
-8.261689257061832770e-03
-6.905453992048560252e-03
-5.404774282590785184e-03
-3.659650128688740622e-03
-2.233869682275457791e-03
-3.676196036097589825e-04
-4.002732274854814420e-04
1.344850926416896186e-03
2.612197302541141575e-03
2.801765900887986938e-03
3.680223388123349260e-03
4.569791986469784462e-03
4.948249473705534918e-03
5.204484738718706538e-03
5.371831114843184096e-03
5.361399713189718419e-03
4.384301644869692538e-03
3.773870243216292941e-03
3.152327730451709442e-03
2.397451884354029339e-03
9.647982604784610672e-04
6.543668588252504748e-04
-8.782867650506398505e-04
-1.255384833370620790e-03
-2.843594012801653470e-03
-3.642914303343958160e-03
-4.708901260553011170e-03
-5.316212388884355988e-03
-6.838818578465799547e-03
-7.682583313452617801e-03
-8.393014715105895363e-03
-9.559001672314937359e-03
-1.031387751841272848e-02
-1.062430892006593908e-02
-1.183474032171960566e-02
-1.206739394559497303e-02
-1.286671423613738874e-02
-1.336603452667983749e-02
-1.414313259499966335e-02
-1.485356125286063644e-02
-1.573066206497297781e-02
-1.552998235551539263e-02
-1.589596931272418967e-02
-1.593972856012637607e-02
-1.585016544936435068e-02
-1.522726351768444175e-02
-1.504880603044889131e-02
-1.515923743210223495e-02
-1.419189105597784550e-02
-1.451343356874224000e-02
-1.410963358596295514e-02
-1.336557310887753758e-02
-1.243156006608647779e-02
-1.213088035662879260e-02
-1.151908953605973451e-02
-1.119618760437979255e-02
-1.083995233936663194e-02
-1.056149485213098149e-02
-9.871926253784524263e-03
-9.215685501186454687e-03
-8.570564091076593449e-03
-8.547662159396618442e-03
-7.902540749286979249e-03
-8.112969407147785361e-03
-6.612286953897816844e-03
-7.100498877121386165e-03
-6.688705312760334643e-03
-6.454695013761502231e-03
-6.809570859859226388e-03
-6.975557817068267497e-03
-7.174880851402831716e-03
-7.685312253056131304e-03
-8.640188099154122447e-03
-9.025277005263232510e-03
-9.558994305955748061e-03
-1.001387015205368325e-02
-1.141319044259592186e-02
-1.219028851091585874e-02
-1.294516435701387191e-02
-1.358892909200049015e-02
-1.419936049365377873e-02
-1.530979189530723428e-02
-1.642022329696057881e-02
-1.725287692083632418e-02
-1.787441943360068564e-02
-1.886262861303189542e-02
-1.978417112579644588e-02
-2.076126919411636074e-02
-2.230503392910310190e-02
-2.311546533075647947e-02
-2.422589673240982400e-02
-2.508077257850760411e-02
-2.603564842460559525e-02
-2.697941315959218045e-02
-2.732317789457883173e-02
-2.825583151845456609e-02
-2.768848514233013258e-02
-2.676270469591701673e-02
-2.607423239502904000e-02
-2.506244157446013698e-02
-2.389509519833588058e-02
-2.321663771110027419e-02
-2.260484689053132712e-02
-2.114861162551817664e-02
-2.064793191606029144e-02
-1.948058553993603503e-02
-1.826879471936715404e-02
-1.700144834324279763e-02
-1.596743530045174886e-02
-1.488897781321629754e-02
-1.354385365931409790e-02
-1.226539617207855759e-02
-1.163138312928746476e-02
-1.000848119760766597e-02
-9.030023710371870571e-03
-7.807121778692138747e-03
-5.917553180345480612e-03
-4.961317915332275064e-03
-3.960638205874333906e-03
-2.337736274194424091e-03
-1.367268405285004818e-03
-3.676535921074419733e-04
1.155248339572700900e-03
1.722594715697023382e-03
3.367718869599078957e-03
3.923954134612439582e-03
4.569078288514605291e-03
5.280869109083541346e-03
5.559326596318858726e-03
7.037784083554488035e-03
7.160686015234563051e-03
7.605810169136639765e-03
7.473156545261150363e-03
7.651614032496478757e-03
7.918960408620945302e-03
7.797417895856417758e-03
7.942542049758527511e-03
7.865443981438735577e-03
8.177234802007382619e-03
7.777914511465255920e-03
8.367483109811835185e-03
7.934829485936156779e-03
7.735509195394008053e-03
7.705977064303426438e-03
7.950036321925479932e-03
6.784049364716548958e-03
6.718062407507607858e-03
6.040964339187548937e-03
5.463866270867479003e-03
4.820101535880749744e-03
4.154114578671763702e-03
3.443683177018486141e-03
2.333251775365030589e-03
1.922820373711608966e-03
1.123889720583415297e-04
-7.313757629283657025e-04
-1.786251609026234810e-03
-2.841127455123992895e-03
-4.262669967888488287e-03
-5.673101369541799777e-03
-7.139088326750808733e-03
-8.682853061737549893e-03
-9.882173352279810530e-03
-1.162593808726641864e-02
-1.290303615558663353e-02
-1.515791200168448150e-02
-1.653188979668251957e-02
-1.793227376404160633e-02
-1.944270516569512885e-02
-2.138646990068182596e-02
-2.325245685789067984e-02
-2.514066603732179050e-02
-2.701776410564193931e-02
-2.776152884062865756e-02
-2.840529357561538681e-02
-2.912683608837995930e-02
-2.930393415669996227e-02
-2.869214333613101520e-02
-2.892479696000682665e-02
-2.753522836165989141e-02
-2.706788198553566893e-02
-2.657831338718896763e-02
-2.591096701106465616e-02
-2.494362063494037773e-02
-2.463182981437139762e-02
-2.364226121602475139e-02
-2.287491483990033991e-02
-2.225201290822043099e-02
-2.055133319876278897e-02
-1.972843126708268002e-02
-1.848042859844734043e-02
-1.728084518644834588e-02
-1.661349881032392339e-02
-1.384615243419951014e-02
-1.337880605807517664e-02
-1.155590138260298438e-02
-9.766330040464010764e-03
-9.043425364991808380e-03
-7.442745655533822280e-03
-5.508729868950679176e-03
-4.041386236618427219e-03
-3.162928749382953875e-03
-1.517804595480787277e-03
-5.393498520375183958e-04
1.216882669183294574e-03
3.950895711974489188e-03
5.251578165224479733e-03
7.885588464223047822e-03
9.252932096555310792e-03
1.012027847267982228e-02
1.149873595991524056e-02
1.231052952427635905e-02
1.317787315660834402e-02
1.365945274636060081e-02
1.462573361647345749e-02
1.511530221482004777e-02
1.572709303538888381e-02
1.572777274484660204e-02
1.589511912097085755e-02
1.539579883042874187e-02
1.469647853988653718e-02
1.458604713823297150e-02
1.429783795880190667e-02
1.369851766825969097e-02
1.384364182216168970e-02
1.262209930939728331e-02
1.250055679663286679e-02
1.126790317275716546e-02
1.084636065999267096e-02
1.052481814722838749e-02
9.436608967797077696e-03
8.226177566143744180e-03
7.815746164490322556e-03
6.894203651725883120e-03
5.939327805628002999e-03
4.262229737307943189e-03
3.032696386754074602e-03
1.376756863839645462e-03
7.663254621861348426e-04
-3.329948283561368072e-04
-2.432315118898298323e-03
-3.453857631662837768e-03
-5.386511255538573018e-03
-6.974720434969605698e-03
-7.818485169956312930e-03
-9.828916571609780384e-03
-1.160601463992982918e-02
-1.317200159713871610e-02
-1.558243299879213950e-02
-1.815953106711221121e-02
-1.965885135765443881e-02
-2.088039387041895623e-02
-2.204638082762777618e-02
-2.255680948548888232e-02
-2.277835474204581434e-02
-2.348878614369909190e-02
-2.278810643424145077e-02
-2.202076005811703929e-02
-2.225341368199251768e-02
-2.204961369921287773e-02
-2.083888655546106694e-02
-2.016042906822546055e-02
-1.958197158099017621e-02
-1.867018076042115116e-02
-1.828061216207443884e-02
-1.749104356372788160e-02
-1.646813888825549022e-02
-1.553412584546465247e-02
-1.430011280267340368e-02
-1.322165805923036785e-02
-1.237653390532822417e-02
-1.053140975142596858e-02
-9.719618930857265582e-03
-7.841161443621680327e-03
-6.784926178608374769e-03
-5.262024246928342919e-03
-4.772455648581752641e-03
-2.849553716901875866e-03
-1.115540674110682140e-03
1.629168131247471507e-04
8.635965225823882818e-04
2.453167864721494951e-03
3.367845431400562362e-03
4.222978911370356414e-03
6.001433654813648211e-03
6.624335586493557138e-03
7.402793073729041495e-03
8.559025594949920546e-03
8.293038637741112495e-03
7.871496124976617992e-03
7.061064723323240422e-03
7.206188877225461198e-03
6.284646364460910739e-03
5.540881629474192493e-03
4.486005783376323386e-03
3.553352159500700047e-03
2.209587424514047882e-03
9.547115784162008012e-04
-4.557198232371106883e-04
-1.810595669335057778e-03
-3.387693737655128601e-03
-5.187014028197323157e-03
-6.797445429850612619e-03
-7.974543498170727496e-03
-9.618308233157346621e-03
-1.071762852369961827e-02
-1.319160631869786826e-02
-1.452532361939040673e-02
-1.612464390993262331e-02
-1.795729753380825855e-02
-1.940106226879512175e-02
-2.144482700378169682e-02
-2.239970284987946592e-02
-2.374346758486634013e-02
-2.366501009763077867e-02
-2.385321927706185452e-02
-2.276365067871510828e-02
-2.130741541370184677e-02
-1.920673570424413779e-02
-1.792827821700859747e-02
-1.689426517421765972e-02
-1.463802990920426428e-02
-1.305957242196886803e-02
-1.178111493473332771e-02
-9.813768558608937376e-03
-7.790866626929071614e-03
-6.134631361915721115e-03
-4.511729430235700278e-03
-1.644383054111409059e-03
-2.947196022051734587e-05
1.859032961309181609e-03
3.570823781878007530e-03
4.471503491335737657e-03
7.072183200793391578e-03
8.706198987376678744e-03
1.015132039748656290e-02
1.285200285073673232e-02
1.280823811575015903e-02
1.374225115854088575e-02
1.367626420133216669e-02
1.333249946634551542e-02
1.261095420978852744e-02
1.185608110748326283e-02
1.133453859471855729e-02
1.032410719306531277e-02
9.469228603175117165e-03
8.014352757077181089e-03
7.003921355423825545e-03
5.082378842659274198e-03
3.849725218783794922e-03
2.494849372685958855e-03
1.084417971032647365e-03
-4.784474933913207551e-04
-2.201054902435828353e-03
-3.378152970756054252e-03
-4.855251039075803021e-03
-6.954571329618186581e-03
-7.620558286827061600e-03
-9.219878577369389205e-03
-1.107475442346728123e-02
-1.157407471400950794e-02
-1.358450611566286437e-02
-1.497271529509403010e-02
-1.690536891896965432e-02
-1.737135587617855137e-02
-1.789289838894303486e-02
-1.742555201281859034e-02
-1.724709452558315093e-02
-1.579085926057000044e-02
-1.447906844000101945e-02
-1.274505539720993674e-02
-1.185548679886327950e-02
-1.016591820051671036e-02
-8.587460713281203084e-03
-7.242336559379003447e-03
-6.016556417831719905e-03
-3.961417145411205709e-03
-1.682959658175775530e-03
-2.045021709403682664e-04
1.373955316295139006e-03
3.641301692419718350e-03
5.375314735210690031e-03
7.553772222446242246e-03
9.243340820792811385e-03
1.106624275247292122e-02
1.300025579526398190e-02
1.398982439361051711e-02
1.647939573574941363e-02
1.766896433409592682e-02
1.874742182133171120e-02
1.965921538569270766e-02
2.017100346246913922e-02
1.898279428303806249e-02
1.849458510360690866e-02
1.807304259084252518e-02
1.688483341141111538e-02
1.531884645420222846e-02
1.479730394143785599e-02
1.356464757376985020e-02
1.140178424340676511e-02
1.014584136696827787e-02
8.368743298648118056e-03
7.424978563661310815e-03
5.425658273119138286e-03
3.904115760354653908e-03
1.938128803145811041e-03
6.054751792700097113e-04
-1.549400666827738249e-03
-3.115387624036736192e-03
-4.892485692356784988e-03
-6.614028205121136317e-03
-7.602237384552346100e-03
-9.168224341761344043e-03
-1.123421129897028692e-02
-1.233353158951244755e-02
-1.282174076894371240e-02
-1.217661661504154669e-02
-1.164260357225033182e-02
-1.009747941834815421e-02
-7.919021931112713020e-03
-6.496119999432670156e-03
-5.239884734419497647e-03
-4.024973640528894947e-03
-3.047579830110058730e-03
-2.013566787319009954e-03
-7.573315223058374457e-04
8.433481871519266093e-04
2.344027896609812700e-03
3.444707606067409777e-03
4.767609537747352633e-03
5.879400358316133612e-03
7.135635623329528165e-03
8.314093110564968470e-03
9.325886674926064934e-03
9.771008085036059221e-03
1.014946557227147661e-02
1.123903417061811183e-02
1.091749165785360631e-02
1.038483803397804994e-02
1.024107329899137664e-02
9.786200196685745922e-03
9.631321606795806289e-03
8.909781837823538275e-03
8.243794880614552234e-03
7.888919034516717055e-03
7.148035558055543248e-03
5.469841192276780895e-03
4.370765099249718233e-03
3.960366623103950268e-03
2.849685536350787807e-03
1.861695860304046768e-03
4.018078546264014506e-05
-8.147005482197489101e-04
-9.806875054287900184e-04
-2.468896684860055757e-03
-3.590439197624362144e-03
-4.934203932611236354e-03
-5.766857556486759684e-03
-6.355066735917902498e-03
-7.121053693126766504e-03
-7.842596205891338990e-03
-8.219694274211430951e-03
-9.019014564753513596e-03
-9.507223744184889469e-03
-1.007321070139355346e-02
-1.006141988082498440e-02
-1.007185128247833905e-02
-1.027117157302048778e-02
-1.014539112660739484e-02
-9.801363270163898633e-03
-1.001179467181745331e-02
-9.477781629026238441e-03
-9.021546364012866803e-03
-8.720866654555292641e-03
-8.264631389541921003e-03
-7.663948936291853364e-03
-7.341049748404104847e-03
-6.240370038946618791e-03
-5.595245885044453082e-03
-5.116788397808935684e-03
-4.571664243906536917e-03
-3.515439954062560268e-03
-2.648082602768941918e-03
-2.469625115533391480e-03
-1.357834294964610500e-03
-1.234932363284646506e-03
-8.342526538268613123e-04
-2.224618332580252655e-04
-4.995599015781282404e-04
4.344531412129315484e-04
8.017995173372760576e-04
1.369145893461820584e-03
1.472945876241360530e-03
9.614507977712127840e-04
1.228788942518543870e-03
6.628102166865712519e-04
1.523788150330496194e-04
-3.583036439802622652e-05
-6.795950993846444632e-04
-1.167804278815798291e-03
-1.511566270010256119e-03
-2.733108782774773537e-03
-2.676868030176859925e-03
-3.198410542941343415e-03
-3.408844688387091537e-03
-4.674834389388315969e-03
-4.885265791041759620e-03
-6.206808303806043980e-03
-6.406128594348414751e-03
-6.638782218224115184e-03
-7.615883030336334514e-03
-8.659647765323241764e-03
-8.958968055865379476e-03
-9.869399457518746033e-03
-1.043538641472785411e-02
-1.140936207566523031e-02
-1.197641209995936595e-02
-1.260906572383491131e-02
-1.419727490326605501e-02
-1.476326186047505207e-02
-1.571813770657282117e-02
-1.622856910822623178e-02
-1.670566443275411928e-02
-1.749387361218512904e-02
-1.757097442429744749e-02
-1.699251419326974766e-02
-1.603627892825643109e-02
-1.455782418481321727e-02
-1.355714173156297164e-02
-1.293424254367558923e-02
-1.190023224467673391e-02
-1.132177201364892305e-02
-9.698872825761428729e-03
-8.375970894081374851e-03
-6.497513406845789596e-03
-6.163500364054663727e-03
-3.918376210152563210e-03
-2.839915979124807421e-03
-1.136358364665523979e-03
1.318781212620745436e-03
2.863908110315338540e-03
5.142362853758464247e-03
7.009706486090450106e-03
8.677028168084244264e-03
1.090019624761773276e-02
1.236733409552692731e-02
1.460131421281030129e-02
1.573556870932435459e-02
1.660270655723350419e-02
1.751470590601755806e-02
1.800430742987169097e-02
1.803807901893994536e-02
1.700563392327958390e-02
1.618412433602278711e-02
1.510702626770266122e-02
1.385215042160481413e-02
1.240839391799508640e-02
1.086462643921604077e-02
9.331970071548068013e-03
7.377094225450409049e-03
5.822218379352483986e-03
3.892442965344300454e-03
2.625357271750061727e-03
1.481595280555803029e-03
-2.066166426676341317e-04
-1.850381377654475301e-03
-2.927476702182296719e-03
-3.860133069850113507e-03
-4.748342249281223282e-03
-5.469879274461186824e-03
-5.380307932322248021e-03
-6.312972531367089246e-03
-6.712290078117022496e-03
-6.133832590881405089e-03
-6.388708436979140259e-03
-5.065806505299308427e-03
-4.965126795841601215e-03
-3.453335975272753267e-03
-2.819322932481660438e-03
-2.229754334135192195e-03
-5.735190691218416958e-04
1.249382862558157115e-03
2.394507016460489801e-03
4.561853392584858113e-03
6.384755324264634879e-03
8.444110862599885081e-03
9.699282450796320454e-03
1.186662882692079979e-02
1.351175298082274434e-02
1.506799373342082582e-02
1.679089017751600466e-02
1.834712544252936617e-02
1.938113848532041494e-02
1.973737375033368657e-02
1.906027568201373867e-02
1.888317761369373571e-02
1.743941287870676149e-02
1.589564814372024237e-02
1.455188340873347919e-02
1.223034089596908291e-02
1.028657616098238581e-02
8.753922537106606505e-03
6.065713357675583950e-03
4.055281956022227519e-03
1.633739443257731239e-03
1.677524860486112601e-04
-2.153790026715785011e-03
-4.686443650591343157e-03
-6.071532556700565131e-03
-8.527472079615350253e-03
-1.006012570349090751e-02
-1.230389043847779362e-02
-1.411432184013117208e-02
-1.558030879733984797e-02
-1.600185131010456452e-02
-1.496783826731329370e-02
-1.361160300230013220e-02
-1.172203440395347407e-02
-9.599132472273508299e-03
-7.920674985038012039e-03
-6.808884164469231060e-03
-4.530426677233689858e-03
-2.751969189998315635e-03
-1.129067258318294797e-03
1.304945784472932857e-03
3.305625493930652858e-03
5.106305203388283864e-03
7.762540468401635252e-03
1.060766462230378071e-02
1.263056655398375749e-02
1.422013515233033765e-02
1.686813751609983481e-02
1.866772123296467356e-02
2.053506760908896389e-02
2.104685842965792197e-02
2.168087147244901480e-02
2.143710673746224149e-02
2.032667533580889696e-02
1.983846615637785415e-02
1.760581253250237399e-02
1.619562258457152293e-02
1.537411299731483716e-02
1.309677347527193891e-02
1.129766171294477317e-02
9.053932647258178257e-03
7.198820835021990661e-03
4.899692609941164179e-03
3.855733065700750473e-03
2.223287970040122019e-03
-5.871132498976860958e-04
-2.030880728676742741e-03
-3.519089908107786435e-03
-4.951740788191161258e-03
-6.717730489192441645e-03
-7.647504074005717634e-03
-8.914588853002447522e-03
-9.080573066419073136e-03
-8.724340545198217001e-03
-7.812546980836998500e-03
-6.289645049156966650e-03
-5.044515407670036033e-03
-4.121610732197966698e-03
-2.409830886798469685e-03
-6.647067328962030786e-04
1.713750754339327109e-03
3.981097130463684408e-03
5.881776839921526445e-03
8.149123216045883744e-03
1.061646959217021902e-02
1.275048537875367316e-02
1.530671789997473109e-02
1.737406427609899939e-02
1.880807731889011514e-02
2.166431258390355552e-02
2.330943673780550007e-02
2.389900807994449483e-02
2.536635171227652474e-02
2.519237391727846553e-02
2.494754550547462202e-02
2.321489188159930883e-02
2.172668270216804309e-02
2.014958463384808329e-02
1.846137545441695060e-02
1.612872183054103736e-02
1.352940153999893091e-02
1.179674791612339568e-02
9.297427625581167199e-03
7.153662890594492119e-03
4.321009266718633945e-03
3.066133420620897887e-03
4.001464634121321140e-04
-1.699173827130140424e-03
-4.031827451005831620e-03
-5.764481074881255829e-03
-7.986023587645885158e-03
-8.629788322632725439e-03
-8.795775279841544503e-03
-8.028428903717244047e-03
-5.994415860926083361e-03
-3.015958373690619254e-03
-1.104167553121815359e-03
1.132965762991267056e-03
2.854804017854317699e-03
5.477705949534228402e-03
7.511718992325278066e-03
1.062350981289417184e-02
1.377974507790724612e-02
1.580264700958733393e-02
1.851443783015616074e-02
2.169289531739171384e-02
2.413801947129390335e-02
2.667203251408489795e-02
2.890604555687592558e-02
3.119561415522265069e-02
3.296296053134706305e-02
3.489697357413812373e-02
3.635320883915138523e-02
3.666499965972025432e-02
3.562123492473345809e-02
3.414413685641359830e-02
3.252259434364890289e-02
3.133438516421782616e-02
2.992395376256451467e-02
2.816907791646650061e-02
2.589485805801394758e-02
2.432777785200457288e-02
2.210623259544763908e-02
1.978469282647543626e-02
1.747426416861430631e-02
1.567494387807222278e-02
1.376451247641863329e-02
1.079852277541748506e-02
8.821424707097347273e-03
6.922104416555274753e-03
3.645009092027362563e-03
1.667908279915142344e-03
2.130324338172062681e-04
-1.141843412280629799e-03
-1.685602659682761129e-03
-1.040486737157508834e-03
8.265664824547158673e-05
1.872016718376889877e-03
3.550682733827414950e-03
4.762506479904060619e-03
6.974055846750037979e-03
8.797166306645176626e-03
1.020899005272180027e-02
1.267921463871346521e-02
1.536768724446724299e-02
1.756836695392482994e-02
1.992460221893821437e-02
2.335861526172910985e-02
2.530373941563146545e-02
2.798219690286685157e-02
2.953843216788010206e-02
3.152800076622686021e-02
3.323979158679557511e-02
3.507380462958675782e-02
3.651892878348883542e-02
3.776405293739093505e-02
3.813139931351550160e-02
3.733207902297319691e-02
3.639942814288987805e-02
3.487788288633320022e-02
3.394522926245757688e-02
3.232368674969299249e-02
3.136881090359511237e-02
2.914726839083070509e-02
2.744794810028838850e-02
2.539307499798293399e-02
2.383020739949837097e-02
2.209648826961108092e-02
2.033050131240210501e-02
1.776451435519332822e-02
1.572074962020642008e-02
1.406587377410861706e-02
1.203322015023311486e-02
1.037834430413520082e-02
7.334579569148513833e-03
4.346370389717302274e-03
3.480383432508338259e-03
1.825507586410646255e-03
1.826187295868253457e-03
3.026867005326172588e-03
3.905324492561534910e-03
5.150448646463745561e-03
6.906683911477196069e-03
8.229585843156916880e-03
9.630265552614702962e-03
1.178650081762810942e-02
1.358718052708585144e-02
1.545452690321003075e-02
1.786631772377900162e-02
1.974477521101469790e-02
2.159301963823845316e-02
2.441485789310160470e-02
2.562664871367037467e-02
2.750510620090595992e-02
2.970578591036354688e-02
3.103979895315478466e-02
3.277381199594597838e-02
3.405226948318129665e-02
3.459739363708358439e-02
3.490918445765234246e-02
3.476541972266566916e-02
3.363276609878995682e-02
3.231122358602556144e-02
3.104523662881675250e-02
2.880147189382986639e-02
2.640215160328762689e-02
2.466949797941198064e-02
2.260351102220314878e-02
2.012641295388295504e-02
1.808264821889649099e-02
1.458332792835415059e-02
1.252845208225616958e-02
9.940242902825136007e-03
7.621578599927958386e-03
4.732273427903832541e-03
2.688508692917257470e-03
-8.219227087363778494e-04
-2.954576332611646983e-03
-4.142785512042945761e-03
-5.075439135918458078e-03
-5.485870537571879701e-03
-4.496301939225344491e-03
-3.940066674211872844e-03
-2.072720298087471491e-03
-7.164850330741989737e-04
9.730835652722591433e-04
3.195985496952324922e-03
4.329998539743362684e-03
5.897347659660101549e-03
7.986913514214322163e-03
9.643148779227783685e-03
1.201049515535212997e-02
1.440006375369873304e-02
1.610074346315637506e-02
1.791253428372530099e-02
1.985765843762732352e-02
2.180590286485140084e-02
2.358329667527003792e-02
2.551730971806120962e-02
2.770687831640783472e-02
2.866311358142115129e-02
3.048601551310103908e-02
3.187558411144764126e-02
3.267626382090538240e-02
3.379916575258523626e-02
3.368873435093189261e-02
3.372274739372305152e-02
3.283453821429171970e-02
3.227966236819401757e-02
3.139145318876290780e-02
3.109213289822054804e-02
2.944836816323392892e-02
2.848238120602497592e-02
2.706083869326059155e-02
2.570596284716253344e-02
2.411775366773161178e-02
2.266287782163367570e-02
2.109689086442467776e-02
1.967534835166018237e-02
1.845692611221760870e-02
1.623431992263613122e-02
1.491277740987173583e-02
1.356901267488508367e-02
1.201413682878726963e-02
1.018148320491163439e-02
8.815496247702725441e-03
7.582842623827024120e-03
6.961300111062551643e-03
5.639757598298156260e-03
4.940437307755840557e-03
3.852228128324641787e-03
3.241796726671242190e-03
3.820254213906748575e-03
3.754267256698029520e-03
4.477169188377927433e-03
5.700071120057659257e-03
6.289639718404460567e-03
7.768097205639867830e-03
8.457665803986658126e-03
1.016945662455537303e-02
1.069235855623529297e-02
1.220414937680425194e-02
1.331906047069486565e-02
1.430756539222466373e-02
1.596380065723790320e-02
1.718670258891796809e-02
1.895404896504215841e-02
2.064361756338894960e-02
2.144429727284669074e-02
2.247831031563773951e-02
2.423454558065096798e-02
2.569078084566411846e-02
2.609146055512201468e-02
2.683658470902405835e-02
2.830393108514861478e-02
2.924905523905074745e-02
2.972751272628626484e-02
3.039485910241068733e-02
3.001776103409059537e-02
2.976288518799274918e-02
3.058578711967263608e-02
3.013091127357492294e-02
2.949825764969937758e-02
2.898782624804585595e-02
2.717739484639258851e-02
2.660029677807251858e-02
2.590385469739764357e-02
2.533677174759574324e-02
2.415967367927573939e-02
2.311590894428905418e-02
2.182769976485776642e-02
2.055060169653777358e-02
1.899572585043995954e-02
1.835196111545345232e-02
1.676375193602208657e-02
1.577554275659098781e-02
1.430955579938197886e-02
1.364356884217310384e-02
1.258869299607523473e-02
1.168937270553305208e-02
1.016783019276845668e-02
9.601843235559792689e-03
8.680300722795020185e-03
8.203202654474939237e-03
7.448326808377370156e-03
6.926784295612775644e-03
6.627464005070526909e-03
6.372588158972569694e-03
6.773267868430465910e-03
6.165956740098788025e-03
6.721128328295300491e-03
6.432919148864124637e-03
6.922487747210714915e-03
7.356500790001829770e-03
7.957180499459370893e-03
8.380082431139523891e-03
9.380762140597243004e-03
9.492552961166023096e-03
1.022656600395699389e-02
1.184946793563712575e-02
1.241681431176144823e-02
1.289527179899685461e-02
1.417372928623261696e-02
1.489663121791251488e-02
1.568619981625907212e-02
1.715354619238351752e-02
1.816533701295230951e-02
1.911046116685444218e-02
2.025558532075666385e-02
2.104515391910322109e-02
2.264583362856098514e-02
2.286873556024093812e-02
2.392809109857618743e-02
2.489437379788372873e-02
2.518394239623023001e-02
2.592906655013238471e-02
2.591863514847903005e-02
2.609709263571446947e-02
2.548666123406118089e-02
2.488734094351885417e-02
2.474357620853206985e-02
2.409981147354556263e-02
2.324493562744767150e-02
2.273450422579426089e-02
2.136851726858535194e-02
2.109141920026524897e-02
1.979209890972299934e-02
1.920388973029174551e-02
1.800456943974959589e-02
1.634969359365179287e-02
1.545037330310949919e-02
1.363994190145612073e-02
1.275173272202512198e-02
1.181907909814938762e-02
1.021975880760717104e-02
8.823558790386765160e-03
8.223174823027479263e-03
6.357187865818736405e-03
5.746756464165225786e-03
4.091880618067422759e-03
2.925893660858491785e-03
1.671017814760644704e-03
6.494753019962162810e-04
-6.498449885461443642e-04
-1.304720834643835481e-03
-2.326263347408374926e-03
-3.214472526839484701e-03
-3.836015039604068200e-03
-3.946446441257522864e-03
-3.267988954021916470e-03
-2.833975911230912637e-03
-2.199962868439930830e-03
-1.432616492315519352e-03
-9.860344952439259458e-05
1.354095932667442881e-04
1.469422636057760023e-03
3.558991234404396131e-03
4.615226499417701689e-03
5.493683986653397078e-03
6.975019683756134015e-03
8.352381178398760042e-03
9.875283110078680870e-03
1.167596281953631188e-02
1.336553141788310306e-02
1.506621112734074508e-02
1.678911305902075490e-02
1.796757054625619521e-02
2.002380581126961268e-02
2.173559663183832757e-02
2.329183189685168909e-02
2.390362271742041411e-02
2.559319131576698325e-02
2.741609324744698206e-02
2.812788406801591812e-02
2.971745266636249827e-02
3.078479904248698773e-02
3.091881208527802460e-02
3.133060290584677166e-02
3.167572705974908143e-02
3.132085121365113523e-02
3.101041981199792463e-02
2.958887729923342924e-02
2.964823283756845562e-02
2.865895998132039768e-02
2.795963969077819300e-02
2.667143051134701626e-02
2.550544355413808528e-02
2.505056770804026112e-02
2.404013630638690557e-02
2.251859379362242120e-02
2.113038461419114444e-02
2.048661987920452621e-02
1.930952181088441133e-02
1.806575707589763713e-02
1.617754789646663749e-02
1.510044982814662262e-02
1.434557398204872047e-02
1.294625369150659289e-02
1.128026673429749493e-02
1.021427977708833090e-02
8.670515042101811787e-03
7.448972529337294368e-03
6.694096683239614265e-03
5.394776392697253620e-03
4.117678324377260779e-03
2.699256084934598121e-03
1.554427673130964749e-03
-2.115592840777891226e-04
-8.553240190647404262e-04
-1.610199865162531552e-03
-1.253964600149148900e-03
-1.475507112913665431e-03
-7.081607367891429305e-04
-2.519254717759933371e-04
7.931986821262393406e-04
1.682767280472896587e-03
2.794558101041677567e-03
3.884126699388201764e-03
4.695917519957126807e-03
5.252152784970376409e-03
5.863943605539323478e-03
6.797956648330383267e-03
7.576414135565867625e-03
8.443760511690268089e-03
8.944440221147820225e-03
9.445119930605816450e-03
9.779132973396720274e-03
1.123536823841009280e-02
1.087250155452301748e-02
1.184989536494163165e-02
1.210613062995491429e-02
1.232903256163486727e-02
1.246304560442579312e-02
1.276372531388358933e-02
1.295329391223032367e-02
1.324286251057682495e-02
1.308798666447918979e-02
1.319977748504796988e-02
1.312267941672784488e-02
1.334558134840779786e-02
1.306848328008769489e-02
1.271360743398985971e-02
1.231428714344762199e-02
1.203718907512774106e-02
1.153786878458529230e-02
1.102743738293188169e-02
1.045033931461192278e-02
1.057324124629188677e-02
1.112947651130524740e-02
1.007460066520748931e-02
1.061972481910955501e-02
9.575960084122869809e-03
1.000174022567013044e-02
8.890212831423882633e-03
8.690892540881622885e-03
8.624905583672792808e-03
8.147807515352600838e-03
7.859598335921536005e-03
7.371389156490271155e-03
6.727624421503652918e-03
7.094970797628108450e-03
6.306761618196765617e-03
6.440774660987802491e-03
6.208121037112324103e-03
5.753245191014388915e-03
4.887258233805646945e-03
5.232382387707734672e-03
5.355284319387587644e-03
4.955964028845460945e-03
4.645532627192028308e-03
4.257323447760752444e-03
3.835780934996368963e-03
3.703127311120879561e-03
3.426029242800776586e-03
3.082264507814014287e-03
3.497175601704705095e-03
2.285680523234523420e-03
2.164138010469995876e-03
1.931484386594406466e-03
1.687719651607633153e-03
1.155066027732076783e-03
6.335235149675932931e-04
1.034203224425267464e-03
4.015496005496110854e-04
-3.644373566592529201e-04
-2.637576472014346862e-04
-3.186334932993029057e-04
-6.512871171748813026e-04
-1.395051852161710570e-03
-5.610388093705287460e-04
-1.160359099912855463e-03
-1.015234946010634687e-03
-1.258999680997407999e-03
-1.069431082650784681e-03
-1.013195817637480012e-03
-9.125161081797728002e-04
-4.562808431662901398e-04
-4.889344670421236216e-04
-6.629122620402938537e-04
-4.855184516217025958e-04
-2.070609643860521487e-04
-7.304792159501527493e-05
2.498540100850377144e-04
-4.827996137906076513e-04
-7.598976821105996038e-04
-8.481068615419085077e-04
-9.363160409729953670e-04
-1.046747442626339009e-03
-1.123845510946464010e-03
-5.787213570441762656e-04
-1.422486092030994520e-03
-1.577361938128851726e-03
-1.776682228671000452e-03
-1.509335852546644929e-03
-1.597545031977842811e-03
-1.530198655853354239e-03
-1.729518946395725010e-03
-1.895505903604655096e-03
-1.817048416369204666e-03
-1.805257595800302539e-03
-1.393466775231555488e-03
-1.900777903562911320e-03
-1.290050759810923431e-03
-2.044926605908825579e-03
-2.133135785340023460e-03
-2.210233853660148462e-03
-1.931776366424498015e-03
-2.675541101411216260e-03
-2.263750280842247165e-03
-2.363070571384628948e-03
-2.695724195260207345e-03
-2.595044485802500134e-03
-2.972142554122592095e-03
-3.015907289109276412e-03
-3.193005357429390401e-03
-2.658992314638064514e-03
-2.313868160735976787e-03
-3.046521784611733175e-03
-2.823619852931669172e-03
-2.278495699029603472e-03
-2.777815989571941202e-03
-2.499358502336401777e-03
-2.943123237323042041e-03
-3.086887972309715344e-03
-3.383329748118835134e-03
-2.950413002786422823e-03
-3.205288848884269015e-03
-4.026831361648608443e-03
-3.515040541079872405e-03
-3.514360831622154180e-03
-3.802570011053330035e-03
-3.324112523817923659e-03
-3.767877258804563922e-03
-3.989419771569191475e-03
-4.022073395444580868e-03
-3.154727019320291426e-03
-4.076269532084841885e-03
-3.720034267071348211e-03
-3.819354557613618972e-03
-3.796452625933754987e-03
-4.040217360920528300e-03
-4.117315429240653302e-03
-4.227746830893774899e-03
-4.293733788102938043e-03
-4.304165189756181675e-03
-4.714596591409381254e-03
-4.813916881951874061e-03
-4.902126061382960920e-03
-5.253881634159074387e-03
-4.698710045962672943e-03
-4.698030336504954718e-03
-4.908461738158287346e-03
-4.974448695367117423e-03
-4.895991208131555972e-03
-4.784200387562775880e-03
-5.239076233660711068e-03
-4.882840968647328417e-03
-5.059939036967220360e-03
-5.414814883065166562e-03
-5.425246284718521217e-03
-4.980122130816222459e-03
-5.568331310247587318e-03
-5.478762711900952986e-03
-5.522527446887637304e-03
-5.766292181874410616e-03
-5.487834694639093236e-03
-5.720488318514460602e-03
-5.653141942390083052e-03
-5.963573344043404667e-03
-5.507338079030144051e-03
-5.906658369572381773e-03
-5.647302831237155374e-03
-6.003242354152060756e-03
-5.980340422472085748e-03
-6.224105157458637017e-03
-5.901203225778806072e-03
-6.056079071876441233e-03
-6.499843806863414564e-03
-6.254719652961204801e-03
-6.231817721281118772e-03
-6.431138011823489542e-03
-6.863791635698834881e-03
-6.174223037352377652e-03
-6.440209994561296725e-03
-7.117308062881466668e-03
-6.438850575645971297e-03
-7.371504199521483613e-03
-6.693046712285988242e-03
-6.492367002828292044e-03
-6.213909515592752619e-03
-7.179896472801705620e-03
-7.101438985566144169e-03
-6.934092609441666610e-03
-6.755635122206338217e-03
-7.385168472760050840e-03
-7.407774662341437555e-03
-7.451539397328121872e-03
-7.428637465648146865e-03
-7.350179978412585413e-03
-7.905055824510509588e-03
-6.915487226163863355e-03
-7.237029738928368872e-03
-7.691905585026193037e-03
-7.446781431124094297e-03
-7.634990610555170143e-03
-7.134310901097395963e-03
-7.978075636084214217e-03
-8.444062593293000241e-03
-8.232271772724120140e-03
-8.187147618822221418e-03
-8.130912353808694704e-03
-8.196899311017635803e-03
-8.129552934893258254e-03
-8.395539892102288348e-03
-7.639304627089060773e-03
-8.338624917631154432e-03
-8.460167430395681976e-03
-7.945498095093705970e-03
-8.779248016427931844e-03
-8.778568306970102597e-03
-8.422333041957053013e-03
-8.577208888054799196e-03
-8.498751400819348767e-03
-8.586960580250435626e-03
-9.108503093014808094e-03
-8.607823383557144936e-03
-8.862699229654991129e-03
-8.962019520197261890e-03
-9.116895366295119096e-03
-9.249548990170608498e-03
-9.182202614046230948e-03
-8.892634015699729666e-03
-9.647509861797409769e-03
-9.180163485673076273e-03
-9.023928220659782617e-03
-9.045470733424321175e-03
-9.455902135077742798e-03
-9.610777981175488982e-03
-9.865653827273335175e-03
-8.987196340037861830e-03
-9.864294408357787702e-03
-9.282716647800670628e-03
-9.594211726270729379e-03
-1.023797646125734762e-02
-1.024840786291092432e-02
-9.781061486786479797e-03
-9.813715110661980212e-03
-9.801924290093300129e-03
-1.041235569174658870e-02
-1.003389820451106029e-02
-1.057766293949780056e-02
-1.022142767448441791e-02
-9.654081298360206453e-03
-1.055340158890238911e-02
-1.029716632388910647e-02
-1.030759772554246112e-02
-1.082914023830694461e-02
-1.090623830662695859e-02
-1.037222526383585475e-02
-1.059376777660037128e-02
-1.041531028936482084e-02
-1.091463057990726959e-02
-1.119172864822715052e-02
-1.089104893876957636e-02
-1.110947117821226016e-02
-1.112096625668246297e-02
-1.107584210278023118e-02
-1.120849572665583160e-02
-1.115226046164252693e-02
-1.147380297440703245e-02
-1.105090104272721252e-02
-1.173911022215823330e-02
-1.129398606825604556e-02
-1.178219524768708837e-02
-1.152595998267391675e-02
-1.118083582877160698e-02
-1.182460056375844726e-02
-1.171280974318955614e-02
-1.181213003373171588e-02
-1.182256143538529258e-02
-1.147743728148309383e-02
-1.188786868313651546e-02
-1.199830008478985910e-02
-1.231984259755436462e-02
-1.224138511031869214e-02
-1.168514984530555356e-02
-1.237335902473657434e-02
-1.254733681973485560e-02
-1.229216523153842111e-02
-1.254704107763626730e-02
-1.259080581262295162e-02
-1.237901499205407152e-02
-1.290055750481866603e-02
-1.285543335091654527e-02
-1.274364253034765415e-02
-1.304296282088979186e-02
-1.299783866698789314e-02
-1.294160340197436643e-02
-1.290759035918331854e-02
-1.264024398305885200e-02
-1.296178649582346853e-02
-1.283888456414339352e-02
-1.314931596579682616e-02
-1.298196958967257064e-02
-1.361462321354800498e-02
-1.400283239297916982e-02
-1.320215268352153970e-02
-1.315702852961919689e-02
-1.310079326460611426e-02
-1.332233577737051977e-02
-1.288544421984616495e-02
-1.373030525229179677e-02
-1.357406998727828107e-02
-1.397339027782062981e-02
-1.350604390169618529e-02
-1.354980863668298063e-02
-1.382690670500297259e-02
-1.441511588443422642e-02
-1.376999173053194969e-02
-1.415820090996311453e-02
-1.442418786717192258e-02
-1.389017482438104079e-02
-1.450060622603444038e-02
-1.494437096102108065e-02
-1.431035791822998782e-02
-1.412078931988336450e-02
-1.459788738820344545e-02
-1.484165212319021876e-02
-1.374097241373239964e-02
-1.484029270427478231e-02
-1.469516855037256153e-02
-1.502782217424813993e-02
-1.468269802034594118e-02
-1.485979608866594415e-02
-1.460044055033071775e-02
-1.481193562880112058e-02
-1.504458925267682101e-02
-1.485502065433019769e-02
-1.514322983376115150e-02
-1.504255012430344429e-02
-1.456409263706803792e-02
-1.530785737205475616e-02
-1.548495544037464811e-02
-1.488427573091699596e-02
-1.542804046590373623e-02
-1.516069408977949173e-02
-1.560445882476602097e-02
-1.570377911530818071e-02
-1.520309940585062858e-02
-1.528019747417075358e-02
-1.529062887582410823e-02
-1.614550472192188835e-02
-1.578926945690850570e-02
-1.588858974745088748e-02
-1.614346559354862265e-02
-1.577611921742427814e-02
-1.648655061907766672e-02
-1.624941730296480813e-02
-1.647202349254595077e-02
-1.649356600531060035e-02
-1.651510851807502789e-02
-1.669220658639503085e-02
-1.656930465471517788e-02
-1.636862494525737066e-02
-1.673461190246638974e-02
-1.645615441523073930e-02
-1.651103026132860752e-02
-1.728812832964876645e-02
-1.712078195352428889e-02
-1.680899113295553082e-02
-1.669720031238663971e-02
-1.699652060292888844e-02
-1.711806311569330497e-02
-1.760627229512445879e-02
-1.709448147455561173e-02
-1.716046843176466385e-02
-1.742645538897358293e-02
-1.717022012396030028e-02
-1.700287374783593375e-02
-1.741330514948913333e-02
-1.767641359196503448e-02
-1.745436650402099055e-02
-1.750920942461109409e-02
-1.743075193737564366e-02
-1.754118333902887628e-02
-1.789605918512682248e-02
-1.738426836455786439e-02
-1.775025532176688348e-02
-1.787179783453130000e-02
-1.807111812507344872e-02
-1.828154952672700340e-02
-1.765864759504698345e-02
-1.796907899670052711e-02
-1.781284373168712243e-02
-1.778994180000714742e-02
-1.851148431277171991e-02
-1.821080460331381268e-02
-1.828790267163404870e-02
-1.848722296217641947e-02
-1.875320991938511650e-02
-1.833030798770540759e-02
-1.857407272269195886e-02
-1.841783745767866520e-02
-1.884761256682099262e-02
-1.930358471037763035e-02
-1.845846055647537565e-02
-1.885778084701772439e-02
-1.889043447089344685e-02
-1.888975476143550658e-02
-1.935574171864451465e-02
-1.997728423140909815e-02
-1.924327118861790531e-02
-1.948703592360478964e-02
-1.909746732525807733e-02
-1.909678761580035911e-02
-1.920721901745359173e-02
-1.976209486355151590e-02
-1.937252626520480359e-02
-1.973851322241382267e-02
-1.951561129073386969e-02
-1.941493158127616248e-02
-1.952536298292939509e-02
-2.010246105124957605e-02
-1.962400356401394763e-02
-1.974554607677858620e-02
-2.004486636732083493e-02
-1.977439971787453565e-02
-1.987478368523376560e-02
-1.958521508688704227e-02
-2.019564648854044187e-02
-2.077274455686051180e-02
-2.070539818073602323e-02
-1.999360736016719819e-02
