3.305021535923602372e-03
3.161600418147503255e-03
3.018179300371293117e-03
3.196980404817417742e-03
3.009114842596805062e-03
3.343471502598283074e-03
3.244494829266697522e-03
3.023295933712644157e-03
3.179903309899034802e-03
3.381066991504977359e-03
3.448756984839818074e-03
3.205335867063729971e-03
3.328581415954046108e-03
3.140715853733655472e-03
3.263961402623971608e-03
3.253873567014897716e-03
3.121563611516164904e-03
2.955920271517586961e-03
3.656943598185913302e-03
3.546855813743032826e-03
3.103434695966855728e-03
3.093346911523964238e-03
2.861036904858837993e-03
3.639838009304896538e-03
3.318639113750965208e-03
3.030773551530141496e-03
3.031796878198544931e-03
3.188375760422301752e-03
2.822732420423856858e-03
3.034866858203311146e-03
3.347001295982643398e-03
3.359164227724531493e-03
3.404772353774898619e-03
3.316906791554385947e-03
3.462374562666958866e-03
3.218953444890759741e-03
2.875532327114682651e-03
3.632111209338373392e-03
3.299801202673369183e-03
2.678602307119248849e-03
3.212958967120926879e-03
3.325093404900392180e-03
3.337227791513242003e-03
3.193806724903547334e-03
3.439274444849815815e-03
3.018075600462299946e-03
3.474654482686023727e-03
3.353455587132070370e-03
3.154478913800273787e-03
3.588835573801962830e-03
3.356525567136836585e-03
3.590882227138436633e-03
3.591905553806618023e-03
3.215151102696989227e-03
3.549537115118739372e-03
3.417371721567197262e-03
3.496172826013221879e-03
3.352751708237011741e-03
3.253775034905426189e-03
3.577020583795720299e-03
3.544710577130683049e-03
2.945733903798930520e-03
3.113423897133760221e-03
3.447780557135571300e-03
2.893248328248110290e-03
3.305382766027542552e-03
3.484183870473556155e-03
3.096318308252743456e-03
3.186230523809951976e-03
3.853920517144837632e-03
3.377165196207787545e-03
3.555962053848116255e-03
3.090318713849571353e-03
3.469119818295784974e-03
3.070143144964010418e-03
3.782277582743298616e-03
3.649967576078272380e-03
3.562131366277476729e-03
3.329965972726167678e-03
3.242100410505321939e-03
3.265345959395871134e-03
3.533035952730911866e-03
3.256281501621383079e-03
3.335082606067407696e-03
3.069439266068951788e-03
3.070462592737133178e-03
3.227041423794596575e-03
3.483620357184857852e-03
3.340199239408647713e-03
3.252333677187912997e-03
3.320023670522975756e-03
3.176602552746765618e-03
3.310959212748265657e-03
3.378649206083217393e-03
3.513005866084717432e-03
3.280695859419591187e-03
3.437274741643459031e-03
3.604964734978399754e-03
3.294876950535652327e-03
3.329233610537163379e-03
2.974701381649791365e-03
3.531308757836137957e-03
3.532472439442213563e-03
3.533495766110283931e-03
3.301185759445268708e-03
3.435542419446879769e-03
3.614343523892893373e-03
3.282033517227778141e-03
2.994167955007176474e-03
3.384080170564351953e-03
3.529547941676924872e-03
3.408349046123082537e-03
3.642705706124682585e-03
3.877062314959767164e-03
3.544752308294762955e-03
3.412442352796030143e-03
3.680132346130959853e-03
3.147822339465755626e-03
3.548845666134115007e-03
3.160980103913413330e-03
3.550892319470588809e-03
3.407471201694378671e-03
3.419605639473854986e-03
3.109517855030996536e-03
3.666125231217343128e-03
3.411733357267632272e-03
3.212756683935946711e-03
3.891557788382016270e-03
3.337025559494666282e-03
3.438048886162836659e-03
3.483516657275642636e-03
3.428984428388348604e-03
3.030007755056574048e-03
3.353253303947090203e-03
3.976498852837462294e-03
3.266411068394536876e-03
3.356323283951856418e-03
3.424013277286586110e-03
3.458369937288319207e-03
3.537171041734343824e-03
3.438194368402536227e-03
3.116995472848715920e-03
3.295796577294507479e-03
4.030153237296163482e-03
3.375621008408935531e-03
3.732199890632670325e-03
3.355445439523152551e-03
3.312053685537108549e-03
3.502110502837774142e-03
3.525356051728101292e-03
2.959712711729789447e-03
3.116291593953435246e-03
3.272870476177414112e-03
3.551671580623416702e-03
3.330472685069363337e-03
3.353718233959912531e-03
3.832519338406004117e-03
3.655764887296464316e-03
3.612343769520132142e-03
3.235589318410614368e-03
3.392168200634593234e-03
3.370969305080517842e-03
3.416437025026919372e-03
3.017460402861549262e-03
3.285150396196367950e-03
3.619507056197956985e-03
3.076085938421790900e-03
3.243775061928966252e-03
4.155906122730423924e-03
3.468043937487785833e-03
3.957981258659093449e-03
3.548038087329952184e-03
3.360172525109339503e-03
3.416751407333218360e-03
3.217774734001310755e-03
3.796575838447391327e-03
3.475376942893459997e-03
3.654178047339473601e-03
3.377423596230055836e-03
3.556224700675958417e-03
3.135025805122038101e-03
3.824938020679291562e-03
3.437072458458367841e-03
3.726984674015554333e-03
3.628008000683746737e-03
3.462364660685390838e-03
2.941165765131481535e-03
3.753300202910647698e-03
3.432101307356938413e-03
3.599791300691768114e-03
3.478592405137703736e-03
3.490726842917180051e-03
3.258416836252053805e-03
3.170551274031541134e-03
3.382714205773296179e-03
3.617211220712679420e-03
3.762678991825252339e-03
3.408146762937991348e-03
3.120281200717389680e-03
3.454637860718978715e-03
3.800105631831640629e-03
3.712240069611127957e-03
3.535485618501366112e-03
3.569842278503099209e-03
3.404198938504521266e-03
3.360777820728522158e-03
3.050690036285663709e-03
3.262824474064895952e-03
3.586070022955523129e-03
3.542648905179190955e-03
3.510338898514153705e-03
3.400251011738575357e-03
3.579052218517286832e-03
3.335631100741087707e-03
3.592209982965055559e-03
3.182122198522097101e-03
3.360923302968221726e-03
3.528641790265685252e-03
3.629805471871638822e-03
3.786384354095395643e-03
3.609629902985966865e-03
3.332875451876216033e-03
3.500565445211045734e-03
3.501588771879560191e-03
3.269278765214322924e-03
3.603635425216022981e-03
3.149103196328661980e-03
3.705682078552485770e-03
3.628927627442934956e-03
3.407728731888992613e-03
3.564307614112749434e-03
3.498664274114382522e-03
3.677465378560396125e-03
3.800710927450823284e-03
3.679512031896758906e-03
3.458313136342927585e-03
3.992669796344494593e-03
3.471470900790474268e-03
3.205827560792129383e-03
3.717961998571328586e-03
3.619014677659682100e-03
3.509071506330396772e-03
3.876761499665426491e-03
4.233340381889272308e-03
3.412141486335174001e-03
3.602053701892371507e-03
3.669743695227212221e-03
3.581878133006588527e-03
3.649568126341540264e-03
3.817258119676369965e-03
3.751614779678114076e-03
3.485971439679547146e-03
3.609216988570085327e-03
3.765795870793953171e-03
3.644596975239888792e-03
3.101175857463833729e-03
3.335532517465322755e-03
3.969889177466767727e-03
3.504245837468444869e-03
3.694158053025642374e-03
3.839625824138215293e-03
3.651760261917713635e-03
3.675005810808151807e-03
3.198279853661056826e-03
3.788332424155993472e-03
3.367133528602073156e-03
3.634823521936891844e-03
3.769180181938613927e-03
3.747981286384649557e-03
3.460115724163825845e-03
3.638916828610061494e-03
3.228829044167103035e-03
3.340963481946346292e-03
3.175320141947990393e-03
2.531899024171835322e-03
2.399589017506809085e-03
2.445056788619393018e-03
1.979413448620848115e-03
2.002658997511508332e-03
1.325904597568317023e-03
1.060261257569861115e-03
9.946179175714942033e-04
5.511967997953171050e-04
-2.922243691472203864e-04
-7.245343758124356270e-04
-1.267955493588601712e-03
-1.589125895179899217e-03
-2.165739991351722793e-03
-2.486938886905876167e-03
-2.985915560237528688e-03
-4.218225566902544799e-03
-4.417202240234341382e-03
-4.638401135788394747e-03
-5.470711142453454912e-03
-6.403021149118504063e-03
-6.190886711339049775e-03
-6.367641162448589576e-03
-7.111062280224733634e-03
-7.221149860002440413e-03
-7.675682293554975111e-03
-7.874659171552167436e-03
-7.640302306885171646e-03
-7.728167869105795340e-03
-7.260477824604594232e-03
-7.070565660213801173e-03
-7.158431222434424868e-03
-6.624074562432857860e-03
-6.578606791320051883e-03
-5.599805686874126387e-03
-5.154337915761475486e-03
-4.719952750426914534e-03
-4.407677969080259217e-03
-3.595543531300871010e-03
-2.816742426854812464e-03
-3.026830211297681927e-03
-2.314695773518393729e-03
-1.669228002405653832e-03
-1.290426897959551233e-03
-2.894035712912579328e-04
5.338419775990921323e-04
7.681986376006921802e-04
1.224777519824415961e-03
2.459134179826127919e-03
2.560157506494298296e-03
3.705625277606983126e-03
4.473315270941968791e-03
5.096560819832451905e-03
5.497584146500700264e-03
6.220829695391283387e-03
7.121853022059476679e-03
7.411765237616552149e-03
8.223899675395940356e-03
8.258256335397451409e-03
9.470420125596845651e-03
1.000492139871211883e-02
9.905944725380311233e-03
1.027363471871522993e-02
1.105243582316128848e-02
1.119790359427408344e-02
1.123226025427548347e-02
1.152217246983266996e-02
1.117875135205648185e-02
1.227977467872465311e-02
1.192524244983739212e-02
1.254848799872798626e-02
1.262728910317378883e-02
1.255053465206434904e-02
1.241822464539932280e-02
1.261924797206759319e-02
1.234249352095795338e-02
1.186573906984855764e-02
1.151120684096129665e-02
1.072334127874052800e-02
1.035769793874208311e-02
1.015872126541028653e-02
9.470855703189839936e-03
8.794129757413005066e-03
8.573071205426385788e-03
7.674094532094666299e-03
7.041784525429584107e-03
5.831696740986824778e-03
5.299386734321731574e-03
4.178187838767777329e-03
3.145877832102739191e-03
2.302456714326495124e-03
1.470146707661434959e-03
6.711700343295934346e-04
-8.278066390020599741e-04
-1.304561090111566735e-03
-2.836871096776771850e-03
-3.013625547886311651e-03
-3.645935554551393842e-03
-4.789356672327493847e-03
-5.110555567881425176e-03
-6.009532241213366710e-03
-6.430731136767176004e-03
-6.451930032321029351e-03
-7.062017816763965783e-03
-7.016550045651381851e-03
-7.315498225020422574e-03
-7.392112321192412239e-03
-7.335533438968644404e-03
-6.978954556744798587e-03
-6.811264563409857864e-03
-6.532463458963744252e-03
-6.064773465628836568e-03
-5.374861250071805152e-03
-4.929393478959043229e-03
-4.550592374513051652e-03
-3.838457936733652431e-03
-3.326323498954342206e-03
-3.191966838952842167e-03
-2.724276845617712439e-03
-1.945475741171764916e-03
-1.555563525614700460e-03
-9.212068656129224209e-04
-8.312946500559359464e-04
2.030620099455759942e-04
5.818631143916785931e-04
1.916219774393268516e-03
1.983909767728109230e-03
2.929377538840816086e-03
4.219289754398003467e-03
4.575897130584372086e-03
5.221505256634673131e-03
5.689195249969802859e-03
5.912440798860107982e-03
7.124575236639452136e-03
7.803376341085521695e-03
8.348844112198161582e-03
8.316534054366719886e-03
9.428668543312479500e-03
9.407469647758404108e-03
1.033071514548267178e-02
1.123173852331726952e-02
1.172165073887443398e-02
1.174489628776487216e-02
1.189036405887744507e-02
1.278027622326827206e-02
1.348129949877030498e-02
1.353787832982777939e-02
1.336112403221711986e-02
1.372881402555214958e-02
1.296317068555385976e-02
1.287530512333312505e-02
1.214299501433524497e-02
1.183293668464513448e-02
1.095632679548286248e-02
1.089068350665078899e-02
1.031392905554129324e-02
9.759396826654054280e-03
9.060420153322201742e-03
8.594776813323878883e-03
8.284689028881020434e-03
7.130156799993514483e-03
6.320069015550822122e-03
5.387759008885661949e-03
4.511004557776088220e-03
4.389805662222245886e-03
3.324162322223767063e-03
2.769630093336528098e-03
1.815097864449111142e-03
1.193898968895101831e-03
1.171445177856611508e-04
-1.818321555461244188e-04
-7.141421622112176237e-04
-1.168674391098467602e-03
-1.778762175541404034e-03
-2.899961071095247256e-03
-2.887798139353359161e-03
-2.986634457747494586e-03
-3.341166686634755578e-03
-3.706810026633200472e-03
-4.328008922187209784e-03
-4.093652262185609736e-03
-4.159295602183865626e-03
-3.902716719960119818e-03
-3.723915615514106214e-03
-3.578447844401533295e-03
-3.277424517733162901e-03
-3.287512302175943368e-03
-2.486488975507739063e-03
-2.218798982172809353e-03
-2.106664544393455074e-03
-1.750085662169831302e-03
-9.823956688347346144e-04
-1.025816786611066789e-03
-2.479345994277348808e-05
9.845208894776469322e-05
9.216976378381147583e-04
1.511609853395379233e-03
2.345966513396913200e-03
2.735907222916500459e-03
3.903737571189225264e-03
4.238094231190814298e-03
4.928006446748067759e-03
5.751251995638528847e-03
6.130053100084520423e-03
7.375520871197194239e-03
7.654321975643307852e-03
8.177567524533690957e-03
8.800813073424063049e-03
9.424058622314657185e-03
1.039174861564950980e-02
1.089277194231774715e-02
1.140490638009705737e-02
1.188370748454314896e-02
1.221806414454484901e-02
1.234130969343516515e-02
1.232011079788120078e-02
1.203224523566059911e-02
1.185549078455105931e-02
1.170095855566366527e-02
1.074642632677647036e-02
1.052522743122241700e-02
9.948472980113032271e-03
9.271747022965959317e-03
8.572910704572000995e-03
8.040600697906796768e-03
7.141624024575188301e-03
6.509314017910106109e-03
5.199226233467135749e-03
5.011360671246523069e-03
4.112383997914692557e-03
2.213407324582972180e-03
1.881097317918078993e-03
4.598984223638247215e-04
-4.057449176343430608e-04
-1.838054924299559190e-03
-2.859253819853413425e-03
-4.102674937629502416e-03
-4.923873833183711746e-03
-6.289517173182046506e-03
-7.199604957624949897e-03
-8.631914964290055003e-03
-9.275336082066210075e-03
-1.005209053317590584e-02
-1.007328942872975919e-02
-1.040559943539476340e-02
-1.022676897852892175e-02
-9.858934372080185859e-03
-9.669022156523099376e-03
-9.056887718743578120e-03
-8.278086614297630597e-03
-6.954841065407224576e-03
-5.787151072072282965e-03
-5.052794412070737984e-03
-3.740659974291404843e-03
-2.895192203178797996e-03
-1.360835543177008056e-03
-2.709233276199096707e-04
1.041211110159312447e-03
1.942234436827616761e-03
3.587702207940357546e-03
4.799836645719701700e-03
5.834193305721324663e-03
7.790772187944994265e-03
9.258462181279902836e-03
1.044837439683721225e-02
1.191606439017212082e-02
1.288375438350697344e-02
1.352922215461960231e-02
1.450805175302816163e-02
1.510921543463406014e-02
1.553246098352456528e-02
1.534459542130406362e-02
1.474561874797220007e-02
1.420219773252873185e-02
1.342544317908656026e-02
1.238202206131044925e-02
1.159415649908979162e-02
1.027295760353574838e-02
9.373980930204028894e-03
7.619448701316700046e-03
5.876027583540444077e-03
5.077050910208713574e-03
2.544740903543507571e-03
1.301319785767418580e-03
2.456533465799992655e-05
-1.563300227562680611e-03
-3.117832456449920464e-03
-4.772364685337371348e-03
-6.004674692002387459e-03
-7.548095809778554433e-03
-9.102627987499500861e-03
-1.067935398444241901e-02
-1.134485698087350780e-02
-1.155494476531648829e-02
-1.247614360970406011e-02
-1.249734255642442893e-02
-1.270743034086718737e-02
-1.246196251858822102e-02
-1.204982813197508218e-02
-1.210436036086259826e-02
-1.121444809413907340e-02
-1.075786926308142100e-02
-1.043462371419112689e-02
-9.555822609745079355e-03
-8.832577009688202807e-03
-7.987109238575595960e-03
-6.374974851962589284e-03
-5.796173747516508712e-03
-5.239594814126391498e-03
-3.927460427513351782e-03
-3.037548211956120348e-03
-1.836524885287849074e-03
-3.132793363975761025e-04
1.098855101381857047e-03
2.011018033123757043e-03
3.723292825840940345e-03
4.635427263620206517e-03
5.792006145843964227e-03
7.626362805845721127e-03
8.582941688069389841e-03
9.650631681404342466e-03
1.116276611918376460e-02
1.145267833474095109e-02
1.185370166140908843e-02
1.258805832141063341e-02
1.237797053696787497e-02
1.206788275252490550e-02
1.131335052363757754e-02
1.044770718363918771e-02
9.682063843640897893e-03
7.894198281420128360e-03
7.117443830310765662e-03
5.840689379201013942e-03
4.452823816980533422e-03
2.642736032537729152e-03
1.354870470317015574e-03
2.336715747629503070e-04
-1.543082876346524301e-03
-1.908696863924919107e-03
-3.018640035254316345e-03
-4.173172264141489229e-03
-5.249926715251040932e-03
-6.315570055249408732e-03
-6.736768950803329048e-03
-7.835745624135137533e-03
-8.456944519689146844e-03
-8.789254526354262076e-03
-8.799342310797153566e-03
-8.642763428573285722e-03
-9.163962324127306047e-03
-8.385161219681247502e-03
-8.173026781901682192e-03
-7.927559010789120286e-03
-7.793202350787509225e-03
-7.103290135230588831e-03
-6.246711253006687059e-03
-5.579021259671690380e-03
-5.055775710781307275e-03
-4.176974606335259743e-03
-3.364840168555760513e-03
-3.052705730776539284e-03
-1.884987243478963848e-03
-1.383823561873054331e-03
-7.494669018713873143e-04
1.071119803522924130e-04
4.859130847983950119e-04
9.536030781331916728e-04
2.210181960357049391e-03
2.122316398136425697e-03
2.656673058137881682e-03
3.479918607028564814e-03
3.169830822585706365e-03
3.826409704809408119e-03
3.994099749310531244e-03
4.395123024812486179e-03
4.362813069313742353e-03
4.597169729315564446e-03
4.653748765038212554e-03
4.388105220374360904e-03
4.144684102598161779e-03
4.201262984822040636e-03
3.568952978157069467e-03
3.525531860380848315e-03
2.759888520382336452e-03
2.449829229902111827e-03
2.106548467063595886e-03
1.596460682620648441e-03
1.219706231511241690e-03
6.762851137350756048e-04
4.397510706988239093e-05
-4.883348995950997917e-04
-6.873115217604919280e-04
-1.775177135147520957e-03
-2.085264817257903580e-03
-2.450908208422419854e-03
-2.816551548420864748e-03
-3.248861606252262391e-03
-4.092282672862102011e-03
-3.869037021639099017e-03
-4.245791523915021237e-03
-4.578101530579914424e-03
-4.032633759467274537e-03
-4.453832655021194853e-03
-4.197253823963742470e-03
-4.118452770684122299e-03
-3.406318332904723079e-03
-3.071961672903134044e-03
-2.770909852272240848e-03
-2.036412837332912673e-03
-1.390945066220505844e-03
-4.899217395520905072e-04
-5.555650795505684414e-04
4.676804693399816415e-04
1.213148240452710525e-03
1.369727122676467346e-03
2.770750449344716593e-03
3.538440442679591236e-03
4.350574880458979443e-03
5.007153762682792220e-03
5.474843756017588881e-03
6.631422638241457612e-03
7.388001520465370398e-03
7.777913736022434854e-03
9.090048173801879017e-03
9.868849278247715517e-03
1.034765038269391813e-02
1.101534037602891480e-02
1.230525259158576912e-02
1.248405369603200477e-02
1.294063257825583957e-02
1.287498923825725061e-02
1.294270858401225244e-02
1.248832096823859761e-02
1.168934429490686711e-02
1.137925651046389763e-02
1.052472428157669171e-02
9.936858719356012060e-03
9.093437601579767993e-03
8.083349817136986637e-03
7.873262032694006152e-03
6.529840914917928174e-03
5.508642019363962916e-03
4.520776457143216298e-03
2.899577561589428143e-03
2.422823110479699338e-03
1.023846437148034916e-03
1.693142082608289911e-04
-3.629957984043752361e-04
-1.639750249513793889e-03
-2.205393589512327779e-03
-3.637703596177432885e-03
-4.981124713953510863e-03
-5.757879165063206628e-03
-7.112411393950357485e-03
-8.055803995023480546e-03
-8.776862558380282842e-03
-9.586950342823197246e-03
-1.020814923837720656e-02
-1.111823702281999893e-02
-1.122832480726299043e-02
-1.187174592503903447e-02
-1.211516704281545564e-02
-1.203636593836920898e-02
-1.240200927836765388e-02
-1.184543039614394111e-02
-1.178885151392006225e-02
-1.183227263169606136e-02
-1.119791597169461639e-02
-1.167467042280423417e-02
-1.151809154058047735e-02
-1.162817932502335783e-02
-1.193826710946599423e-02
-1.205946600502016963e-02
-1.169177601168513991e-02
-1.186853046279467971e-02
-1.200084046945970595e-02
-1.231092825390267542e-02
-1.176543196608681452e-02
-1.236426830722148207e-02
-1.142991164721984809e-02
-1.121777720944061585e-02
-1.140564277166111751e-02
-1.113795277832618780e-02
-1.045915167388011824e-02
-9.891461680545332591e-03
-9.268216131654738454e-03
-9.222748360542265544e-03
-8.555058367207157843e-03
-7.898479484983234045e-03
-6.786345047203989900e-03
-6.040877276091261017e-03
-5.395409504978632143e-03
-4.972163956088127001e-03
-4.071140629419933710e-03
-2.770117302751673449e-03
-1.813538420527782691e-03
-7.569595383040139680e-04
-3.806560803232272860e-07
9.784204483658243134e-04
2.834999330589504929e-03
3.224940040109203210e-03
4.403881499493000895e-03
5.738238159494590818e-03
6.772594819496213780e-03
8.062507035053290139e-03
8.896863695054935128e-03
9.408998132834245354e-03
9.998910348391398806e-03
1.077771145283745735e-02
1.126762366839451079e-02
1.115753588395174134e-02
1.091411476617543119e-02
1.030402698173271681e-02
9.193939197289724419e-03
9.183851412846943951e-03
8.518208072848532098e-03
7.874786955072377026e-03
6.998032503962692275e-03
6.287944719519988901e-03
5.411190268410415172e-03
4.801102483967589762e-03
4.168792477302507571e-03
3.325371359526152482e-03
2.148616908416833837e-03
1.505225143060395787e-03
3.063930828423044872e-04
-3.703613171007757998e-04
-1.280449101543679191e-03
-2.523870219319879205e-03
-3.422846841485305269e-03
-4.777379019206273725e-03
-5.598577812427674161e-03
-6.897554536925754043e-03
-7.540975552369100221e-03
-8.962174550255719296e-03
-9.694484505754497050e-03
-1.123790567469706847e-02
-1.144799351030634238e-02
-1.209141473041519532e-02
-1.282372473708015548e-02
-1.284492358146782642e-02
-1.326612252818815119e-02
-1.344287703046409543e-02
-1.335296476374059349e-02
-1.399638588151674856e-02
-1.426202922151531549e-02
-1.440545039045759701e-02
-1.423773186904930821e-02
-1.471434594816567465e-02
-1.474665600599722737e-02
-1.473452156821775105e-02
-1.426683157488295439e-02
-1.393247491488114331e-02
-1.420922936599078312e-02
-1.288598381710037710e-02
-1.296273826820992792e-02
-1.238393716376395837e-02
-1.237180272598459307e-02
-1.147077939931617774e-02
-1.108086718375911328e-02
-1.083539941264632933e-02
-9.845487197089219933e-03
-1.016668609264326228e-02
-9.387884988197203739e-03
-8.842417217084785896e-03
-7.930282779305075636e-03
-7.784815008192391694e-03
-7.161569459301908580e-03
-6.816101688189357688e-03
-5.848411694854394050e-03
-5.614026540890271200e-03
-4.579529525950976065e-03
-4.211839532616057369e-03
-3.555260650392244592e-03
-2.687570657057269941e-03
-1.975436219277870720e-03
-1.341079559276425748e-03
-5.400562326081104203e-04
4.498559829491100004e-04
1.595323754061572785e-03
2.174124858507764380e-03
3.819592629620394142e-03
4.698393734066552696e-03
5.432750394068097677e-03
5.778218165180648569e-03
6.923685936293444421e-03
7.480264818517157188e-03
7.703509958077114916e-03
8.060089249631530173e-03
7.650001465188571714e-03
6.895469236301465799e-03
6.329825896302931909e-03
6.008627000749000580e-03
5.376345488046330168e-03
4.844175836319131179e-03
4.222976940765121867e-03
3.846222489655604093e-03
3.425023594101683777e-03
3.570491365214256696e-03
2.760403580771453314e-03
2.539204736383915417e-03
1.651339225329340188e-03
1.663473356110833912e-03
1.308941331888857640e-03
2.107576966814406205e-05
-6.001231258855321826e-04
-1.076877576995260988e-03
-2.098076472549226246e-03
-2.963719812547616073e-03
-3.573807596990552504e-03
-4.495006492544417753e-03
-5.416205388098505047e-03
-6.104070950319173683e-03
-7.336380956984189794e-03
-8.235357630316020305e-03
-8.901000919148027712e-03
-9.766614650894900329e-03
-9.954335753500798134e-03
-1.079775697360974007e-02
-1.094117809138595021e-02
-1.124015471355133133e-02
-1.103913148921564780e-02
-1.118255255582567553e-02
-1.064819589582399750e-02
-1.042495039809976376e-02
-1.021281596032042049e-02
-1.001179263365226113e-02
-9.855213751428393287e-03
-8.698634869204524556e-03
-8.053167098091895681e-03
-7.407699326979266807e-03
-6.384453778088827747e-03
-5.738986006975976828e-03
-4.615740458085548781e-03
-4.014717131417322449e-03
-2.535916026971229975e-03
-1.823781589191941777e-03
-6.449804847459272850e-04
1.893761752557177047e-04
9.681772797016652277e-04
2.369229100332437277e-03
3.559281670827418864e-03
5.282527219717891853e-03
6.516883879719381767e-03
7.451240539721015743e-03
8.274486088611476831e-03
9.531064970835223527e-03
9.743199408614566792e-03
1.055533384639395500e-02
1.061191272861783386e-02
1.005738049973048387e-02
9.313959381954228789e-03
8.248316041955972011e-03
7.227117146401895731e-03
6.161473806403527931e-03
4.695830466405093162e-03
3.263520459739877033e-03
2.042321564186044824e-03
2.322337797431295314e-04
-1.188965115810791673e-03
-2.910164011364790859e-03
-4.931362906918757005e-03
-6.097006246917224814e-03
-7.940398870730835945e-03
-9.528124078013844311e-03
-1.046043408467889346e-02
-1.170385520245509348e-02
-1.304727632023128248e-02
-1.460180849795211788e-02
-1.517856294906183567e-02
-1.533309512678271425e-02
-1.528762740683631272e-02
-1.548660408016822032e-02
-1.507446964238878806e-02
-1.464011298238721004e-02
-1.439464526244083054e-02
-1.407139966238390993e-02
-1.312593184010490965e-02
-1.218046406899231382e-02
-1.130166301571255971e-02
-1.057841751798838104e-02
-9.344060857986891122e-03
-8.365259753540854604e-03
-7.575347537983612156e-03
-6.107657544648814607e-03
-5.251078662424912835e-03
-3.994471263497945124e-03
-2.848863160188175314e-03
-2.325617611297792209e-03
-1.257927617962950606e-03
-1.791265135167030564e-04
1.155230146484775844e-03
2.211809028708655589e-03
2.623943466487865805e-03
4.091633459822885399e-03
5.437101230935659224e-03
6.360346779825998276e-03
7.639147884272112776e-03
8.329060099829366237e-03
8.485638982052901014e-03
8.431106753165829026e-03
8.432130079833899394e-03
7.433153406502190919e-03
6.867510066503879074e-03
5.535200059838651931e-03
4.747334497617994309e-03
3.326135602064184127e-03
2.282714484287962087e-03
1.339293366511729033e-03
-6.152095099556387225e-04
-1.858486014618021542e-03
-3.435240465727740222e-03
-5.145328250170555506e-03
-6.466527145724598746e-03
-8.209948263500743693e-03
-9.931147159054631857e-03
-1.125234605460878612e-02
-1.292910050571827174e-02
-1.421696601677246985e-02
-1.551594274127066075e-02
-1.604825274793564294e-02
-1.713611820782368067e-02
-1.773509493232183765e-02
-1.797851605009781473e-02
-1.785527045004109414e-02
-1.779869156781732631e-02
-1.713100157448244065e-02
-1.659664491448065160e-02
-1.590673269892362018e-02
-1.538348715003312606e-02
-1.449357498564252111e-02
-1.378144054786301087e-02
-1.226930611008358873e-02
-1.109047648324934521e-02
-1.076709065901315654e-02
-9.532733999011555603e-03
-8.076155116787941957e-03
-7.308465123452956291e-03
-5.696330634507251744e-03
-4.428640692338614571e-03
-2.927617365670376337e-03
-2.137705150113355934e-03
-1.103348490111732971e-03
5.087859476675671289e-04
1.265364829891368892e-03
3.266388156559774103e-03
3.667411483227911440e-03
4.612879254340618296e-03
5.913902581008989578e-03
6.403814796566154044e-03
6.238171456567576101e-03
6.661417005458081242e-03
6.140218109904060917e-03
5.074574769905693117e-03
3.886709207685079548e-03
2.576621423242220210e-03
1.577673243873034536e-03
1.059147701210072512e-06
-1.097917474464193965e-03
-2.341338643406576381e-03
-3.651426427849546741e-03
-4.872625323403489972e-03
-5.916046390013418588e-03
-7.215023114511498470e-03
-8.225110898954390848e-03
-9.546309794508323066e-03
-1.058973091228454511e-02
-1.145537420111664151e-02
-1.194323981450384764e-02
-1.230888315450218151e-02
-1.283008205005597979e-02
-1.300683650116563062e-02
-1.275025756777536934e-02
-1.226034540338460932e-02
-1.224821091443883958e-02
-1.205829869888186412e-02
-1.131283092776913524e-02
-1.041180754993442648e-02
-9.921895334377373032e-03
-8.976398159678322664e-03
-7.464119108785305379e-03
-6.729763267445232344e-03
-6.006521914193929668e-03
-4.527720195751983034e-03
-4.160026518441051202e-03
-3.092340976577179212e-03
-2.357984418908221080e-03
-2.412516647795515112e-03
-1.055937765571779430e-03
-6.549144389034200486e-04
-1.650022233462555832e-04
6.137988810995809175e-04
1.525933318879069134e-03
1.738067756658412399e-03
3.272424416660091318e-03
2.240114409994942157e-03
2.818915514440911707e-03
3.575494396664824492e-03
3.820962167777497420e-03
3.988652161112327121e-03
4.200786598891892432e-03
3.924032147782252622e-03
3.736195949351706069e-03
2.315141655541252952e-03
2.693942759987244528e-03
1.972743864433135208e-03
1.573767191101471674e-03
5.636794066586903185e-04
5.424805111046149264e-04
-5.120521271133604557e-04
-1.633250613336523216e-03
-1.976671731112822350e-03
-3.086759515555481670e-03
-3.619069522220796919e-03
-4.184712862219108764e-03
-5.105911706606680589e-03
-5.449332875549384170e-03
-5.681642882214288370e-03
-6.169508444434868011e-03
-6.557374006655680709e-03
-6.834128457765209497e-03
-6.988660686652492515e-03
-6.765415137761965347e-03
-7.131058477760410241e-03
-6.830035151092261891e-03
-6.740122935534942350e-03
-6.739071114904127136e-03
-6.526796322187222721e-03
-6.203550722130302120e-03
-6.224749668850670936e-03
-5.912615231071227662e-03
-5.511591904403090325e-03
-4.966124133290339415e-03
-4.720656362177777510e-03
-4.152966266509960924e-03
-3.596387435452541581e-03
-3.406475066396352780e-03
-2.572118406394929835e-03
-2.448872908670796100e-03
-2.025627410946695406e-03
-1.480159639834055518e-03
-1.679136364332034503e-03
-8.003352598860979938e-04
-6.993119332177055725e-04
-1.871775466047997938e-04
2.694013867853284339e-04
2.370913801204022064e-04
1.193670211177777496e-03
1.939137982290506379e-03
2.595745409643135382e-03
2.519131313471367761e-03
2.742376862361783907e-03
4.143400240196437601e-03
4.266645789086864760e-03
5.045446842366518858e-03
4.457581280145950231e-03
5.225271324647340343e-03
5.404072429093242924e-03
5.138429089094787017e-03
4.850563526874074327e-03
4.051586853542454847e-03
3.785943462377705515e-03
2.431411284656737060e-03
2.121323449047585186e-03
1.433457835660623125e-03
-2.655187865048258544e-04
-1.031162177669631141e-03
-2.252361073223574373e-03
-3.306893302110869293e-03
-4.328092146498652149e-03
-5.449291042052495371e-03
-6.803823219773574849e-03
-8.458326136036919962e-03
-9.246047045347705051e-03
-1.036724588973547689e-02
-1.175511150312258390e-02
-1.253186605656464447e-02
-1.395306484978597883e-02
-1.444093138416702171e-02
-1.619546699003227008e-02
-1.660555052766943263e-02
-1.696008362638445899e-02
-1.747017478780521493e-02
-1.736914808415901401e-02
-1.785701789318527855e-02
-1.764488258557828093e-02
-1.649941143748756556e-02
-1.667617013540267923e-02
-1.564181347540116729e-02
-1.511856792651078418e-02
-1.456198883962156465e-02
-1.373874334189750801e-02
-1.225994228861781998e-02
-1.173669673972732586e-02
-1.062456235311415309e-02
-9.334620762396550475e-03
-8.511230674299374854e-03
-7.054651740909134716e-03
-5.909184020962965356e-03
-4.752605138738985602e-03
-3.684915094237739552e-03
-2.606113989791825070e-03
-1.760646269845400624e-03
-9.485117297334255682e-04
-4.585993606772698072e-04
-2.242429565073589259e-04
2.878914812720623218e-04
6.000259190512835517e-04
1.216035683071492457e-05
-5.348298316765198734e-05
-7.857929898328341878e-04
-1.551436329831235028e-03
-2.050413003162776526e-03
-3.771611898716997757e-03
-4.537255238715398598e-03
-5.869565245380403695e-03
-7.112986363156714731e-03
-9.045296369821653748e-03
-1.062205082093126141e-02
-1.168766566696699538e-02
-1.365316865202781393e-02
-1.526325643647075125e-02
-1.686223310980250467e-02
-1.825009928601906140e-02
-1.907129756757697248e-02
-2.049249646313100470e-02
-2.150258424757378606e-02
-2.150156092090560467e-02
-2.160053759423730124e-02
-2.118840325879067787e-02
-2.044293538534525112e-02
-1.968635650312156038e-02
-1.832977762089771367e-02
-1.722875429422943139e-02
-1.514995318978340499e-02
-1.366004097422623964e-02
-1.175901764755804546e-02
-9.835772098667483476e-03
-8.179193216443780834e-03
-6.067058778664424779e-03
-3.866035451996041594e-03
-2.376123236438987263e-03
-1.452849193585903365e-03
1.260922657977392447e-04
2.149337814688179193e-03
4.350361141356562378e-03
5.918051134691459936e-03
5.874630016915349806e-03
6.075653343583398147e-03
6.154454448029422764e-03
5.655477774697659221e-03
5.612056656921549092e-03
4.046413316923125336e-03
2.725214421369193118e-03
1.604015525815238874e-03
-6.072258627698445821e-06
-2.238382265292715445e-03
-3.870692271957798525e-03
-6.247446723067540120e-03
-7.957534507510244381e-03
-1.008984451417527239e-02
-1.222215467433951375e-02
-1.375446452750550552e-02
-1.588677453417075558e-02
-1.700797342972448778e-02
-1.849580963952524026e-02
-1.997241947752126379e-02
-2.039361837307507308e-02
-2.108148403762843959e-02
-2.113601616418303575e-02
-2.000165950418142380e-02
-1.944508062195760001e-02
-1.833294618417824484e-02
-1.670970063528776084e-02
-1.580867817844711087e-02
-1.454099243191797619e-02
-1.271774601319985987e-02
-1.098338597622017243e-02
-9.915700178524611275e-03
-7.525786939640788376e-03
-6.191426902661167908e-03
-4.801518115248537555e-03
-4.044935907213109694e-03
-2.277250211850101458e-03
-1.620671329626399704e-03
1.692408859308436320e-04
7.258197681547784441e-04
1.860176428156279371e-03
3.350117990448153726e-03
3.729063713692970516e-03
4.507864818139029062e-03
3.686665871418748353e-03
2.909911471475568057e-03
2.233157020365972301e-03
1.556402722755478862e-03
7.129816561456392421e-04
-7.859952730178143554e-04
-2.840527501905110164e-03
-4.261726397459142390e-03
-6.605147515235332278e-03
-8.637457521900482327e-03
-1.045865641745435948e-02
-1.267985531300830360e-02
-1.457883234450429999e-02
-1.627780865967187740e-02
-1.772122977744794436e-02
-1.965353978411321645e-02
-2.067473867966695966e-02
-9.617048686332174690e-03
-9.349331426882878660e-03
-9.042168005217843252e-03
-8.700934222781397942e-03
-8.329417363658220275e-03
-2.089065209297946701e-02
-1.936740654408908302e-02
-1.896638321742083466e-02
-1.750980433519699897e-02
-1.585322545297307428e-02
-1.435220212630505809e-02
-1.269562324408113341e-02
-1.139459991741298417e-02
-9.382465479633395056e-03
-7.803664375187424618e-03
-5.902641048519341460e-03
-4.023839944073182018e-03
-2.489483284071614122e-03
-4.106821796255877288e-04
5.236744803760462474e-04
1.780253362599681921e-03
2.947943355934734555e-03
4.082300015936346504e-03
5.116656675937858445e-03
5.873235558161660208e-03
6.229814440385506025e-03
6.619726655942681504e-03
6.420778476573407723e-03
5.788608824845997702e-03
3.356298818180891708e-03
1.201766589293606913e-03
-4.194323062602922647e-04
-2.996186757369900810e-03
-4.539607875146067784e-03
-6.616362326255509352e-03
-8.737561221809686529e-03
-1.088098233958567640e-02
-1.250218123513968660e-02
-1.409004679736036714e-02
-1.494457902624757306e-02
-1.601022236624605188e-02
-1.602031015068883235e-02
-1.618595349068741029e-02
-1.590715233507511428e-02
-1.558390683735078053e-02
-1.556066128846045338e-02
-1.468186018401440585e-02
-1.361417019067945322e-02
-1.293536908623349468e-02
-1.188990131512068782e-02
-1.003329308047695712e-02
-9.087680645084361686e-03
-7.675546207304817514e-03
-5.752300607247962105e-03
-4.706832784969083860e-03
-2.928031680523024427e-03
-1.238119516132285547e-03
7.073482038142397954e-04
2.308371581648760440e-03
3.609394857150616254e-03
5.143751568318588596e-03
6.200330399375952872e-03
7.501353726044102110e-03
8.980154881656710053e-03
9.814511695157124294e-03
1.020442365488272163e-02
9.605446111723203728e-03
9.162021616969107107e-03
8.351937209504334270e-03
7.308511844922316314e-03
6.087313819195916409e-03
5.032784967286874078e-03
2.656026269371669635e-03
1.368190059570784101e-03
-3.973086673140224789e-04
-1.640729785090222492e-03
-3.673039791755261518e-03
-5.505349798420322571e-03
-7.682104249529864148e-03
-9.025525367306053148e-03
-1.094672426286003031e-02
-1.226792315841396253e-02
-1.341134427619017355e-02
-1.415476539396631761e-02
-1.529818651174241761e-02
-1.590827429618546507e-02
-1.595169541396157520e-02
-1.540622764284893531e-02
-1.512742648723652827e-02
-1.518195876729022675e-02
-1.474760210728864873e-02
-1.424657878062030036e-02
-1.334555560745120939e-02
-1.227786556294985232e-02
-1.097684218511540966e-02
-9.753596943222864191e-03
-8.341433846611678860e-03
-7.218047749488420983e-03
-5.717024422820071727e-03
-3.927112207263050436e-03
-2.181644436150320665e-03
-9.583988872597926090e-04
1.120402217186233784e-03
2.754758877187790667e-03
3.800226648300486509e-03
5.690138863857607809e-03
7.180051079414773163e-03
7.481074406082921513e-03
8.848764399417952120e-03
9.216454392752870817e-03
8.928588830532158127e-03
8.762945490533913251e-03
8.519524372757492081e-03
7.353881032759135294e-03
6.221571026094108170e-03
4.478149908317741179e-03
2.190284346097137735e-03
1.691307672765596237e-03
4.923309994336877438e-04
-1.195534562786759736e-03
-2.572260519933755596e-03
-4.037763504994629216e-03
-5.047851289437299549e-03
-6.357939073880380931e-03
-7.768026858323118233e-03
-8.844781309432669936e-03
-1.008820242720875893e-02
-1.092051243387404114e-02
-1.177504466276124706e-02
-1.208513244720410551e-02
-1.217299800942484023e-02
-1.248308579386758765e-02
-1.231539580053275795e-02
-1.200326136275331468e-02
-1.081334914719611628e-02
-9.956770264972325535e-03
-8.477969160526344083e-03
-7.721390278302653343e-03
-6.264811396078706629e-03
-4.930454736077227729e-03
-3.129431409408911513e-03
-1.228408082740606311e-03
1.281707994831293718e-04
1.851445700793541427e-03
3.285946973908826507e-03
5.164748078354874927e-03
7.465771405023136076e-03
8.577905842802380221e-03
9.412262502804025210e-03
1.059106360725003970e-02
1.083653137836271263e-02
1.138199914947546354e-02
1.170524469836586867e-02
1.092849024725639495e-02
9.540624685035803410e-03
8.774981345037291547e-03
6.864893560594498290e-03
6.165916887262645751e-03
4.511384402543616723e-03
2.779074651710344845e-03
1.991209089489576201e-03
-1.411009171753407898e-04
-1.495633146062713692e-03
-2.539054263838935732e-03
-3.538030937170644208e-03
-5.614785388280307821e-03
-6.291511345427158730e-03
-8.101458774932290829e-03
-9.122657670486256087e-03
-9.377189899373639115e-03
-1.029838879492761539e-02
-1.058625435714810603e-02
-1.056300880825777888e-02
-1.119531881492286107e-02
-1.080540659936568559e-02
-1.051549438380849910e-02
-1.038113772380699906e-02
-9.369003286027521860e-03
-9.256868848248278603e-03
-8.578067743802209044e-03
-7.910377750467212365e-03
-6.698243312687868212e-03
-6.219442208241998671e-03
-5.073974437129313841e-03
-4.339617777127657838e-03
-2.927483339348335711e-03
-1.993126679346590713e-03
-1.269881130456118612e-03
-5.688578037879032934e-04
5.988606835095611203e-04
1.222246587337716406e-03
2.678825469561552097e-03
3.902071018451969131e-03
5.047538789564653960e-03
6.204117671788411670e-03
7.338474331790023619e-03
7.783942102902785543e-03
9.240520985126621234e-03
9.763766534017115362e-03
1.007590097179633659e-02
1.111025763179795955e-02
1.074461429179962568e-02
1.089008206291219860e-02
1.075777205624717237e-02
1.008101760513779865e-02
9.004263154028135929e-03
8.838619814029669008e-03
7.984087585142352061e-03
7.218444245143951221e-03
5.797245349590030017e-03
5.098268676258177479e-03
4.421514225148692745e-03
2.933677156890635018e-03
9.792852829410003679e-04
6.580863873869580161e-04
-1.352001397055824228e-03
-2.273200292609800499e-03
-3.505510299274816610e-03
-4.271153639273217451e-03
-5.359019201493953055e-03
-6.969106985936779353e-03
-7.890305881490644602e-03
-8.522615888155837816e-03
-9.121592561487590345e-03
-9.442791457041521674e-03
-1.009732368592886065e-02
-1.081852258148274792e-02
-1.089527703259252078e-02
-1.082758703925745802e-02
-1.085989704592249527e-02
-1.075887371925432490e-02
-1.051340594814154095e-02
-1.052349373258443244e-02
-1.004469262813834085e-02
-9.132558190359074679e-03
-8.209312641468513583e-03
-7.697148851269264291e-03
-6.995980911487342802e-03
-5.839402029263585092e-03
-5.571712035928766404e-03
-4.104022042593746811e-03
-3.291887604814358603e-03
-2.213086500368333098e-03
-1.378729840366688109e-03
-7.554842914763160167e-04
-7.668318703013543569e-05
8.354512507490197137e-04
1.947585688528485903e-03
2.659720126307774102e-03
3.105187897420536025e-03
4.006211224088729317e-03
4.651678995201469213e-03
5.319368988536354870e-03
6.120392315204670197e-03
6.310304530761756681e-03
6.511327857430138089e-03
6.745684517431738136e-03
7.002263399655372922e-03
6.792175615212503459e-03
6.437671880287876292e-03
6.872168895227237506e-03
6.306525555228703617e-03
6.118659993007979914e-03
5.653016653009657055e-03
5.220706646344552837e-03
5.088396639679526601e-03
4.022753299681047778e-03
3.612665515238200342e-03
2.835911064128504577e-03
2.070267724130103737e-03
8.935132730206740703e-04
2.389810441334461188e-04
-5.488845180872115037e-04
-1.514527858085590317e-03
-2.657948975861912366e-03
-3.812481204749085251e-03
-4.378124544747508118e-03
-5.243767884746008967e-03
-6.198300113633425923e-03
-7.230610120298353038e-03
-8.185142349185769994e-03
-8.373007911406271653e-03
-9.138622757442149691e-03
-9.359681298058419863e-03
-9.869769082501256285e-03
-1.016874575583293083e-02
-1.026772242916473843e-02
-1.062225465805211044e-02
-1.017678688693945954e-02
-9.809096893604540846e-03
-9.485851344714024691e-03
-9.284828018045865328e-03
-8.294915802488644907e-03
-7.682781364709234673e-03
-7.281758038041097336e-03
-6.769623600261676089e-03
-6.313044718037841285e-03
-5.145354724703010696e-03
-4.333220286923511466e-03
-3.087752515810948672e-03
-2.508951411364979123e-03
-1.663483640252150231e-03
-6.402380913617111702e-04
1.718963464175660150e-04
9.173641175304059203e-04
2.207304827050116103e-03
2.764024064211501042e-03
3.631714057546475694e-03
4.688292939770244416e-03
5.589316266438437708e-03
6.490339593106742022e-03
7.224696253108287003e-03
8.225719579776691326e-03
8.460076239778180351e-03
9.194432899779725332e-03
9.895456226448051673e-03
1.074092399756076954e-02
1.069750287978454839e-02
1.047630398423060605e-02
1.067732731089865439e-02
1.043390619312267731e-02
9.946040630901986646e-03
9.613730624236760391e-03
9.114753950905218893e-03
7.904666166462348542e-03
7.383467270908217195e-03
6.406712819798765501e-03
5.218847257577929888e-03
4.286537250912991759e-03
3.365367707779065576e-03
2.010980092005287823e-03
1.300892307562362404e-03
-2.314176991025096441e-04
-1.119283261323267276e-03
-2.673815490210618151e-03
-4.028347719097769009e-03
-5.593991059096303786e-03
-6.359634399094593604e-03
-7.903055516870760577e-03
-8.590921079091651258e-03
-9.734342196867640240e-03
-1.066665220353280041e-02
-1.154340665464226312e-02
-1.252016110575182584e-02
-1.268580444575018173e-02
-1.332922556352644783e-02
-1.341709112574707152e-02
-1.302717891019000707e-02
-1.328171113907727907e-02
-1.308068781240900869e-02
-1.273522004129634677e-02
-1.240086338129464671e-02
-1.201092267177494843e-02
-1.178753676794686012e-02
-1.134206899683409819e-02
-1.071882344794372610e-02
-1.026224456571989130e-02
-9.438999016829430211e-03
-8.493531245716723355e-03
-7.581396807937457183e-03
-6.824817925713544398e-03
-6.746016821267408758e-03
-6.044993494599304462e-03
-4.777303501264262842e-03
-3.742946841262750901e-03
-2.930812403483473716e-03
-2.529789076815114335e-03
-1.739876861258093932e-03
-5.388535345898226581e-04
3.621697920783706337e-04
1.252082007635602068e-03
2.319772000970554693e-03
2.520795327638714056e-03
3.755151987640314992e-03
4.089508647641904027e-03
5.457227134939457436e-03
6.213946372100931370e-03
6.937191920991403471e-03
7.338215247659762852e-03
7.883683018772291717e-03
7.918039678774024814e-03
7.796840783219960436e-03
8.053419665443817266e-03
7.521109658778724061e-03
6.955466318780190171e-03
6.423156312115207989e-03
5.913068527672371566e-03
5.202980743229446148e-03
4.859559625453258036e-03
4.571694063232545346e-03
3.772717389900814844e-03
2.907074049902425017e-03
2.308097376570561465e-03
1.353565147683366554e-03
1.143477363240497091e-03
9.667229121308462680e-04
-6.211426500896122249e-04
-7.867859900881901680e-04
-6.635119472350181624e-04
-1.451237154517892591e-03
-1.527991605627443406e-03
-1.738079390070312868e-03
-2.581500507846445913e-03
-2.613810514511483163e-03
-3.112787187843468750e-03
-3.333986083397411093e-03
-3.388518312284705125e-03
-3.809717207838625441e-03
-3.653138325614757598e-03
-3.474337221168855017e-03
-3.706647227833759217e-03
-3.350068345610024423e-03
-3.171267241164010819e-03
-3.036910581162399758e-03
-3.180331698938720919e-03
-2.779308372270472560e-03
-2.422729490046626744e-03
-2.566150607822836882e-03
-1.765127281154410532e-03
-1.786326176708485924e-03
-1.540858405595924019e-03
-1.473168412260861260e-03
-1.161004622061700964e-03
-5.042811267240709938e-04
-3.588133556114980749e-04
-3.244566956098760002e-04
4.323329772515371872e-05
-1.446322644955699843e-04
7.675021732838072097e-04
6.240810555075970711e-04
1.158437715509053056e-03
1.070572153288540385e-03
9.049288132900734638e-04
1.494841028847226916e-03
1.473642133293373568e-03
1.830221015517108363e-03
1.909022119963132980e-03
2.454489891075883889e-03
2.311068773299673751e-03
2.623203211079006003e-03
2.413115426636136540e-03
2.891916531082228126e-03
2.815162079972566289e-03
2.627296517751953608e-03
2.506097622198000252e-03
3.051593887273384986e-03
3.363868679990278387e-03
3.420447562214157244e-03
3.288137555549131008e-03
3.544716437772876816e-03
3.501295319996655664e-03
4.057874202220479454e-03
3.847786417777609991e-03
4.048809744445991399e-03
4.194277515558564318e-03
4.295300842226734694e-03
4.151879724450635578e-03
4.586236384452213599e-03
5.065037488898194162e-03
4.710505260010933171e-03
4.467084142234734045e-03
4.645885246680747649e-03
4.813575240015577350e-03
4.692376344461735016e-03
4.826733004463124033e-03
4.627756331131549494e-03
4.406557435577496129e-03
4.652025206690169057e-03
4.664188138432279196e-03
4.765351820038010722e-03
4.366375146706347188e-03
4.267398473374539591e-03
4.468421800042920999e-03
4.525000682266577812e-03
4.659357342268188873e-03
4.571491780047565179e-03
4.728070662271322000e-03
4.617982877828552546e-03
4.052339537830129679e-03
4.353362864498278029e-03
4.587719524499878077e-03
4.622076184501611174e-03
5.089766177836407834e-03
5.101900615615773127e-03
4.725146164506255353e-03
4.915058380063452859e-03
4.782748373398537645e-03
4.561549477844373257e-03
4.907017248957146194e-03
4.608040575625249602e-03
4.331286124515831837e-03
4.143449056257741958e-03
4.800168293419337928e-03
4.856747175643105763e-03
4.379992724533487980e-03
4.336571606757266828e-03
4.570928266758866876e-03
5.183062704538277110e-03
4.428530475651060172e-03
5.173998246763567010e-03
4.886132684542965343e-03
4.976044900100062840e-03
5.177068226768333226e-03
4.911424886769988341e-03
4.934670435660426513e-03
4.691249317884338410e-03
4.870050422330240991e-03
4.871073748998422381e-03
4.627652631222334279e-03
4.806453735668458904e-03
5.163032617892193699e-03
4.764055944560419142e-03
4.787301493450857315e-03
4.610547042341428536e-03
4.644933054762878655e-03
4.434989883433826385e-03
4.224902098990734878e-03
4.948147647881318001e-03
4.660282085660716334e-03
4.605749856773311279e-03
4.584550961219457932e-03
4.596685398998712202e-03
4.686597614555920721e-03
4.632065385668626689e-03
4.955310934559031821e-03
4.478556483449525061e-03
5.001802032340019188e-03
4.869492025674881930e-03
4.748293130120928573e-03
4.904872012344574372e-03
4.783673116790732038e-03
4.418029776792509189e-03
4.496830881238311761e-03
4.820076430128938938e-03
4.343321979019321155e-03
4.844345305687669523e-03
4.756479743466934806e-03
4.557503070135138223e-03
4.869666001876993278e-03
4.959718572371984990e-03
5.216297454595730798e-03
4.961765225708458793e-03
4.440566330154549490e-03
5.030478545711702942e-03
4.042612983490956324e-03
4.710302976825953003e-03
4.966881859049698811e-03
4.556794074606851375e-03
4.791150734608451423e-03
4.903285172387694679e-03
4.715419610167193021e-03
4.960887381279754926e-03
4.895244041281388014e-03
4.551822923505199903e-03
4.663957361284554182e-03
4.887202910175081350e-03
4.754892903510055113e-03
4.800360674622639046e-03
5.012495112402093334e-03
4.591296216848061995e-03
4.836763987960734923e-03
4.482260253035996733e-03
5.072312823530822357e-03
4.728891705754634245e-03
5.007692810200747857e-03
5.164271692424504678e-03
4.520850574648238585e-03
5.299651679094297130e-03
4.589563894651482734e-03
4.657253887986323448e-03
4.736054992432459088e-03
4.703744985767310816e-03
4.449212756880038810e-03
4.439124972437147321e-03
4.573481632438647360e-03
4.696727181329296563e-03
4.464417174663948273e-03
4.532107167999011033e-03
4.977574939111772956e-03
4.678598265779876364e-03
4.968510481337173879e-03
4.625089363561096789e-03
4.770557134673558686e-03
4.604913794675313810e-03
4.694854504194934108e-03
4.996018185800865652e-03
5.274819290246868242e-03
4.686953728026299615e-03
4.799088165805653894e-03
4.511222603584941204e-03
4.556690374697636159e-03
4.146602590254788723e-03
5.092070361367495579e-03
4.659760354702391361e-03
4.727450348037232075e-03
4.661807008038865163e-03
4.629497001373716891e-03
5.319409216930970352e-03
4.820432543599206809e-03
4.843678092489644982e-03
4.766923641380205190e-03
4.823502523603862002e-03
4.580081405827662877e-03
4.847771399162703609e-03
5.126572503608595177e-03
4.483151385832551128e-03
4.984174712500788473e-03
4.751894058255601294e-03
4.786395331370818518e-03
4.787418658039110930e-03
4.688441984707303334e-03
4.867243089153316937e-03
4.679377526932704257e-03
4.347067520267700047e-03
5.081424180269356050e-03
5.004669729159694214e-03
5.072359722494534928e-03
4.562271938051809528e-03
4.918850820275655344e-03
4.586540813610318068e-03
4.565341918056464721e-03
4.544143022502611373e-03
5.056277460281921599e-03
4.857300786950236038e-03
4.769435224729501321e-03
4.803791884731234418e-03
4.749259655843718342e-03
4.728060760289864994e-03
4.995750753624794704e-03
4.774551858070741339e-03
4.942241851405682063e-03
4.809960338703178628e-03
4.555568464753689817e-03
4.923258458088386469e-03
5.035392895867740748e-03
4.980860666980557738e-03
5.126328438093241679e-03
4.616240653650294234e-03
4.983930646985323953e-03
4.873842862542332455e-03
4.919310633655138432e-03
5.087000626990079155e-03
4.688023953658304599e-03
5.111269502548809740e-03
4.856737273661315690e-03
5.168871711440647942e-03
4.736561704775654746e-03
4.648696142555031052e-03
5.038608358112317553e-03
4.761853907002677744e-03
5.062877233670937116e-03
4.841678338116994773e-03
5.342701664785232119e-03
4.954836102564752487e-03
4.700332367639892261e-03
4.745940493690259387e-03
4.680297153691892476e-03
4.570209369249011999e-03
4.826788251472646785e-03
4.738922689252134113e-03
4.806612682587085850e-03
5.307636009255212173e-03
4.908659335923548639e-03
5.043015995925159700e-03
5.055150433704413970e-03
4.911729315928314854e-03
4.979419309263266591e-03
5.291553747042598843e-03
5.014799295933181078e-03
4.982489289267921784e-03
4.872401504825263352e-03
5.117869275937603213e-03
5.063337047050420203e-03
5.153249262607628722e-03
5.209828144831285535e-03
5.121962582610772863e-03
4.822985909279098315e-03
5.124037729909991512e-03
5.002979189293599305e-03
5.148446960406172224e-03
4.649470287074519703e-03
4.817160280409349404e-03
5.040405829299876572e-03
5.041429155968168985e-03
5.175785815969669024e-03
4.887920253749178379e-03
5.011165802639605538e-03
5.023300240418970830e-03
5.090990233753811545e-03
4.725346893755588695e-03
5.248592442645971801e-03
5.316282435980812515e-03
5.050639095982467630e-03
5.151662422650749029e-03
4.797130193763265993e-03
4.853709075987255872e-03
4.832510180433180480e-03
5.122422395990366972e-03
4.679001278214189874e-03
4.646691271548930580e-03
4.992188395081753605e-03
5.260023001530278464e-03
5.072157439309665783e-03
4.984291877088931066e-03
4.740870759312731941e-03
4.608560752647816727e-03
4.798472968204903211e-03
4.888385183762000707e-03
4.878297399319109218e-03
5.279320725987468599e-03
5.035899608211269474e-03
4.959145157101496615e-03
5.126835150436548361e-03
4.961191810438192462e-03
5.262215137106340812e-03
5.241016241552376442e-03
4.708706234887172215e-03
4.965285117111140067e-03
4.966308443779432480e-03
5.156220659336518963e-03
4.668355097115939323e-03
5.002711757117417335e-03
5.025957306007966530e-03
4.593647299342862311e-03
4.894699119973755508e-03
4.629196134913082794e-03
4.463552794914615873e-03
4.709020566027288801e-03
4.843377226028788840e-03
5.222178330474891439e-03
4.712090546032055016e-03
4.679780539366906744e-03
5.136359421590630525e-03
4.915160526036688182e-03
4.782850519371772968e-03
4.761651623817808598e-03
5.018230506041443384e-03
5.152587166043054445e-03
5.098054937155760413e-03
4.799078263824085866e-03
4.911212701603440145e-03
4.823347139382705429e-03
5.268814910495356330e-03
4.903171570497133480e-03
5.070861563831963181e-03
4.905218223833607283e-03
4.972908217168336975e-03
4.907293371132603887e-03
5.319568163849708320e-03
5.498369268295610901e-03
5.154948150519422789e-03
4.844860366076564340e-03
5.068105914967091508e-03
4.635795908301987289e-03
4.836819234970146653e-03
4.848953672749622967e-03
4.849976999417804358e-03
5.451000326086141712e-03
4.463134763865506116e-03
5.219713646089196857e-03
5.198514750535343509e-03
4.821760299425714713e-03
4.911672514982923232e-03
5.290473619428914809e-03
4.947052501652726697e-03
4.870298050543175883e-03
5.260210266100240339e-03
5.161233592768654788e-03
4.973368030547931085e-03
4.541058023882826866e-03
4.942110702971014291e-03
5.132166661814263620e-03
4.966519075010222828e-03
4.923097957233890654e-03
4.968565728346585608e-03
4.669589055014911061e-03
4.559501270571919562e-03
4.938302375018133183e-03
5.017103479463935756e-03
5.151460139465546817e-03
4.830261243911726510e-03
4.964617903913226549e-03
5.310085675025999485e-03
5.355553446138694440e-03
4.889910106140260559e-03
5.090933432808530945e-03
4.969734537254466566e-03
4.559646752811841175e-03
5.049558968368783596e-03
5.061693406148037866e-03
5.062716732816330278e-03
4.663740059484666745e-03
4.720318941708434579e-03
4.876927176352241489e-03
5.455872893911806187e-03
4.879118442802310440e-03
5.157919547248313030e-03
4.981165096138884252e-03
5.237743978362741082e-03
5.249878416141995352e-03
4.984235076143761489e-03
4.696369513923048800e-03
4.864059507257767478e-03
5.187305056148283633e-03
5.221661716149905708e-03
4.544907265040420974e-03
4.834819480597607466e-03
5.246953918376928705e-03
5.081310578378461784e-03
4.849000571713446561e-03
4.827801676159482192e-03
4.962158336160982230e-03
4.952070551718090741e-03
5.297538322830863677e-03
4.598561649499011139e-03
5.077362753945102725e-03
5.022859019020331495e-03
4.890689367293088452e-03
4.991712693961258829e-03
4.959402687296110557e-03
4.804870458408827538e-03
5.161449340632673355e-03
4.740250445078864061e-03
