-5.452555555555557154e-01
-5.454000000000001069e-01
-5.455444444444444985e-01
-5.453666666666666663e-01
-5.455555555555555713e-01
-5.452222222222222747e-01
-5.453222222222221527e-01
-5.455444444444443874e-01
-5.453888888888888120e-01
-5.451888888888888340e-01
-5.451222222222222857e-01
-5.453666666666666663e-01
-5.452444444444445315e-01
-5.454333333333332146e-01
-5.453111111111110798e-01
-5.453222222222221527e-01
-5.454555555555554713e-01
-5.456222222222222307e-01
-5.449222222222221967e-01
-5.450333333333332586e-01
-5.454777777777777281e-01
-5.454888888888889120e-01
-5.457222222222222197e-01
-5.449444444444444535e-01
-5.452666666666666773e-01
-5.455555555555556824e-01
-5.455555555555555713e-01
-5.453999999999999959e-01
-5.457666666666667332e-01
-5.455555555555555713e-01
-5.452444444444444205e-01
-5.452333333333333476e-01
-5.451888888888889451e-01
-5.452777777777777501e-01
-5.451333333333333586e-01
-5.453777777777778502e-01
-5.457222222222222197e-01
-5.449666666666667103e-01
-5.453000000000000069e-01
-5.459222222222223087e-01
-5.453888888888889230e-01
-5.452777777777777501e-01
-5.452666666666667883e-01
-5.454111111111110688e-01
-5.451666666666666883e-01
-5.455888888888887900e-01
-5.451333333333333586e-01
-5.452555555555554934e-01
-5.454555555555555824e-01
-5.450222222222221857e-01
-5.452555555555554934e-01
-5.450222222222221857e-01
-5.450222222222221857e-01
-5.454000000000001069e-01
-5.450666666666665883e-01
-5.452000000000000179e-01
-5.451222222222221747e-01
-5.452666666666666773e-01
-5.453666666666665552e-01
-5.450444444444444425e-01
-5.450777777777777722e-01
-5.456777777777778171e-01
-5.455111111111111688e-01
-5.451777777777776501e-01
-5.457333333333332925e-01
-5.453222222222221527e-01
-5.451444444444444315e-01
-5.455333333333334256e-01
-5.454444444444445095e-01
-5.447777777777778052e-01
-5.452555555555554934e-01
-5.450777777777777722e-01
-5.455444444444444985e-01
-5.451666666666665773e-01
-5.455666666666666442e-01
-5.448555555555555374e-01
-5.449888888888888561e-01
-5.450777777777777722e-01
-5.453111111111110798e-01
-5.454000000000001069e-01
-5.453777777777778502e-01
-5.451111111111109908e-01
-5.453888888888888120e-01
-5.453111111111110798e-01
-5.455777777777777171e-01
-5.455777777777778281e-01
-5.454222222222222527e-01
-5.451666666666665773e-01
-5.453111111111110798e-01
-5.453999999999999959e-01
-5.453333333333332256e-01
-5.454777777777777281e-01
-5.453444444444444095e-01
-5.452777777777777501e-01
-5.451444444444445425e-01
-5.453777777777778502e-01
-5.452222222222222747e-01
-5.450555555555555154e-01
-5.453666666666665552e-01
-5.453333333333333366e-01
-5.456888888888888900e-01
-5.451333333333333586e-01
-5.451333333333332476e-01
-5.451333333333334696e-01
-5.453666666666666663e-01
-5.452333333333333476e-01
-5.450555555555555154e-01
-5.453888888888889230e-01
-5.456777777777778171e-01
-5.452888888888888230e-01
-5.451444444444445425e-01
-5.452666666666666773e-01
-5.450333333333332586e-01
-5.448000000000000620e-01
-5.451333333333333586e-01
-5.452666666666666773e-01
-5.450000000000000400e-01
-5.455333333333334256e-01
-5.451333333333333586e-01
-5.455222222222223527e-01
-5.451333333333333586e-01
-5.452777777777778612e-01
-5.452666666666665662e-01
-5.455777777777777171e-01
-5.450222222222221857e-01
-5.452777777777778612e-01
-5.454777777777777281e-01
-5.447999999999999510e-01
-5.453555555555555934e-01
-5.452555555555556044e-01
-5.452111111111110908e-01
-5.452666666666666773e-01
-5.456666666666666332e-01
-5.453444444444444095e-01
-5.447222222222222188e-01
-5.454333333333334366e-01
-5.453444444444444095e-01
-5.452777777777778612e-01
-5.452444444444444205e-01
-5.451666666666665773e-01
-5.452666666666666773e-01
-5.455888888888887900e-01
-5.454111111111111798e-01
-5.446777777777778162e-01
-5.453333333333333366e-01
-5.449777777777777832e-01
-5.453555555555555934e-01
-5.454000000000001069e-01
-5.452111111111110908e-01
-5.451888888888889451e-01
-5.457555555555555493e-01
-5.456000000000000849e-01
-5.454444444444443985e-01
-5.451666666666666883e-01
-5.453888888888889230e-01
-5.453666666666666663e-01
-5.448888888888888671e-01
-5.450666666666665883e-01
-5.451111111111112129e-01
-5.454888888888889120e-01
-5.453333333333332256e-01
-5.453555555555555934e-01
-5.453111111111110798e-01
-5.457111111111110358e-01
-5.454444444444443985e-01
-5.451111111111111018e-01
-5.456555555555555603e-01
-5.454888888888889120e-01
-5.445777777777777162e-01
-5.452666666666665662e-01
-5.447777777777778052e-01
-5.451888888888888340e-01
-5.453777777777777391e-01
-5.453222222222221527e-01
-5.455222222222222417e-01
-5.449444444444444535e-01
-5.452666666666665662e-01
-5.450888888888888451e-01
-5.453666666666665552e-01
-5.451888888888888340e-01
-5.456111111111110468e-01
-5.449222222222220857e-01
-5.453111111111111908e-01
-5.450222222222222968e-01
-5.451222222222222857e-01
-5.452888888888889340e-01
-5.458111111111111358e-01
-5.450000000000001510e-01
-5.453222222222221527e-01
-5.451555555555555044e-01
-5.452777777777778612e-01
-5.452666666666666773e-01
-5.454999999999999849e-01
-5.455888888888887900e-01
-5.453777777777778502e-01
-5.451444444444444315e-01
-5.450000000000000400e-01
-5.453555555555555934e-01
-5.456444444444444875e-01
-5.453111111111110798e-01
-5.449666666666667103e-01
-5.450555555555554044e-01
-5.452333333333334586e-01
-5.452000000000000179e-01
-5.453666666666667773e-01
-5.454111111111110688e-01
-5.457222222222222197e-01
-5.455111111111111688e-01
-5.451888888888888340e-01
-5.452333333333333476e-01
-5.452666666666666773e-01
-5.453777777777778502e-01
-5.452000000000000179e-01
-5.454444444444445095e-01
-5.451888888888887230e-01
-5.455999999999999739e-01
-5.454222222222221417e-01
-5.452555555555554934e-01
-5.451555555555555044e-01
-5.449999999999999289e-01
-5.451777777777776501e-01
-5.454555555555555824e-01
-5.452888888888890451e-01
-5.452888888888888230e-01
-5.455222222222222417e-01
-5.451888888888888340e-01
-5.456444444444443764e-01
-5.450888888888888451e-01
-5.451666666666666883e-01
-5.453888888888888120e-01
-5.452333333333333476e-01
-5.453000000000000069e-01
-5.451222222222221747e-01
-5.450000000000000400e-01
-5.451222222222222857e-01
-5.453444444444444095e-01
-5.448111111111111349e-01
-5.453333333333333366e-01
-5.455999999999999739e-01
-5.450888888888889561e-01
-5.451888888888888340e-01
-5.453000000000000069e-01
-5.449333333333332696e-01
-5.445777777777777162e-01
-5.453999999999999959e-01
-5.452111111111110908e-01
-5.451444444444444315e-01
-5.452333333333333476e-01
-5.451666666666666883e-01
-5.450000000000000400e-01
-5.450666666666665883e-01
-5.453333333333333366e-01
-5.452111111111110908e-01
-5.450555555555555154e-01
-5.451777777777777612e-01
-5.457222222222221086e-01
-5.454888888888889120e-01
-5.448555555555556484e-01
-5.453222222222222637e-01
-5.451333333333332476e-01
-5.449888888888889671e-01
-5.451777777777777612e-01
-5.451555555555555044e-01
-5.456333333333334146e-01
-5.450444444444444425e-01
-5.454666666666666552e-01
-5.452000000000000179e-01
-5.450666666666665883e-01
-5.450888888888888451e-01
-5.453777777777778502e-01
-5.451999999999999069e-01
-5.456111111111110468e-01
-5.455000000000000959e-01
-5.456666666666667442e-01
-5.463111111111110807e-01
-5.464444444444443993e-01
-5.463999999999999968e-01
-5.468666666666668341e-01
-5.468444444444444663e-01
-5.475222222222222435e-01
-5.477888888888888808e-01
-5.478555555555555401e-01
-5.483000000000000096e-01
-5.491444444444444350e-01
-5.495777777777778317e-01
-5.501222222222222902e-01
-5.504444444444444029e-01
-5.510222222222221911e-01
-5.513444444444445258e-01
-5.518444444444444708e-01
-5.530777777777777793e-01
-5.532777777777777573e-01
-5.535000000000001030e-01
-5.543333333333334556e-01
-5.552666666666666861e-01
-5.550555555555555243e-01
-5.552333333333332455e-01
-5.559777777777776819e-01
-5.560888888888889658e-01
-5.565444444444443972e-01
-5.567444444444444862e-01
-5.565111111111110676e-01
-5.565999999999999837e-01
-5.561333333333333684e-01
-5.559444444444444633e-01
-5.560333333333333794e-01
-5.555000000000001048e-01
-5.554555555555554802e-01
-5.544777777777778471e-01
-5.540333333333333776e-01
-5.535999999999999810e-01
-5.532888888888889412e-01
-5.524777777777778454e-01
-5.516999999999999682e-01
-5.519111111111111301e-01
-5.512000000000001343e-01
-5.505555555555555758e-01
-5.501777777777777656e-01
-5.491777777777777647e-01
-5.483555555555555960e-01
-5.481222222222222884e-01
-5.476666666666667460e-01
-5.464333333333333265e-01
-5.463333333333334485e-01
-5.451888888888889451e-01
-5.444222222222222518e-01
-5.438000000000000611e-01
-5.433999999999999941e-01
-5.426777777777777034e-01
-5.417777777777776915e-01
-5.414888888888889085e-01
-5.406777777777778127e-01
-5.406444444444444830e-01
-5.394333333333333202e-01
-5.388999999999999346e-01
-5.390000000000000346e-01
-5.386333333333332973e-01
-5.378555555555555312e-01
-5.377111111111110286e-01
-5.376777777777778100e-01
-5.373888888888889159e-01
-5.377333333333332854e-01
-5.366333333333334066e-01
-5.369888888888889600e-01
-5.363666666666665472e-01
-5.362888888888890371e-01
-5.363666666666666583e-01
-5.364999999999999769e-01
-5.362999999999999989e-01
-5.365777777777778201e-01
-5.370555555555555083e-01
-5.374111111111110617e-01
-5.382000000000000117e-01
-5.385666666666667490e-01
-5.387666666666667270e-01
-5.394555555555554660e-01
-5.401333333333333542e-01
-5.403555555555557000e-01
-5.412555555555556008e-01
-5.418888888888889754e-01
-5.431000000000000272e-01
-5.436333333333333018e-01
-5.447555555555555484e-01
-5.457888888888888790e-01
-5.466333333333333044e-01
-5.474666666666666570e-01
-5.482666666666666799e-01
-5.497666666666666258e-01
-5.502444444444444249e-01
-5.517777777777778114e-01
-5.519555555555556436e-01
-5.525888888888889072e-01
-5.537333333333332996e-01
-5.540555555555555234e-01
-5.549555555555556463e-01
-5.553777777777777480e-01
-5.553999999999998938e-01
-5.560111111111110116e-01
-5.559666666666667201e-01
-5.562666666666665760e-01
-5.563444444444445303e-01
-5.562888888888889438e-01
-5.559333333333333904e-01
-5.557666666666666311e-01
-5.554888888888888099e-01
-5.550222222222221946e-01
-5.543333333333333446e-01
-5.538888888888888751e-01
-5.535111111111111759e-01
-5.527999999999999581e-01
-5.522888888888889403e-01
-5.521555555555556216e-01
-5.516888888888887843e-01
-5.509111111111111292e-01
-5.505222222222222461e-01
-5.498888888888887605e-01
-5.497999999999999554e-01
-5.487666666666667359e-01
-5.483888888888889257e-01
-5.470555555555555172e-01
-5.469888888888889689e-01
-5.460444444444445544e-01
-5.447555555555555484e-01
-5.443999999999999950e-01
-5.437555555555556586e-01
-5.432888888888888212e-01
-5.430666666666666975e-01
-5.418555555555556458e-01
-5.411777777777777576e-01
-5.406333333333334101e-01
-5.406666666666667398e-01
-5.395555555555555660e-01
-5.395777777777779338e-01
-5.386555555555555541e-01
-5.377555555555555422e-01
-5.372666666666666702e-01
-5.372444444444444134e-01
-5.371000000000001329e-01
-5.362111111111111938e-01
-5.355111111111111599e-01
-5.354555555555555735e-01
-5.356333333333334057e-01
-5.352666666666666684e-01
-5.360333333333332506e-01
-5.361222222222221667e-01
-5.368555555555556413e-01
-5.371666666666666812e-01
-5.380444444444444363e-01
-5.381111111111110956e-01
-5.386888888888888838e-01
-5.392444444444444152e-01
-5.399444444444444491e-01
-5.404111111111110644e-01
-5.407222222222221042e-01
-5.418777777777779026e-01
-5.426888888888888873e-01
-5.436222222222222289e-01
-5.445000000000000950e-01
-5.446222222222222298e-01
-5.456888888888888900e-01
-5.462444444444444214e-01
-5.472000000000000197e-01
-5.478222222222223214e-01
-5.489000000000000545e-01
-5.492000000000000215e-01
-5.497333333333334071e-01
-5.501888888888888385e-01
-5.508000000000000673e-01
-5.519222222222222030e-01
-5.519111111111111301e-01
-5.520111111111112301e-01
-5.523666666666666725e-01
-5.527333333333334098e-01
-5.533555555555556005e-01
-5.531222222222222928e-01
-5.531888888888888411e-01
-5.529333333333332767e-01
-5.527555555555555555e-01
-5.526111111111111640e-01
-5.523111111111110860e-01
-5.523222222222221589e-01
-5.515222222222221360e-01
-5.512555555555554987e-01
-5.511444444444444368e-01
-5.507888888888889944e-01
-5.500222222222221902e-01
-5.500666666666667037e-01
-5.490666666666667028e-01
-5.489444444444444571e-01
-5.481222222222222884e-01
-5.475333333333333163e-01
-5.466999999999999638e-01
-5.463111111111111917e-01
-5.451444444444444315e-01
-5.448111111111111349e-01
-5.441222222222221738e-01
-5.432999999999998941e-01
-5.429222222222221950e-01
-5.416777777777777025e-01
-5.413999999999998813e-01
-5.408777777777777906e-01
-5.402555555555555999e-01
-5.396333333333332982e-01
-5.386666666666666270e-01
-5.381666666666666821e-01
-5.376555555555556642e-01
-5.371777777777777541e-01
-5.368444444444443464e-01
-5.367222222222223227e-01
-5.367444444444444684e-01
-5.370333333333333625e-01
-5.372111111111110837e-01
-5.373666666666667702e-01
-5.383222222222222575e-01
-5.385444444444444922e-01
-5.391222222222221694e-01
-5.398000000000000576e-01
-5.404999999999999805e-01
-5.410333333333333661e-01
-5.419333333333332670e-01
-5.425666666666666416e-01
-5.438777777777777933e-01
-5.440666666666666984e-01
-5.449666666666667103e-01
-5.468666666666667231e-01
-5.471999999999999087e-01
-5.486222222222223444e-01
-5.494888888888888046e-01
-5.509222222222222021e-01
-5.519444444444443487e-01
-5.531888888888887301e-01
-5.540111111111111208e-01
-5.553777777777777480e-01
-5.562888888888889438e-01
-5.577222222222222303e-01
-5.583666666666666778e-01
-5.591444444444445550e-01
-5.591666666666667007e-01
-5.594999999999999973e-01
-5.593222222222222761e-01
-5.589555555555555388e-01
-5.587666666666666337e-01
-5.581555555555554049e-01
-5.573777777777776388e-01
-5.560555555555555252e-01
-5.548888888888888760e-01
-5.541555555555555124e-01
-5.528444444444444716e-01
-5.520000000000000462e-01
-5.504666666666665487e-01
-5.493777777777777427e-01
-5.480666666666667020e-01
-5.471666666666666901e-01
-5.455222222222222417e-01
-5.443111111111110789e-01
-5.432777777777777484e-01
-5.413222222222222602e-01
-5.398555555555556440e-01
-5.386666666666666270e-01
-5.371999999999998998e-01
-5.362333333333333396e-01
-5.355888888888888921e-01
-5.346111111111111480e-01
-5.340111111111112141e-01
-5.335888888888890014e-01
-5.337777777777777954e-01
-5.343777777777778404e-01
-5.349222222222221879e-01
-5.356999999999999540e-01
-5.367444444444443574e-01
-5.375333333333333075e-01
-5.388555555555555321e-01
-5.397555555555555440e-01
-5.415111111111110542e-01
-5.432555555555556026e-01
-5.440555555555556255e-01
-5.465888888888890129e-01
-5.478333333333333943e-01
-5.491111111111111054e-01
-5.506999999999999673e-01
-5.522555555555554996e-01
-5.539111111111111319e-01
-5.551444444444444404e-01
-5.566888888888888998e-01
-5.582444444444444320e-01
-5.598222222222221101e-01
-5.604888888888888143e-01
-5.607000000000000872e-01
-5.616222222222222449e-01
-5.616444444444445017e-01
-5.618555555555555525e-01
-5.616111111111110610e-01
-5.611999999999999211e-01
-5.612555555555556186e-01
-5.603666666666666796e-01
-5.599111111111110262e-01
-5.595888888888889134e-01
-5.587111111111111583e-01
-5.579888888888888676e-01
-5.571444444444444422e-01
-5.555333333333334345e-01
-5.549555555555555353e-01
-5.544000000000000039e-01
-5.530888888888889632e-01
-5.521999999999999131e-01
-5.509999999999999343e-01
-5.494777777777778427e-01
-5.480666666666667020e-01
-5.471555555555556172e-01
-5.454444444444443985e-01
-5.445333333333333137e-01
-5.433777777777778484e-01
-5.415444444444443839e-01
-5.405888888888888966e-01
-5.395222222222222364e-01
-5.380111111111111066e-01
-5.377222222222221015e-01
-5.373222222222222566e-01
-5.365888888888888930e-01
-5.367999999999999439e-01
-5.371111111111112058e-01
-5.378666666666667151e-01
-5.387333333333333973e-01
-5.394999999999998685e-01
-5.412888888888889305e-01
-5.420666666666665856e-01
-5.433444444444445187e-01
-5.447333333333332916e-01
-5.465444444444443883e-01
-5.478333333333332833e-01
-5.489555555555556410e-01
-5.507333333333332970e-01
-5.510999999999999233e-01
-5.522111111111112081e-01
-5.533666666666666734e-01
-5.544444444444444065e-01
-5.555111111111110667e-01
-5.559333333333332794e-01
-5.570333333333332693e-01
-5.576555555555555710e-01
-5.579888888888889786e-01
-5.580000000000000515e-01
-5.578444444444444761e-01
-5.583666666666666778e-01
-5.575888888888889117e-01
-5.573777777777776388e-01
-5.571333333333332583e-01
-5.569999999999999396e-01
-5.563111111111112006e-01
-5.554555555555555912e-01
-5.547888888888888870e-01
-5.542666666666666853e-01
-5.533888888888889301e-01
-5.525777777777777233e-01
-5.522666666666666835e-01
-5.510999999999999233e-01
-5.505999999999999783e-01
-5.499666666666666037e-01
-5.491111111111111054e-01
-5.487333333333332952e-01
-5.482666666666666799e-01
-5.470111111111111146e-01
-5.471000000000000307e-01
-5.465666666666667561e-01
-5.457444444444443654e-01
-5.460555555555555163e-01
-5.453999999999999959e-01
-5.452333333333334586e-01
-5.448333333333333917e-01
-5.448666666666667213e-01
-5.446333333333331916e-01
-5.445777777777778272e-01
-5.448444444444445756e-01
-5.450888888888889561e-01
-5.450333333333333696e-01
-5.456666666666666332e-01
-5.457111111111110358e-01
-5.464777777777778400e-01
-5.467888888888888799e-01
-5.471333333333333604e-01
-5.476444444444444892e-01
-5.480222222222221884e-01
-5.485666666666666469e-01
-5.492000000000000215e-01
-5.497333333333332961e-01
-5.499333333333332741e-01
-5.510222222222221911e-01
-5.513333333333334529e-01
-5.516999999999999682e-01
-5.520666666666665945e-01
-5.524999999999999911e-01
-5.533444444444444166e-01
-5.531222222222222928e-01
-5.535000000000001030e-01
-5.538333333333332886e-01
-5.532888888888888301e-01
-5.537111111111110429e-01
-5.534555555555554784e-01
-5.533777777777777462e-01
-5.526666666666666394e-01
-5.523333333333333428e-01
-5.520333333333332648e-01
-5.512999999999999012e-01
-5.506555555555556758e-01
-5.497555555555555529e-01
-5.498222222222222122e-01
-5.487999999999999545e-01
-5.480555555555555181e-01
-5.478999999999999426e-01
-5.464999999999999858e-01
-5.457333333333332925e-01
-5.449222222222221967e-01
-5.442666666666666764e-01
-5.438000000000000611e-01
-5.426444444444444848e-01
-5.418888888888888644e-01
-5.414999999999999813e-01
-5.401888888888888296e-01
-5.394111111111111745e-01
-5.389333333333332643e-01
-5.382666666666665600e-01
-5.369777777777778871e-01
-5.367999999999999439e-01
-5.363444444444444015e-01
-5.364111111111111718e-01
-5.363444444444444015e-01
-5.367999999999999439e-01
-5.375999999999999668e-01
-5.379111111111111176e-01
-5.387666666666666160e-01
-5.393555555555554770e-01
-5.402000000000000135e-01
-5.412111111111110873e-01
-5.414222222222222491e-01
-5.427666666666666195e-01
-5.437888888888888772e-01
-5.447777777777778052e-01
-5.463999999999998858e-01
-5.468777777777777960e-01
-5.482777777777777528e-01
-5.491333333333332511e-01
-5.496666666666666368e-01
-5.509444444444443478e-01
-5.515111111111110631e-01
-5.529444444444444606e-01
-5.542888888888888310e-01
-5.550666666666667082e-01
-5.564222222222221514e-01
-5.573666666666666769e-01
-5.580888888888888566e-01
-5.588999999999999524e-01
-5.595222222222222541e-01
-5.604333333333333389e-01
-5.605444444444445118e-01
-5.611888888888888482e-01
-5.614333333333334508e-01
-5.613555555555554966e-01
-5.617222222222222339e-01
-5.611666666666667025e-01
-5.611111111111111160e-01
-5.611555555555554076e-01
-5.605222222222221440e-01
-5.610000000000000542e-01
-5.608444444444444787e-01
-5.609555555555556516e-01
-5.612666666666665805e-01
-5.613888888888889372e-01
-5.610222222222221999e-01
-5.611999999999999211e-01
-5.613333333333332398e-01
-5.616444444444445017e-01
-5.611000000000000432e-01
-5.617000000000000881e-01
-5.607666666666666355e-01
-5.605555555555556957e-01
-5.607444444444443787e-01
-5.604777777777777414e-01
-5.597999999999999643e-01
-5.592333333333333600e-01
-5.586111111111110583e-01
-5.585666666666667668e-01
-5.578999999999999515e-01
-5.572444444444443201e-01
-5.561333333333332574e-01
-5.553888888888888209e-01
-5.547444444444444844e-01
-5.543222222222221607e-01
-5.534222222222222598e-01
-5.521222222222221809e-01
-5.511666666666665826e-01
-5.501111111111111063e-01
-5.493555555555555969e-01
-5.483777777777777418e-01
-5.465222222222222426e-01
-5.461333333333333595e-01
-5.449555555555555264e-01
-5.436222222222222289e-01
-5.425888888888888983e-01
-5.413000000000000034e-01
-5.404666666666666508e-01
-5.399555555555555220e-01
-5.393666666666666609e-01
-5.385888888888888948e-01
-5.381000000000000227e-01
-5.382111111111110846e-01
-5.384555555555555761e-01
-5.390666666666665829e-01
-5.401777777777778677e-01
-5.401888888888888296e-01
-5.408555555555555339e-01
-5.414999999999999813e-01
-5.423777777777778475e-01
-5.430888888888888433e-01
-5.439666666666665984e-01
-5.445777777777777162e-01
-5.452111111111110908e-01
-5.460555555555556273e-01
-5.472333333333332384e-01
-5.478777777777777969e-01
-5.490777777777778867e-01
-5.497555555555555529e-01
-5.506666666666666377e-01
-5.519111111111111301e-01
-5.528111111111111420e-01
-5.541666666666666963e-01
-5.549888888888889760e-01
-5.562888888888889438e-01
-5.569333333333332803e-01
-5.583555555555554939e-01
-5.590888888888888575e-01
-5.606333333333333169e-01
-5.608444444444444787e-01
-5.614888888888889262e-01
-5.622222222222221788e-01
-5.622444444444444356e-01
-5.626666666666666483e-01
-5.628444444444444805e-01
-5.627555555555555644e-01
-5.634000000000000119e-01
-5.636666666666667602e-01
-5.638111111111110407e-01
-5.636444444444443924e-01
-5.641222222222221916e-01
-5.641555555555556323e-01
-5.641444444444444484e-01
-5.636777777777778331e-01
-5.633444444444443144e-01
-5.636222222222222467e-01
-5.623000000000000220e-01
-5.623777777777778653e-01
-5.618000000000000771e-01
-5.617888888888890042e-01
-5.608888888888888813e-01
-5.604999999999999982e-01
-5.602555555555555067e-01
-5.592666666666665787e-01
-5.595888888888889134e-01
-5.588111111111111473e-01
-5.582666666666669109e-01
-5.573555555555554930e-01
-5.572111111111111015e-01
-5.565888888888887998e-01
-5.562444444444445413e-01
-5.552777777777777590e-01
-5.550444444444444514e-01
-5.540111111111111208e-01
-5.536444444444444946e-01
-5.529888888888888632e-01
-5.521222222222221809e-01
-5.514111111111110741e-01
-5.507777777777778105e-01
-5.499777777777777876e-01
-5.489888888888888596e-01
-5.478444444444445782e-01
-5.472666666666666790e-01
-5.456222222222222307e-01
-5.447444444444443645e-01
-5.440111111111111120e-01
-5.436666666666667425e-01
-5.425222222222222390e-01
-5.419666666666667076e-01
-5.417444444444443619e-01
-5.413888888888889195e-01
-5.418000000000000593e-01
-5.425555555555554577e-01
-5.431222222222222840e-01
-5.434444444444443967e-01
-5.440777777777778823e-01
-5.446111111111110459e-01
-5.452333333333333476e-01
-5.456111111111110468e-01
-5.460333333333332595e-01
-5.458888888888888680e-01
-5.466999999999999638e-01
-5.469222222222220875e-01
-5.478111111111112486e-01
-5.478000000000000647e-01
-5.481555555555556181e-01
-5.494444444444445130e-01
-5.500666666666664817e-01
-5.505444444444443919e-01
-5.515666666666666496e-01
-5.524333333333333318e-01
-5.530444444444444496e-01
-5.539666666666666073e-01
-5.548888888888888760e-01
-5.555777777777778370e-01
-5.568111111111111455e-01
-5.577111111111111574e-01
-5.583777777777777507e-01
-5.592444444444445439e-01
-5.594333333333333380e-01
-5.602777777777778745e-01
-5.604222222222222660e-01
-5.607222222222222330e-01
-5.605222222222221440e-01
-5.606666666666667576e-01
-5.601333333333333719e-01
-5.599111111111110262e-01
-5.596999999999999753e-01
-5.594999999999999973e-01
-5.593444444444444219e-01
-5.581888888888888456e-01
-5.575444444444443981e-01
-5.569000000000000616e-01
-5.558777777777778040e-01
-5.552333333333332455e-01
-5.541111111111111098e-01
-5.535111111111110649e-01
-5.520333333333332648e-01
-5.513222222222222690e-01
-5.501444444444444359e-01
-5.493111111111110834e-01
-5.485333333333333172e-01
-5.471333333333333604e-01
-5.459444444444443434e-01
-5.442222222222221628e-01
-5.429888888888888543e-01
-5.420555555555555127e-01
-5.412333333333333441e-01
-5.399777777777777787e-01
-5.397666666666667279e-01
-5.389555555555556321e-01
-5.388999999999999346e-01
-5.394555555555555770e-01
-5.402000000000000135e-01
-5.412666666666665627e-01
-5.422888888888889314e-01
-5.433555555555554806e-01
-5.448222222222222078e-01
-5.462555555555556053e-01
-5.474777777777777299e-01
-5.492888888888889376e-01
-5.507111111111110402e-01
-5.524333333333333318e-01
-5.544555555555555904e-01
-5.556222222222222396e-01
-5.574666666666666659e-01
-5.590555555555556388e-01
-5.599888888888889804e-01
-5.612333333333333618e-01
-5.625777777777778432e-01
-5.641333333333332645e-01
-5.647111111111111637e-01
-5.648666666666666281e-01
-5.648222222222222255e-01
-5.650222222222223145e-01
-5.646111111111111747e-01
-5.641777777777777780e-01
-5.639333333333333975e-01
-5.636111111111110628e-01
-5.626666666666666483e-01
-5.617222222222222339e-01
-5.608444444444444787e-01
-5.601222222222221880e-01
-5.588888888888888795e-01
-5.579111111111111354e-01
-5.571222222222221854e-01
-5.556555555555555692e-01
-5.547999999999999599e-01
-5.535444444444443945e-01
-5.524000000000000021e-01
-5.518777777777778004e-01
-5.508111111111112512e-01
-5.497333333333332961e-01
-5.483999999999999986e-01
-5.473444444444444112e-01
-5.469333333333333824e-01
-5.454666666666666552e-01
-5.441222222222221738e-01
-5.432000000000000162e-01
-5.419222222222221941e-01
-5.412333333333332330e-01
-5.410777777777778796e-01
-5.411333333333332440e-01
-5.411333333333333551e-01
-5.421333333333333560e-01
-5.426999999999999602e-01
-5.440333333333333687e-01
-5.448222222222223188e-01
-5.462444444444443103e-01
-5.472888888888888248e-01
-5.482333333333333503e-01
-5.501888888888888385e-01
-5.514333333333332199e-01
-5.530111111111111200e-01
-5.547222222222222276e-01
-5.560444444444444523e-01
-5.577888888888888896e-01
-5.595111111111110702e-01
-5.608333333333334059e-01
-5.625111111111111839e-01
-5.637999999999999678e-01
-5.651000000000000467e-01
-5.656333333333333213e-01
-5.667222222222222383e-01
-5.673222222222222832e-01
-5.675666666666665527e-01
-5.674444444444444180e-01
-5.673888888888888316e-01
-5.667222222222222383e-01
-5.661888888888887417e-01
-5.654999999999998916e-01
-5.649777777777776899e-01
-5.640888888888889730e-01
-5.633777777777777551e-01
-5.618666666666665144e-01
-5.606888888888889033e-01
-5.603666666666665686e-01
-5.591333333333332600e-01
-5.576777777777778278e-01
-5.569111111111111345e-01
-5.553000000000000158e-01
-5.540333333333332666e-01
-5.525333333333333208e-01
-5.517444444444444818e-01
-5.507111111111111512e-01
-5.491000000000000325e-01
-5.483444444444445232e-01
-5.463444444444444104e-01
-5.459444444444444544e-01
-5.450000000000000400e-01
-5.436999999999999611e-01
-5.432111111111109780e-01
-5.433777777777778484e-01
-5.429555555555555246e-01
-5.434777777777778374e-01
-5.445444444444444976e-01
-5.457333333333332925e-01
-5.470444444444444443e-01
-5.480444444444444452e-01
-5.496222222222222342e-01
-5.507222222222222241e-01
-5.519666666666664945e-01
-5.532777777777777573e-01
-5.544999999999998819e-01
-5.555444444444443963e-01
-5.568444444444443642e-01
-5.578555555555555490e-01
-5.591777777777777736e-01
-5.602222222222221770e-01
-5.610888888888888593e-01
-5.615777777777779534e-01
-5.619444444444445796e-01
-5.624666666666666703e-01
-5.626444444444445026e-01
-5.623888888888888271e-01
-5.619000000000000661e-01
-5.618888888888888822e-01
-5.617000000000000881e-01
-5.609555555555556516e-01
-5.600555555555555287e-01
-5.595666666666666567e-01
-5.586222222222221312e-01
-5.571111111111111125e-01
-5.563777777777778599e-01
-5.556555555555555692e-01
-5.541777777777777692e-01
-5.538111111111111429e-01
-5.527444444444444827e-01
-5.520111111111111191e-01
-5.520666666666667055e-01
-5.507111111111111512e-01
-5.503111111111110842e-01
-5.498222222222222122e-01
-5.490444444444445571e-01
-5.481333333333333613e-01
-5.479222222222221994e-01
-5.463888888888888129e-01
-5.474222222222222545e-01
-5.468444444444444663e-01
-5.460888888888888459e-01
-5.458444444444444654e-01
-5.456777777777778171e-01
-5.454666666666665442e-01
-5.457444444444443654e-01
-5.459333333333334926e-01
-5.473555555555554841e-01
-5.469777777777777850e-01
-5.477000000000000757e-01
-5.481000000000000316e-01
-5.491111111111111054e-01
-5.491333333333333622e-01
-5.501888888888889495e-01
-5.513111111111110851e-01
-5.516555555555555657e-01
-5.527666666666665174e-01
-5.533000000000000140e-01
-5.538666666666666183e-01
-5.547888888888887760e-01
-5.551333333333333675e-01
-5.553666666666665641e-01
-5.558555555555554362e-01
-5.562444444444444303e-01
-5.565222222222222515e-01
-5.566777777777777159e-01
-5.564555555555554811e-01
-5.568222222222222184e-01
-5.565222222222222515e-01
-5.564333333333332243e-01
-5.564333333333332243e-01
-5.562222222222222845e-01
-5.558999999999999497e-01
-5.559222222222222065e-01
-5.556111111111110556e-01
-5.552111111111110997e-01
-5.546666666666666412e-01
-5.544222222222222607e-01
-5.538555555555554344e-01
-5.532999999999999030e-01
-5.531111111111109979e-01
-5.522777777777777564e-01
-5.521555555555556216e-01
-5.517333333333334089e-01
-5.511888888888889504e-01
-5.513888888888889284e-01
-5.505111111111111732e-01
-5.504111111111110732e-01
-5.499000000000000554e-01
-5.494444444444445130e-01
-5.494777777777777317e-01
-5.485222222222222443e-01
-5.477777777777778079e-01
-5.471222222222222875e-01
-5.472000000000000197e-01
-5.469777777777777850e-01
-5.455777777777777171e-01
-5.454555555555555824e-01
-5.446777777777778162e-01
-5.452666666666666773e-01
-5.444999999999998730e-01
-5.443222222222221518e-01
-5.445888888888889001e-01
-5.448777777777779052e-01
-5.456777777777777061e-01
-5.459444444444444544e-01
-5.473000000000000087e-01
-5.476111111111110485e-01
-5.482999999999998986e-01
-5.499999999999999334e-01
-5.507666666666666266e-01
-5.519888888888888623e-01
-5.530444444444444496e-01
-5.540666666666667073e-01
-5.551888888888888429e-01
-5.565444444444445082e-01
-5.582000000000000295e-01
-5.589888888888887575e-01
-5.601111111111111152e-01
-5.615000000000001101e-01
-5.622777777777777652e-01
-5.636999999999999789e-01
-5.641888888888889619e-01
-5.659444444444444722e-01
-5.663555555555556120e-01
-5.667111111111111654e-01
-5.672222222222221832e-01
-5.671222222222221943e-01
-5.676111111111110663e-01
-5.674000000000000155e-01
-5.662555555555555120e-01
-5.664333333333332332e-01
-5.653999999999999027e-01
-5.648777777777778120e-01
-5.643222222222221696e-01
-5.635000000000000009e-01
-5.620222222222223118e-01
-5.614999999999999991e-01
-5.603888888888888253e-01
-5.590999999999999304e-01
-5.582777777777777617e-01
-5.568222222222221074e-01
-5.556777777777778260e-01
-5.545222222222221387e-01
-5.534555555555554784e-01
-5.523777777777777453e-01
-5.515333333333333199e-01
-5.507222222222222241e-01
-5.502333333333333520e-01
-5.500000000000000444e-01
-5.494888888888888046e-01
-5.491777777777778757e-01
-5.497666666666666258e-01
-5.498333333333332851e-01
-5.505666666666667597e-01
-5.513333333333333419e-01
-5.518333333333331758e-01
-5.535555555555555785e-01
-5.543222222222222717e-01
-5.556555555555555692e-01
-5.569000000000000616e-01
-5.588333333333332931e-01
-5.604111111111111931e-01
-5.614777777777777423e-01
-5.634444444444444144e-01
-5.650555555555556442e-01
-5.666555555555556900e-01
-5.680444444444444629e-01
-5.688666666666666316e-01
-5.702888888888888452e-01
-5.712999999999999190e-01
-5.713000000000000300e-01
-5.713999999999999080e-01
-5.709888888888888792e-01
-5.702444444444444427e-01
-5.694888888888889333e-01
-5.681333333333333790e-01
-5.670333333333332781e-01
-5.649555555555555442e-01
-5.634666666666666712e-01
-5.615666666666666584e-01
-5.596444444444443889e-01
-5.579888888888888676e-01
-5.558777777777778040e-01
-5.536777777777777132e-01
-5.521888888888888403e-01
-5.512666666666665716e-01
-5.496888888888888935e-01
-5.476666666666667460e-01
-5.454666666666665442e-01
-5.438999999999999391e-01
-5.439444444444443416e-01
-5.437444444444444747e-01
-5.436666666666667425e-01
-5.441666666666666874e-01
-5.442111111111110899e-01
-5.457777777777778061e-01
-5.470999999999999197e-01
-5.482222222222221664e-01
-5.498333333333333961e-01
-5.520666666666665945e-01
-5.536999999999999700e-01
-5.560777777777778930e-01
-5.577888888888888896e-01
-5.599222222222222101e-01
-5.620555555555556415e-01
-5.635888888888889170e-01
-5.657222222222223484e-01
-5.668444444444443731e-01
-5.683333333333333570e-01
-5.698111111111112681e-01
-5.702333333333333698e-01
-5.709222222222222198e-01
-5.709777777777778063e-01
-5.698444444444443757e-01
-5.692888888888888443e-01
-5.681777777777777816e-01
-5.665555555555554790e-01
-5.656555555555554671e-01
-5.643888888888888289e-01
-5.625666666666666593e-01
-5.608333333333332948e-01
-5.597666666666666346e-01
-5.573777777777777498e-01
-5.560444444444443413e-01
-5.546555555555555683e-01
-5.539000000000000590e-01
-5.521333333333333648e-01
-5.514777777777778445e-01
-5.496888888888888935e-01
-5.491333333333332511e-01
-5.479999999999999316e-01
-5.465111111111111697e-01
-5.461333333333333595e-01
-5.453555555555555934e-01
-5.461777777777777620e-01
-5.469555555555555282e-01
-5.476333333333334163e-01
-5.483111111111110825e-01
-5.491555555555555079e-01
-5.506555555555555648e-01
-5.527111111111111530e-01
-5.541333333333333666e-01
-5.564777777777778489e-01
-5.585111111111111803e-01
-5.603333333333333499e-01
-5.625555555555555864e-01
-5.644555555555554882e-01
-5.661555555555556341e-01
-5.675999999999999934e-01
-5.695333333333334469e-01
-5.705555555555554825e-01
-5.594988888888888789e-01
-5.592321944444444970e-01
-5.589260548611111323e-01
-5.585858728993055022e-01
-5.582155197217881781e-01
-5.707777777777777173e-01
-5.692555555555556257e-01
-5.688555555555555587e-01
-5.674000000000000155e-01
-5.657444444444443832e-01
-5.642444444444445484e-01
-5.625888888888889161e-01
-5.612888888888889483e-01
-5.592777777777776516e-01
-5.576999999999999735e-01
-5.558000000000000718e-01
-5.539222222222222047e-01
-5.523888888888889293e-01
-5.503111111111110842e-01
-5.493777777777777427e-01
-5.481222222222222884e-01
-5.469555555555555282e-01
-5.458222222222222086e-01
-5.447888888888888781e-01
-5.440333333333333687e-01
-5.436777777777777043e-01
-5.432888888888888212e-01
-5.434888888888889102e-01
-5.441222222222222848e-01
-5.465555555555555722e-01
-5.487111111111111494e-01
-5.503333333333333410e-01
-5.529111111111111310e-01
-5.544555555555555904e-01
-5.565333333333333243e-01
-5.586555555555556829e-01
-5.607999999999999652e-01
-5.624222222222221568e-01
-5.640111111111111297e-01
-5.648666666666666281e-01
-5.659333333333332883e-01
-5.659444444444443612e-01
-5.661111111111112315e-01
-5.658333333333334103e-01
-5.655111111111110755e-01
-5.654888888888889298e-01
-5.646111111111111747e-01
-5.635444444444445145e-01
-5.628666666666667373e-01
-5.618222222222222229e-01
-5.599666666666666126e-01
-5.590222222222223092e-01
-5.576111111111110574e-01
-5.556888888888887879e-01
-5.546444444444444954e-01
-5.528666666666666174e-01
-5.511777777777777665e-01
-5.492333333333332401e-01
-5.476333333333333053e-01
-5.463333333333333375e-01
-5.447999999999999510e-01
-5.437444444444444747e-01
-5.424444444444446178e-01
-5.409666666666665957e-01
-5.401333333333333542e-01
-5.397444444444443601e-01
-5.403444444444445161e-01
-5.407888888888888745e-01
-5.415999999999998593e-01
-5.426444444444444848e-01
-5.438666666666667204e-01
-5.449222222222220857e-01
-5.472999999999998977e-01
-5.485888888888889037e-01
-5.503555555555555978e-01
-5.516000000000000902e-01
-5.536333333333334217e-01
-5.554666666666666641e-01
-5.576444444444444981e-01
-5.589888888888889795e-01
-5.609111111111111381e-01
-5.622333333333333627e-01
-5.633777777777777551e-01
-5.641222222222221916e-01
-5.652666666666665840e-01
-5.658777777777778129e-01
-5.659222222222222154e-01
-5.653777777777777569e-01
-5.650999999999999357e-01
-5.651555555555556332e-01
-5.647222222222222365e-01
-5.642222222222221806e-01
-5.633222222222222797e-01
-5.622555555555555085e-01
-5.609555555555556516e-01
-5.597333333333334160e-01
-5.583222222222222753e-01
-5.572000000000000286e-01
-5.556999999999999718e-01
-5.539111111111111319e-01
-5.521666666666666945e-01
-5.509444444444444589e-01
-5.488666666666666138e-01
-5.472333333333333494e-01
-5.461888888888889459e-01
-5.443000000000000060e-01
-5.428111111111111331e-01
-5.425111111111111661e-01
-5.411444444444444279e-01
-5.407777777777778017e-01
-5.410666666666666957e-01
-5.412333333333332330e-01
-5.414777777777778356e-01
-5.426444444444444848e-01
-5.437777777777778043e-01
-5.455222222222223527e-01
-5.478111111111112486e-01
-5.483111111111110825e-01
-5.495111111111111724e-01
-5.511999999999999122e-01
-5.525777777777777233e-01
-5.540444444444445615e-01
-5.550555555555554132e-01
-5.563666666666667870e-01
-5.577777777777777057e-01
-5.588555555555555499e-01
-5.600999999999999313e-01
-5.609333333333333949e-01
-5.617888888888888932e-01
-5.621000000000000441e-01
-5.621888888888889602e-01
-5.625000000000000000e-01
-5.623333333333333517e-01
-5.620222222222222008e-01
-5.608333333333332948e-01
-5.599777777777776855e-01
-5.584999999999999964e-01
-5.577444444444444871e-01
-5.562888888888888328e-01
-5.549555555555556463e-01
-5.531555555555555115e-01
-5.512555555555554987e-01
-5.499000000000000554e-01
-5.481777777777777638e-01
-5.467444444444443663e-01
-5.448666666666666103e-01
-5.425666666666666416e-01
-5.414555555555555788e-01
-5.406222222222222262e-01
-5.394444444444443931e-01
-5.392000000000000126e-01
-5.386555555555555541e-01
-5.383333333333333304e-01
-5.391111111111110965e-01
-5.404999999999999805e-01
-5.412666666666666737e-01
-5.431777777777777594e-01
-5.438777777777777933e-01
-5.455333333333334256e-01
-5.472666666666666790e-01
-5.480555555555556291e-01
-5.501888888888888385e-01
-5.515444444444443928e-01
-5.525888888888889072e-01
-5.535888888888889081e-01
-5.556666666666667531e-01
-5.563444444444444192e-01
-5.581555555555555159e-01
-5.591777777777777736e-01
-5.594333333333333380e-01
-5.603555555555556067e-01
-5.606444444444443898e-01
-5.606222222222222440e-01
-5.612555555555556186e-01
-5.608666666666666245e-01
-5.605777777777777304e-01
-5.604444444444445228e-01
-5.594333333333332270e-01
-5.593222222222222761e-01
-5.586444444444444990e-01
-5.579777777777776837e-01
-5.567666666666666320e-01
-5.562888888888889438e-01
-5.551444444444445514e-01
-5.544111111111111878e-01
-5.530000000000000471e-01
-5.520666666666665945e-01
-5.513444444444444148e-01
-5.506444444444443809e-01
-5.494777777777777317e-01
-5.488555555555555410e-01
-5.473999999999999977e-01
-5.461777777777777620e-01
-5.450333333333333696e-01
-5.438777777777777933e-01
-5.427444444444444738e-01
-5.423000000000000043e-01
-5.408444444444443500e-01
-5.403222222222221482e-01
-5.400111111111111084e-01
-5.389777777777777779e-01
-5.393444444444444041e-01
-5.392000000000000126e-01
-5.393333333333333313e-01
-5.400111111111109974e-01
-5.410888888888888415e-01
-5.412555555555556008e-01
-5.421111111111110992e-01
-5.428777777777777924e-01
-5.443000000000000060e-01
-5.450000000000000400e-01
-5.456777777777778171e-01
-5.471666666666666901e-01
-5.491222222222222893e-01
-5.494444444444445130e-01
-5.514555555555555877e-01
-5.523777777777778564e-01
-5.536111111111110539e-01
-5.543777777777777471e-01
-5.554666666666666641e-01
-5.570777777777777828e-01
-5.579999999999999405e-01
-5.586333333333333151e-01
-5.592333333333333600e-01
-5.595555555555555838e-01
-5.602111111111111041e-01
-5.609333333333332838e-01
-5.610111111111112381e-01
-5.609444444444444677e-01
-5.609777777777777974e-01
-5.608777777777778084e-01
-5.606333333333333169e-01
-5.606444444444443898e-01
-5.601666666666665906e-01
-5.592555555555556168e-01
-5.583333333333332371e-01
-5.578222222222222193e-01
-5.571222222222221854e-01
-5.559666666666667201e-01
-5.557000000000000828e-01
-5.542333333333333556e-01
-5.534222222222222598e-01
-5.523444444444444157e-01
-5.515111111111110631e-01
-5.508888888888888724e-01
-5.502111111111109842e-01
-5.493000000000001215e-01
-5.481888888888888367e-01
-5.474777777777778409e-01
-5.470333333333333714e-01
-5.461333333333333595e-01
-5.454888888888889120e-01
-5.448222222222222078e-01
-5.440222222222221848e-01
-5.438333333333333908e-01
-5.436333333333331908e-01
-5.433999999999998831e-01
-5.431444444444444297e-01
-5.433555555555555916e-01
-5.437111111111110340e-01
-5.432777777777776373e-01
-5.438444444444444636e-01
-5.440333333333333687e-01
-5.444999999999999840e-01
-5.449333333333332696e-01
-5.450666666666665883e-01
-5.461333333333333595e-01
-5.465444444444443883e-01
-5.473222222222223765e-01
-5.480888888888889587e-01
-5.492666666666666808e-01
-5.499222222222222012e-01
-5.507111111111110402e-01
-5.516777777777777114e-01
-5.528222222222223259e-01
-5.539777777777776802e-01
-5.545444444444443954e-01
-5.554111111111110777e-01
-5.563666666666667870e-01
-5.574000000000000066e-01
-5.583555555555556049e-01
-5.585444444444443990e-01
-5.593111111111110922e-01
-5.595333333333333270e-01
-5.600444444444443448e-01
-5.603444444444443118e-01
-5.604444444444444118e-01
-5.607999999999999652e-01
-5.603555555555556067e-01
-5.599888888888888694e-01
-5.596666666666666456e-01
-5.594666666666667787e-01
-5.584777777777777397e-01
-5.578666666666666218e-01
-5.574666666666666659e-01
-5.569555555555555371e-01
-5.564999999999999947e-01
-5.553333333333333455e-01
-5.545222222222221387e-01
-5.532777777777778683e-01
-5.527000000000000801e-01
-5.518555555555555436e-01
-5.508333333333332860e-01
-5.500222222222223012e-01
-5.492777777777777537e-01
-5.479888888888888587e-01
-5.474333333333333274e-01
-5.465666666666666451e-01
-5.455111111111111688e-01
-5.446111111111111569e-01
-5.437111111111111450e-01
-5.429777777777778924e-01
-5.419777777777776695e-01
-5.417444444444444729e-01
-5.410111111111111093e-01
-5.403111111111110754e-01
-5.394666666666666499e-01
-5.395111111111110525e-01
-5.397333333333332872e-01
-5.395333333333334203e-01
-5.397777777777776897e-01
-5.402666666666666728e-01
-5.406000000000000805e-01
-5.410999999999999144e-01
-5.423111111111110771e-01
-5.428333333333333899e-01
-5.438111111111111340e-01
-5.450000000000001510e-01
-5.459333333333333815e-01
-5.468555555555555392e-01
-5.482111111111112045e-01
-5.489222222222223113e-01
-5.504555555555554758e-01
-5.513444444444445258e-01
-5.529000000000000581e-01
-5.542555555555555014e-01
-5.558222222222223285e-01
-5.565888888888887998e-01
-5.581333333333332591e-01
-5.588222222222223312e-01
-5.599666666666666126e-01
-5.609000000000000652e-01
-5.617777777777777093e-01
-5.627555555555555644e-01
-5.629222222222221017e-01
-5.635666666666666602e-01
-5.636555555555555763e-01
-5.632666666666666933e-01
-5.635222222222222577e-01
-5.633222222222222797e-01
-5.629777777777777992e-01
-5.626444444444443915e-01
-5.622555555555555085e-01
-5.620333333333333847e-01
-5.615888888888888042e-01
-5.609666666666667245e-01
-5.605111111111110711e-01
-5.596888888888889024e-01
-5.587444444444444880e-01
-5.578333333333334032e-01
-5.570777777777777828e-01
-5.569999999999999396e-01
-5.563000000000000167e-01
-5.550333333333332675e-01
-5.539999999999999369e-01
-5.531888888888889522e-01
-5.527888888888888852e-01
-5.520000000000000462e-01
-5.508000000000000673e-01
-5.499000000000000554e-01
-5.490111111111111164e-01
-5.479444444444444562e-01
-5.477444444444444782e-01
-5.465111111111111697e-01
-5.461777777777778731e-01
-5.448111111111111349e-01
-5.440555555555555145e-01
-5.433333333333333348e-01
-5.429333333333332678e-01
-5.423888888888889204e-01
-5.423555555555554797e-01
-5.424777777777777255e-01
-5.422222222222221610e-01
-5.427555555555555467e-01
-5.433222222222222619e-01
-5.438555555555555365e-01
-5.443666666666666654e-01
-5.450777777777777722e-01
-5.454222222222222527e-01
-5.457111111111111468e-01
-5.465111111111111697e-01
-5.473777777777778519e-01
-5.479777777777778969e-01
-5.489333333333333842e-01
-5.491444444444444350e-01
-5.493222222222223783e-01
-5.509111111111111292e-01
-5.510777777777778885e-01
-5.509555555555555317e-01
-5.517444444444443707e-01
-5.518222222222222140e-01
-5.520333333333332648e-01
-5.528777777777776903e-01
-5.529111111111110199e-01
-5.534111111111111869e-01
-5.536333333333334217e-01
-5.536888888888888971e-01
-5.541111111111111098e-01
-5.539555555555555344e-01
-5.537777777777778132e-01
-5.540111111111110098e-01
-5.536555555555555674e-01
-5.534777777777777352e-01
-5.533444444444444166e-01
-5.534888888888889191e-01
-5.530888888888889632e-01
-5.527333333333334098e-01
-5.528777777777778013e-01
-5.520777777777776674e-01
-5.521000000000000352e-01
-5.518555555555556547e-01
-5.517888888888888843e-01
-5.514777777777778445e-01
-5.508222222222222131e-01
-5.506777777777778216e-01
-5.506444444444444919e-01
-5.502777777777776436e-01
-5.504666666666666597e-01
-5.495555555555555749e-01
-5.496999999999999664e-01
-5.491666666666668029e-01
-5.492555555555556079e-01
-5.494222222222222562e-01
-5.488333333333333952e-01
-5.488555555555554299e-01
-5.484999999999999876e-01
-5.484222222222222554e-01
-5.478777777777776858e-01
-5.480222222222221884e-01
-5.477111111111110375e-01
-5.479222222222221994e-01
-5.474444444444444002e-01
-5.475222222222222435e-01
-5.477111111111111486e-01
-5.478333333333333943e-01
-5.472888888888888248e-01
-5.469777777777777850e-01
-5.469222222222221985e-01
-5.470555555555555172e-01
-5.467999999999999527e-01
-5.468444444444444663e-01
-5.462888888888888239e-01
-5.464999999999999858e-01
-5.462999999999998968e-01
-5.461555555555555053e-01
-5.460555555555556273e-01
-5.462000000000000188e-01
-5.457666666666666222e-01
-5.452888888888889340e-01
-5.456444444444443764e-01
-5.458888888888888680e-01
-5.457111111111111468e-01
-5.455444444444444985e-01
-5.456666666666666332e-01
-5.455333333333334256e-01
-5.457333333333332925e-01
-5.459555555555556383e-01
-5.457111111111111468e-01
-5.456999999999998519e-01
-5.456000000000000849e-01
-5.460000000000000409e-01
-5.461000000000000298e-01
-5.458999999999999408e-01
-5.458444444444445764e-01
-5.457111111111111468e-01
-5.458000000000000629e-01
-5.456444444444444875e-01
-5.457555555555555493e-01
-5.463222222222222646e-01
-5.460222222222222976e-01
-5.457888888888889900e-01
-5.457555555555555493e-01
-5.452888888888889340e-01
-5.452777777777778612e-01
-5.456555555555555603e-01
-5.454666666666666552e-01
-5.455999999999998629e-01
-5.458222222222222086e-01
-5.454777777777777281e-01
-5.457777777777778061e-01
-5.460555555555555163e-01
-5.462444444444444214e-01
-5.455888888888887900e-01
-5.455333333333333146e-01
-5.460111111111111137e-01
-5.460555555555556273e-01
-5.458222222222222086e-01
-5.452111111111110908e-01
-5.459666666666666002e-01
-5.452222222222222747e-01
-5.455111111111111688e-01
-5.454222222222222527e-01
-5.452222222222222747e-01
-5.454888888888889120e-01
-5.454666666666666552e-01
-5.457111111111110358e-01
-5.455333333333334256e-01
-5.455333333333334256e-01
-5.457777777777778061e-01
-5.455999999999998629e-01
-5.452444444444444205e-01
-5.456444444444444875e-01
-5.456222222222222307e-01
-5.457999999999999519e-01
-5.457666666666666222e-01
-5.459777777777776731e-01
-5.461888888888889459e-01
-5.454666666666666552e-01
-5.457555555555555493e-01
-5.458111111111111358e-01
-5.458333333333332815e-01
-5.458222222222222086e-01
-5.457333333333332925e-01
-5.457888888888888790e-01
-5.454666666666666552e-01
-5.459444444444444544e-01
-5.454222222222221417e-01
-5.455555555555555713e-01
-5.456777777777778171e-01
-5.455222222222223527e-01
-5.456444444444444875e-01
-5.460111111111110027e-01
-5.459333333333333815e-01
-5.456111111111110468e-01
-5.460888888888888459e-01
-5.455888888888887900e-01
-5.456777777777778171e-01
-5.458777777777777951e-01
-5.455666666666667552e-01
-5.454777777777777281e-01
-5.452222222222222747e-01
-5.454777777777777281e-01
-5.459999999999999298e-01
-5.454111111111110688e-01
-5.463999999999999968e-01
-5.457333333333332925e-01
-5.454777777777777281e-01
-5.458888888888888680e-01
-5.456555555555555603e-01
-5.455444444444444985e-01
-5.457333333333332925e-01
-5.454888888888889120e-01
-5.455555555555555713e-01
-5.459000000000000519e-01
-5.457888888888888790e-01
-5.455666666666666442e-01
-5.456999999999999629e-01
-5.456555555555555603e-01
-5.454444444444443985e-01
-5.458666666666666112e-01
-5.456222222222222307e-01
-5.459777777777777841e-01
-5.453888888888889230e-01
-5.457333333333332925e-01
-5.454555555555554713e-01
-5.453000000000000069e-01
-5.459444444444444544e-01
-5.451666666666666883e-01
-5.458777777777777951e-01
-5.458111111111111358e-01
-5.457333333333332925e-01
-5.457666666666666222e-01
-5.460222222222221866e-01
-5.460333333333333705e-01
-5.459000000000000519e-01
-5.457777777777776951e-01
-5.460111111111112248e-01
-5.459444444444444544e-01
-5.454999999999999849e-01
-5.458000000000000629e-01
-5.455111111111110578e-01
-5.458555555555554273e-01
-5.457111111111111468e-01
-5.458777777777776841e-01
-5.457888888888888790e-01
-5.454888888888889120e-01
-5.452111111111110908e-01
-5.457999999999999519e-01
-5.456888888888887790e-01
-5.459777777777777841e-01
-5.459333333333333815e-01
-5.463444444444444104e-01
-5.453999999999999959e-01
-5.458333333333333925e-01
-5.457666666666667332e-01
-5.458333333333333925e-01
-5.458666666666667222e-01
-5.451777777777777612e-01
-5.456777777777778171e-01
-5.456555555555555603e-01
-5.457333333333332925e-01
-5.456777777777778171e-01
-5.459222222222223087e-01
-5.456555555555555603e-01
-5.453777777777778502e-01
-5.460222222222221866e-01
-5.455222222222222417e-01
-5.457555555555555493e-01
-5.457222222222222197e-01
-5.457222222222222197e-01
-5.458222222222223197e-01
-5.456444444444444875e-01
-5.458333333333333925e-01
-5.461666666666666892e-01
-5.454333333333332146e-01
-5.455111111111111688e-01
-5.454444444444445095e-01
-5.459555555555555273e-01
-5.455999999999999739e-01
-5.459333333333334926e-01
-5.459555555555556383e-01
-5.459777777777776731e-01
-5.454666666666666552e-01
-5.456666666666666332e-01
-5.457555555555555493e-01
-5.457222222222221086e-01
-5.457777777777779171e-01
-5.457999999999999519e-01
-5.455333333333333146e-01
-5.457555555555555493e-01
-5.455888888888889010e-01
-5.457222222222222197e-01
-5.459777777777776731e-01
-5.456111111111111578e-01
-5.455000000000000959e-01
-5.455555555555555713e-01
-5.454111111111110688e-01
-5.459222222222223087e-01
-5.455555555555555713e-01
-5.456666666666667442e-01
-5.456222222222222307e-01
-5.454555555555554713e-01
-5.458555555555555383e-01
-5.454333333333333256e-01
-5.456888888888890010e-01
-5.453777777777779612e-01
-5.458111111111111358e-01
-5.459000000000000519e-01
-5.455111111111110578e-01
-5.457888888888888790e-01
-5.454888888888889120e-01
-5.457111111111111468e-01
-5.452111111111110908e-01
-5.455999999999998629e-01
-5.458555555555555383e-01
-5.458111111111111358e-01
-5.458777777777776841e-01
-5.459888888888888570e-01
-5.457333333333334036e-01
-5.458222222222222086e-01
-5.457555555555555493e-01
-5.452555555555556044e-01
-5.456555555555555603e-01
-5.455222222222222417e-01
-5.455111111111111688e-01
-5.456555555555555603e-01
-5.455888888888887900e-01
-5.452777777777777501e-01
-5.455555555555554603e-01
-5.455888888888889010e-01
-5.456999999999998519e-01
-5.454555555555556934e-01
-5.455111111111111688e-01
-5.454222222222222527e-01
-5.453666666666667773e-01
-5.454555555555555824e-01
-5.457555555555555493e-01
-5.454555555555554713e-01
-5.455777777777777171e-01
-5.454333333333334366e-01
-5.459333333333333815e-01
-5.457666666666667332e-01
-5.455444444444444985e-01
-5.455444444444443874e-01
-5.454111111111111798e-01
-5.456999999999999629e-01
-5.455777777777777171e-01
-5.455666666666666442e-01
-5.455000000000000959e-01
-5.458666666666665002e-01
-5.453444444444444095e-01
-5.452777777777777501e-01
-5.455444444444443874e-01
-5.454444444444443985e-01
-5.458000000000000629e-01
-5.457444444444443654e-01
-5.457666666666666222e-01
-5.454777777777777281e-01
-5.459222222222221976e-01
-5.459555555555556383e-01
-5.456111111111110468e-01
-5.453444444444444095e-01
-5.455333333333333146e-01
-5.456222222222222307e-01
-5.458666666666667222e-01
-5.459999999999999298e-01
-5.458111111111110247e-01
-5.457222222222222197e-01
-5.457333333333332925e-01
-5.453333333333332256e-01
-5.455777777777777171e-01
-5.456555555555556714e-01
-5.454888888888889120e-01
-5.456555555555555603e-01
-5.453555555555555934e-01
-5.453777777777778502e-01
-5.459111111111112358e-01
-5.456555555555555603e-01
-5.456555555555555603e-01
-5.454666666666666552e-01
-5.459555555555555273e-01
-5.456222222222222307e-01
-5.455999999999999739e-01
-5.460333333333333705e-01
-5.457333333333332925e-01
-5.459999999999999298e-01
-5.461666666666665781e-01
-5.459222222222221976e-01
-5.457888888888888790e-01
-5.454111111111110688e-01
-5.459222222222221976e-01
-5.459555555555555273e-01
-5.455000000000000959e-01
-5.457222222222222197e-01
-5.458555555555554273e-01
-5.458777777777776841e-01
-5.456222222222222307e-01
-5.454888888888889120e-01
-5.455444444444444985e-01
-5.458444444444443544e-01
-5.457333333333332925e-01
-5.458222222222222086e-01
-5.453777777777778502e-01
-5.457444444444443654e-01
-5.455777777777777171e-01
-5.457444444444443654e-01
-5.456777777777778171e-01
-5.457444444444443654e-01
-5.453333333333332256e-01
-5.451555555555556154e-01
-5.455000000000000959e-01
-5.458111111111111358e-01
-5.455888888888889010e-01
-5.460222222222221866e-01
-5.458222222222223197e-01
-5.458111111111111358e-01
-5.458111111111111358e-01
-5.452111111111110908e-01
-5.461999999999999078e-01
-5.454444444444445095e-01
-5.454666666666666552e-01
-5.458444444444444654e-01
-5.457555555555555493e-01
-5.453777777777778502e-01
-5.457222222222222197e-01
-5.458000000000000629e-01
-5.454111111111111798e-01
-5.455111111111110578e-01
-5.457000000000000739e-01
-5.461333333333333595e-01
-5.457333333333334036e-01
-5.455444444444443874e-01
-5.457111111111110358e-01
-5.457555555555555493e-01
-5.457111111111111468e-01
-5.460111111111111137e-01
-5.461222222222222866e-01
-5.457444444444443654e-01
-5.456666666666667442e-01
-5.455333333333334256e-01
-5.458555555555555383e-01
-5.457222222222222197e-01
-5.453777777777777391e-01
-5.453333333333332256e-01
-5.457999999999999519e-01
-5.455999999999999739e-01
-5.457222222222222197e-01
-5.461333333333331375e-01
-5.456444444444444875e-01
-5.456333333333334146e-01
-5.456333333333334146e-01
-5.460333333333332595e-01
-5.459777777777777841e-01
-5.458222222222222086e-01
-5.452444444444445315e-01
-5.458222222222222086e-01
-5.455444444444444985e-01
-5.457222222222222197e-01
-5.454666666666665442e-01
-5.454555555555555824e-01
-5.457222222222221086e-01
-5.460111111111110027e-01
-5.458444444444445764e-01
-5.455222222222222417e-01
-5.454888888888889120e-01
-5.461666666666666892e-01
-5.458777777777776841e-01
-5.454666666666666552e-01
-5.456333333333334146e-01
-5.458666666666666112e-01
-5.458888888888888680e-01
-5.457555555555555493e-01
-5.457666666666667332e-01
-5.454222222222222527e-01
-5.461222222222222866e-01
-5.456444444444444875e-01
-5.457000000000000739e-01
-5.458333333333332815e-01
-5.457333333333332925e-01
-5.457666666666667332e-01
-5.459222222222223087e-01
-5.455666666666666442e-01
-5.459888888888887459e-01
