-1.019446998827595507e+01
3.590915721967501140e-02
-2.555571621653242309e-03
4.110165558943777775e+00
-3.141794025501518206e+00
7.737237756450671355e+00
1.752594716304329614e+00
1.136702565003482412e+01
-8.517178375845134708e-01
9.144413366543767685e-01
3.247422212888840143e+00
-6.663697045949419362e-01
-2.587568374095082646e+01
1.968530231866310931e+00
3.565816841783925994e+00
1.415425610654850708e+01
5.583063539151736698e+00
1.616500655266299447e+01
9.571652362309425399e+00
-1.606873198062851671e+01
8.992669512066274962e+00
1.875470031133062676e+01
-1.674736801323737811e+00
-4.988101904390546792e+00
-1.078433279707530978e+01
1.859573836444336692e+01
8.067633089286387893e-01
1.912905850843134914e+01
1.523217593347998999e+01
-1.628332631281189080e+01
-8.526567472895857591e+00
-3.554752617669473036e+00
1.221313265436606343e+01
3.690024113478512557e+00
-1.973522617643318711e+01
4.699150479137545133e+00
2.671775922462851671e+00
7.294065656100908512e+00
2.028058018555868980e+00
-1.688716159109418413e+00
2.464160441680809832e+00
-1.320792966243975464e+01
-7.084869443002059342e+00
-5.426938847512818853e+00
2.268225009959352167e+00
1.497256160208119136e+00
-6.215169834956108197e+00
2.604927198848576264e+00
1.023723465045837333e+00
-2.899221127771526962e+00
5.317938090102647841e+00
3.542144709502922151e+00
-4.839855312921996777e+00
-1.117178199448433418e+01
-4.768631434492795647e-03
5.151405395640238360e+00
-4.298783868352795245e+00
5.062349212228485662e+00
-2.929142616294265089e+00
1.130656293336833373e+00
-1.878541936353380404e+00
3.977667482685971034e+00
-4.696886553233917128e-01
3.869576467293269317e+00
-4.146059879947381788e+00
-1.429595067718158474e-01
4.395927541937284744e+00
6.511194083081127459e+00
8.425364524524132648e+00
5.356833315924273364e+00
-5.139320805375867884e+00
1.734371615728850236e+00
-1.078009485328627337e-01
7.294405597042064926e+00
2.378612220693733903e+00
-1.376264863787632020e+00
1.664561082609873788e+00
-1.656914672982872094e+00
1.046836189840209563e+01
-4.079029262098959663e+00
-1.761998104927488651e+00
-5.441069568251840849e+00
-1.140803159434715663e+00
-4.289313329979268730e+00
-1.551168968951810001e+00
-3.732758236857801060e-01
1.493455535160951975e+00
-6.952352976586198885e+00
3.703617697868423875e+00
-6.169926793953868227e+00
-5.973642495830385757e-01
-6.625768156638425666e+00
-5.360237842450924717e+00
-2.774465359890073923e+00
-8.796254297635904607e+00
7.835295664550748773e-01
-3.149239178130909256e+00
3.918306397701073696e+00
-2.334667075958339888e-01
-3.308518772412468056e+00
-4.433815225742349320e+00
2.725655709114234604e+00
-7.036810986281852642e+00
1.420763631937442595e+00
-9.946417247000406192e+00
2.163526362399485592e+00
-1.381947004187425332e+00
6.375165793567393990e+00
1.533071443585642735e+00
4.680134120855148794e+00
6.660773875427855595e-02
-1.572663349661732379e+00
-2.030142928941088609e+00
6.187975749300473005e+00
1.445777976668972453e+00
-2.434778611704040141e-02
6.622592316067257290e-01
2.811519367293003668e+00
8.973483078117659772e+00
2.737880299194328959e+00
1.252857044989604152e+00
-1.023608427282658662e+00
-3.342274967901398552e-01
-3.802244420251705836e+00
2.037551678266616761e+00
-5.331130752724627664e-01
2.878432797972000579e+00
-7.588428906516932138e+00
-1.866321310573197112e-01
-3.544412080104359042e+00
6.312036317253799655e-01
-3.269020172807242997e+00
-3.638095441284231679e+00
-1.597123473121260684e+00
-8.754483211032516587e-01
-7.401351374304893760e+00
2.559458940542697292e+00
-3.271566930110485050e+00
1.429110952250606692e+00
-1.414644140329910815e+00
-4.874875093596440223e+00
5.086357123771366062e+00
-3.965742202660739402e+00
8.465233207416755334e+00
-4.398124926233323073e+00
7.940806131479173635e-02
-2.758367132046852355e+00
1.005723145241027711e-01
1.005906796177630724e+01
-2.480514629110812663e+00
5.015711951886500652e-02
-2.602012112795336396e+00
-4.084306232708091500e+01
1.799002616009909161e+01
-8.241103401757596814e+00
-2.709168701280135760e+00
-1.439275515372410164e+00
-1.508091230941373517e+01
3.408579610158008677e+01
3.125907961042523997e+00
3.900230877529226259e+00
-5.514434426717855331e+00
-1.674155111371466731e+01
3.257030087591544287e+01
-2.467936580112386480e+01
1.560224046576132340e+00
7.180486120538441819e-01
-5.972065095395021395e+00
4.984708545275095659e+00
1.179148708426631886e+00
-1.089232029471909113e+00
-1.583989171833381171e+00
-7.122770306277222296e+00
-9.208620235090292372e-01
-5.692345659257195933e+00
3.299581033201173241e+00
-2.169065267455490886e+00
1.053214663107889804e+00
2.044839528997383304e+00
2.202723502256668020e+00
5.497511115741602339e+00
1.399224138700445819e+00
1.007636172058160584e+00
4.172988137322665381e+00
-3.162335683914879181e-01
1.492596071718281792e+00
2.431175833087551474e+00
4.346745612027953065e+00
4.632006014166198504e+00
-9.863323808677058047e-01
1.992556482590625677e+00
9.790998490087327033e-01
3.602353628298024635e+00
1.099123338971257802e+00
7.179041041882273655e-01
-1.683256786725147114e+00
-1.032380014774261445e+00
-6.784659627648130353e+00
3.199844448745114978e+00
-2.405370292388397113e-01
9.198105304417178996e-01
-3.890263934205292706e+00
-2.508342520771282391e+00
1.889667173005383338e+00
4.806696404312404275e-02
-2.557267531874919619e+00
-2.548676458351690766e+00
-4.308465153235895961e+00
-2.880414233335085505e+00
-7.646749541654083160e-01
-1.826904069885222581e+00
4.839802993666602049e+00
-5.631618752238498615e+00
2.792022650030093978e+00
-5.447049895086659710e+00
4.053835718611407124e+00
-7.652859706404240292e-01
-1.977260016165317102e+00
-2.208112298033972465e+00
1.282266784184227459e+00
-2.280171365428818930e+00
6.083180291935744499e+00
-3.117179106380127518e+00
6.795964750422039735e+00
6.466009580723955930e-01
3.832555379829566178e+00
2.936530952691629004e+00
1.615667706131405090e+00
6.206397099124241201e+00
-1.033013590940957405e-01
1.412996651976446749e+00
2.975403439390134075e+00
1.782477241497383291e+00
3.843277021591256837e+00
2.410830156353803044e+00
3.901778987570451829e+00
1.213771184321518870e+00
-4.681324512413298500e+00
6.530977825840477813e+00
6.173937574993387800e-01
2.520473886740511205e+00
-4.619598592226562772e+00
-2.383656290128652433e+00
-1.287344760731647497e+00
-8.774069609815858817e-01
4.988961222157438091e-01
-5.913458443245517948e+00
-7.691310366545867971e+00
1.141087385485340250e-01
-2.587032763984710382e+00
2.603029695719446313e+00
5.514367991189155216e-01
-3.526448353885189846e+00
-2.088544778883585362e+00
-2.605384010088982016e+00
-1.718522594209185850e-01
-1.779569751260013488e+00
-1.105566761859406055e+00
-4.631084525907977145e+00
-4.209578547892376399e-01
-6.145055293680059982e+00
5.280396084510766919e+00
6.427835800070695882e+00
1.278927151554652086e+00
-4.536110952323275214e+00
-1.833230131025610277e+00
3.935697995504710001e+00
-2.823964618749263078e+00
-1.031125869082225144e+00
3.534206492939596433e+00
-4.131530586676912975e+00
1.283669736263649996e+00
3.403194283652890562e+00
1.124504386542977663e+01
3.974657676443064336e+00
5.858945799603950677e-01
3.291386858405140892e+00
-4.272483721059724182e+00
-3.480004623639683992e+00
-3.047458393781680375e+00
-1.334617165098886116e-01
1.012452901204007460e+01
-1.245946139647099749e+01
-4.713781760325630010e+00
7.106226717213896649e+00
1.357159981924123215e+01
5.897430341735958592e+00
-1.604425538519912919e+01
-2.348196135185882216e+00
-9.933175760559718626e+00
-1.014268538971650813e+01
8.376287997794163331e+00
-1.933054872724471185e+00
-7.178808069967604233e+00
-1.253434249943050105e+01
3.157740101926145293e+00
1.156421116906199842e+01
-1.311655036392610896e+01
-4.109670566725270646e+00
-8.789136340704327921e+00
-5.254066264299141586e+00
-4.313578379491805670e+00
-2.129467322726954701e-02
1.508348531659744829e+01
-1.283335938328242065e+01
-5.239307886183285357e-01
-7.477333659497321650e-01
-4.727980873927894123e+00
-7.645930335956526491e+00
-5.089520857868339299e+00
-2.445667337192789947e+00
1.535384230275150808e-01
-4.112448134602359140e+00
1.099453472027968992e+01
-1.216268721512387430e+01
3.924410840828043145e+00
1.084930076801633225e+00
4.386968495676506485e+00
5.908006548796601365e+00
6.224898404690288878e+00
6.497081668365820128e+00
-3.943350683563489056e+00
3.619448584779580536e+00
1.531940234041919346e+01
-1.446559735102425748e+01
-1.490534131032749565e+00
1.377951601749938249e+00
3.831290329080401680e+00
1.309967713061520378e+01
3.218318047192115561e+00
1.587708495819901700e+01
-1.644610236331876507e+01
-5.349106501287673510e+00
9.641411972549057907e+00
1.168558133671099419e+01
4.279629488181888597e+00
-8.857044930522686599e+00
9.606459805481364356e+00
1.142114581346049107e+01
1.375396765647662445e+00
2.235763413366317209e+01
-2.743068097622887613e+00
-1.386456390612664613e+01
-1.063794761777612408e+01
4.832079974781528620e+00
1.296955329143744962e+01
-7.710738003125007012e+00
1.933278314626613703e+00
5.561631184006213147e+00
2.156028028088726956e+00
5.895261395978082852e+00
-1.508659403270015575e+00
1.604956413053357123e+00
-2.731792775839375409e+00
-1.105767489457302055e+01
-5.105468186436366906e+00
-2.399176022562139021e+00
4.195236644176995711e+00
-1.581588862700737730e+00
8.762625844988615187e-01
1.101603539160205703e+00
-5.122460886169569960e+00
7.647969882891716420e-01
4.738555570566231445e+00
-1.158678172635113496e-01
-5.770760777610632886e+00
-7.033516033862927230e+00
4.490751162870417978e+00
3.564809506435762665e-01
4.161224869315611308e+00
1.267806499406924692e+00
1.682589312348552246e+00
-9.744025779379379415e-01
2.325785262049335334e+00
1.623179060529281070e+00
5.209981389343992575e+00
3.905794098513009072e-01
-2.233449240475802622e+00
2.049411803752519745e+00
-2.133349686593936312e+00
8.813039746729797841e+00
5.559966826417452879e+00
7.587588265127707121e-01
1.172666865575896056e+00
5.392633062887127737e-01
2.749818220547529890e+00
6.014108217200139883e+00
-9.556752896061544433e-01
1.006733044530738974e+00
-6.973956702441069133e+00
4.988888191721529530e+00
-1.459244112194059806e+00
-2.550091255783102806e+00
-2.597713602822272705e+00
-3.298253438950877303e+00
-1.268082372931632840e+00
-3.451130598273471239e+00
-8.354862309967217016e-01
1.145162524223998446e+00
-5.496421948224158527e+00
-1.968640445892474000e+00
-3.203763639553073084e+00
-3.648304893695196949e+00
-7.910936248507872692e-01
-6.496812579698302059e+00
3.616438397966281748e+00
-6.625860577219747860e+00
2.114132634293155455e+00
-1.449414002763349307e+00
2.413050318188264765e+00
2.046993336363081006e+00
5.812188950545370547e-01
-4.589624961654029889e+00
5.364772406428998330e+00
-2.035862367726998468e+00
6.901421253418817514e+00
-4.550007328450860200e+00
2.262560598657110678e+00
1.712947743741457807e-01
2.503562899101330341e+00
4.317307861282640324e+00
2.630105508701911177e+00
2.607484823546029507e+00
5.918939318519169657e-01
-2.069179119833049363e+00
2.650734016302485507e+00
4.552258012469154735e+00
1.104906897781295083e-01
5.558748790825623898e-01
-3.522209932604412952e+00
6.226431534869707463e+00
4.731560600462397792e-01
2.674902475281963454e+00
-1.856047483309513912e-01
-3.423747545703099693e-01
-2.978119604352656324e+00
-8.013724141476059604e-01
-1.887464831066732351e+00
1.629131859363608159e+00
-3.614241396681670437e+00
-4.096203245110050517e+00
-2.200033800515087901e+00
-1.719077062638693310e+00
-2.412053112681962139e-02
-3.473885566462941998e+00
1.533931289470862047e-01
-1.228929902132246177e+00
-5.433066581297866904e+00
-3.229291004752807837e+00
-3.013534607690499634e+00
-1.100685270624240708e+00
1.678932866922073108e+00
-3.599105259276246471e+00
4.317636500086083018e+00
1.366734060696087605e-01
6.935497771846494075e+00
2.784976640950356686e+00
2.223191618162794647e+00
-1.837462965023945127e+00
-5.826722333240852869e+00
5.153258433332064570e+00
-2.007660548641647225e+00
-1.188540319484152619e+00
1.886887003763564863e+01
-1.888287285402500970e+01
1.301199949917524634e+01
5.291748020395720786e+00
1.427847331753713922e+00
-1.629267426853682865e+00
-2.264528337783234235e+01
7.533617441983044394e+00
-1.675116765441390321e+00
4.490564158902332181e+00
4.817879346340811608e+00
-8.556632078672784303e+00
2.593336410042689977e+01
5.842210104244738744e+00
5.982546495097966766e-01
6.053172928095502670e-01
-3.379227398469032639e+00
-5.936879359359028552e-01
5.638710898178556086e-01
6.235681465903815390e-02
1.976936976812891489e+00
-2.488708683918858799e+00
1.705933419121824501e+00
-2.378925411575403270e+00
1.787741932527526556e+00
2.283996297878051474e-01
-5.757203830243824705e-02
8.384582747283724213e-01
-1.168595636976069274e+00
2.316813552241628660e+00
-9.114729997777314130e-02
9.436251377044954092e-01
1.567628848223707294e+00
1.327696540222913280e+00
-3.711504046820832126e-01
1.272738959075043086e+00
-3.023031569830179621e-01
3.039659819250278616e+00
-9.405107655103573938e-01
4.699628348504918396e-01
-1.058693379211915309e+00
1.557233724842507883e+00
6.679466201809586279e-02
7.850770888409698278e-01
6.406754217628263248e-03
-7.239020640522545458e-01
-3.188914390854901360e+00
-1.300728844837899523e+00
-5.464034410470044456e-01
4.258867118744116831e-01
-4.425095379767851056e-01
-1.881177778802680667e+00
4.676607621697285166e-01
6.529459905572471135e-01
8.223820893716114744e-02
-1.613782868598110376e+00
-3.355009308482810870e-01
-2.285039591179355511e+00
2.322051666019407379e-01
-9.329935058708441753e-01
3.148256971598946130e+00
-4.902197282477717064e-03
2.799719271089017969e+00
-7.137806464035968412e-01
1.603912004972518179e+00
9.288231289377267830e-01
7.970385528000228925e-02
-1.259987418439307616e+00
1.236979713720354201e+00
-3.053737562749181955e-01
2.790580018734277523e+00
8.765718412934325743e-01
2.039016021038775328e+00
2.420341121949456387e+00
3.773162787804071328e-01
2.153434902292180819e+00
-1.595710943757913114e+00
2.514677776582100677e+00
-4.987822377603143842e-01
7.632058960906004108e-01
2.153970025034236679e-01
1.517337526991437757e+00
3.908707888377302986e-01
2.077305649074380423e+00
1.038935830291839002e+00
1.846284944786018345e+00
-3.492173847316721425e+00
6.435681618410606930e-01
-6.886333187432093217e-01
1.545638611070886848e+00
-6.809141992653797715e-01
-1.782026930430359757e+00
-3.163542455663784780e-01
-8.062972016050247159e-01
2.243150396957680037e+00
-1.544795205762782286e+00
-2.071028610464499931e+00
-2.514053798546774132e+00
-1.670934593256957035e+00
-4.194997259315855903e-02
1.043002363702771218e+00
-5.446099881169255141e-01
2.120978150035041920e-01
-1.553625122609344711e+00
4.025949951038461649e-01
-8.801150341132919497e-01
1.203226514331988684e+00
-1.873549356933947641e+00
2.273178994825380883e+00
-2.340862282295226304e+00
-6.871125572715367502e-01
3.494974111871475664e+00
2.025392550191848162e+00
-8.478488848002828648e-01
-1.797449072647059332e+00
3.354120036580086062e-01
-7.072180061579552701e-01
-1.575528714722377988e+00
2.658815595762949791e+00
1.560111128090329868e-01
-5.110682997772076908e-01
1.149513191114662769e+00
2.154871258933645617e+00
5.036340715295159143e+00
-9.899439670944055747e-01
1.882577997380237234e+00
1.971442988067294289e-01
-2.305991441113222074e+00
-1.044487756326625272e+00
-4.732067152965399592e-01
7.369609116382261682e+00
-8.162104702258565769e-02
-3.318579361950684703e+00
3.664480485773418117e-01
1.860347196477506904e+00
6.733235145597218363e+00
-3.683282432489084712e+00
-4.987850215328521131e+00
4.610145112684834734e-01
-6.259003989950014279e+00
2.704471108924141554e+00
2.343172920661317882e+00
2.791485574607020403e+00
-5.900966676204761896e+00
-2.132893765184067369e+00
4.108091239090875924e+00
-2.469499899707320534e+00
-5.501578975948787864e+00
-4.547446178132495409e-01
-3.874396093775765326e+00
-1.309047811414089324e+00
-2.040092552023643258e+00
8.932581888473411169e+00
1.259718416051943901e+00
1.137018628029593303e+00
-1.103135866400124232e-01
1.874265246662104145e+00
-3.735359256622783786e+00
-1.163893849209644005e+00
-2.200453326701003132e+00
1.698589943130121238e+00
-1.060499111631462821e+00
7.967431487207384144e+00
-6.337111453621946389e-01
7.501292276381971158e-01
1.692666593349638537e+00
-4.744316203042861502e-01
4.189141976459201722e+00
-3.096128062203531983e-01
4.277298747305290583e+00
-3.651916565803236647e+00
-8.101285872166117397e-01
9.994310267709250795e+00
8.644334707551392105e-01
-3.018163994283422080e-01
-8.063788270333277497e-01
-4.100807129606377721e+00
5.754008152887782224e+00
-4.945151478612804574e+00
6.669598147185133996e+00
-3.773106726507708064e+00
-8.550113114156831173e+00
-2.113389991311141358e+00
6.818917117307699449e+00
4.389443585972470530e+00
-1.235419621348746944e+00
-8.098577891684882735e-01
6.914887207089314813e+00
-8.379303726080573611e+00
8.323830525705242067e+00
4.127047470736185275e+00
-4.920408383938223551e+00
-5.727716459226724233e+00
-2.584907451694715252e+00
6.178441036775000228e+00
1.765666788212410632e+00
-1.679765008010790872e+00
3.198981667822325736e+00
-1.690615098716250042e+00
2.417333060460686855e+00
-1.226235295541748371e+00
6.396352502779887317e-01
2.760941595051197517e+00
-4.106537105327780601e+00
-8.450945725271732378e-01
-2.934504132330143289e+00
1.359116943030492575e+00
1.067002284504597664e+00
3.111731670446471476e-01
3.460234961149264432e-01
-1.867676795068410778e+00
-1.780419375642924296e+00
1.373700412581665864e+00
1.712668641117895740e+00
8.086316250673746264e-01
-4.191560721492233021e+00
1.206359815101644584e+00
1.313339668325043563e+00
8.018443593642774481e-01
1.679938533659136146e+00
1.062516794571870316e+00
1.074478851479278574e-01
3.506160075951493260e-01
1.071659921884859923e+00
1.549121150221117738e+00
2.212967740538769768e+00
-1.136474899026044705e+00
-4.607450894554629070e-03
-4.064360218289133186e+00
1.919924871094886409e+00
1.214734308991972433e+00
2.110758836445814968e+00
3.757500507764895969e-01
4.768783083819677637e-01
-1.303645684427512830e+00
2.927365243236867975e+00
-7.283135294545561855e-01
5.225725236030526188e-01
-3.958618539452166907e+00
-7.489072265312447518e-01
5.589299237410012139e-02
-1.165884022672999176e+00
-6.975296640531451764e-02
-1.941993712592957610e+00
8.232284210762852439e-01
-1.509083346144035387e+00
-8.046342816985030399e-01
2.766226959748877556e-01
-9.393177117708385593e-01
-2.303567859266943518e+00
5.130249345095531932e-02
-2.189419647560739701e+00
1.764633969215460896e+00
-2.384739225912134941e+00
3.435964004100707569e+00
-8.891400467809453811e-01
1.207450889156898244e+00
1.451371283897856246e-01
1.820241738828630440e-01
1.497345818355219516e+00
1.764634603843560523e+00
-1.404322765778384774e+00
2.273104463458555102e+00
1.154956942408799758e+00
3.806612512828453809e+00
1.001557083331127584e+00
8.705570415832343256e-01
8.983387513988658757e-01
-5.725639559340758300e-01
2.124941213205383317e+00
9.148586834467442586e-02
1.698708911745922423e+00
9.818689696833491354e-01
-3.881047837370907860e-01
-7.023205177102167518e-01
2.404421764180069587e+00
-9.550805559018701874e-02
4.507639516012564296e-01
-3.036208280165411111e+00
7.809691537307150710e-01
-9.890912898625541239e-01
9.852178925491716921e-01
-8.208204095078379392e-02
-5.295854667353810247e-02
-7.729533761574034489e-01
-1.085206456358600802e+00
-1.253311579989524693e+00
-1.608141066965048521e-02
1.580696526938166757e-01
-2.229715889903268522e+00
-1.144250297716255388e-01
-1.243947338170486860e+00
8.836332209368407131e-01
-1.151666113542378023e+00
5.024955767876774226e-01
-1.354560482621783579e-01
-4.404826233715316564e-01
-2.936714131259803739e+00
-6.416035192484669247e-01
-1.448918424910670577e+00
1.616671827332563760e+00
-6.800700446452698777e-01
1.329157094908181014e+00
9.996436310309005924e-01
1.093656855188190224e+00
3.142411289238892014e+00
1.690354657177312925e+00
2.601051198211058457e-01
-3.375748424310966112e+00
-4.107215641929469196e-01
-4.748929900902739698e-01
-1.139037711521482699e+00
1.050526700149483439e+01
5.742410676480386167e-01
2.158141202484729071e+00
5.481259830861790583e+00
1.290337800109303545e+00
6.094371996362597521e-01
-7.900673180651454963e+00
-4.446099496819899244e+00
-2.352554201565096648e+00
7.002262118638183930e-01
3.040973065233602224e+00
-6.694050480344796439e-01
4.720113706233542317e+00
9.337290755633576467e+00
6.053214290762281430e-02
2.182831203756520344e-01
-3.482106633409643992e-01
-5.874210983102062800e-01
5.676615507096997165e-02
8.872564804877056122e-02
6.184474327944460281e-01
1.038085887774442204e-02
6.567545401864360866e-01
-9.838165356650427351e-02
2.476371225824051392e-01
2.900525558740107424e-01
-6.648423521840240991e-02
1.314042338230539675e-01
-5.032175984655996581e-01
1.322984396792450390e-01
-2.067231321616469220e-01
1.093135997031989826e-01
3.920447139893924043e-02
4.545442624221625594e-01
-2.496855019069122161e-01
1.256067108784248987e-01
-5.413787568856469612e-01
3.777979165605618306e-01
-2.234568397380514437e-01
-5.387501797790154173e-02
-4.372741336786087896e-01
3.181569906034385081e-02
-1.427650469598564231e-01
1.299706135876158297e-01
1.180864127069682773e-01
-5.019121266174506740e-02
-2.510638174232035502e-01
-6.695839817392038595e-01
-2.018081414200656731e-01
-1.050067537441632878e-02
1.642547592983597815e-01
-3.263752005559641955e-01
-4.251593970134862066e-02
1.463073170677123558e-01
2.705509555315318559e-01
-1.890437474555815289e-01
2.866534235425221011e-01
-3.439106980378511813e-01
1.731108500136077921e-01
-1.216599803166662080e-01
3.822121058264513760e-01
4.561385581858192761e-01
5.064500139852377014e-01
3.511008170789475247e-01
1.387251635917660098e-01
3.745461657108886677e-01
1.706529376576542967e-01
-1.496059817711289375e-01
2.322039060675115119e-01
1.806113779229462923e-01
2.700977601638153702e-01
4.984215055850475529e-01
-4.985278708439549317e-02
6.574457047466351067e-01
-2.420221823703019859e-01
3.791564206548619365e-01
-6.045690418205289518e-01
1.134382106945545921e-01
-2.493607177107894368e-01
8.861761325142138157e-02
-2.034985918981204178e-01
2.244429177242470153e-01
-2.771671509994857452e-01
3.333955345849416441e-01
-1.278027997958436635e-01
4.575427049893447395e-01
-5.960079272814947648e-01
-3.921907041739161603e-01
-4.257201963358870911e-01
1.864966289581933279e-01
6.579324145892233300e-02
-2.772011457571907922e-01
6.703915085248299266e-02
-2.225439414669413696e-01
5.445306578512124629e-01
1.545012238651062020e-01
1.312900719676659833e-01
-6.239870897547280526e-01
-2.190293821969356014e-01
-2.285094788199716620e-01
1.137143280961940423e-01
7.699774533770367690e-02
2.696922701910746123e-01
-1.816541855751309387e-01
2.088275574052622652e-01
-1.207199068179886647e-01
4.603979465579934316e-01
-9.061024793191131688e-02
7.704888681622341640e-01
5.955009655445957228e-02
-6.068998282082557205e-01
3.288860142285811028e-01
4.133200969820611803e-01
2.310232751788335592e-01
-2.592298124065083864e-01
-2.612523739677503620e-01
1.683893754323489700e-01
-3.962084405367343742e-01
3.453896133971560145e-01
4.889851367962532724e-01
-1.732787932026691458e-01
7.871026593424133855e-02
-4.755297052841062078e-01
1.046943319875804024e+00
-5.448942517118255946e-01
1.793721603584590985e-01
3.948747129548479395e-01
-2.125457859705021102e-01
-1.713358150530315260e-01
-1.780394789143260881e-01
9.880212132843619877e-01
1.173892780873813102e+00
-4.290008532029779276e-01
-4.184734586185501759e-01
-8.804516838586677885e-01
1.233253070197579238e+00
1.209612396665183665e-01
-1.061826144141850392e+00
1.009813696196089516e+00
-7.577779191376290413e-01
-8.624147035473798961e-02
6.831734449702120404e-01
1.363886785225189247e+00
-2.190003147561762897e-01
-8.046978513452881510e-01
3.419729488564523523e-01
5.243235260523306795e-01
-1.117605738761846323e+00
4.606973170369296211e-01
-4.459332696353449088e-01
2.213798002151081412e-01
-5.563449761561087836e-01
1.043495177089504011e+00
1.619177007492321074e+00
1.795075551504343447e-01
3.545045540537206108e-01
9.333943196597753733e-01
7.160375265647390443e-03
3.443417788428729948e-02
-5.085960819583781323e-01
4.473527037055530786e-01
1.978651591526671139e-01
1.342693159817739401e+00
1.163010416709878703e+00
-1.532124919169660371e-01
3.270047573769041538e-01
-8.919318305627002008e-01
7.169597494562047757e-01
-7.803333956495319690e-01
6.276635349330227376e-01
-4.471846886196493842e-01
-9.147932103690117334e-01
1.270074813178805329e+00
1.729390021436117975e+00
3.285222132448927246e-01
-1.435249941584123001e-01
-1.667869714639687917e+00
9.522121448811732281e-02
-1.943562408425844712e+00
1.719058099270754925e-01
9.399717394771367474e-01
-2.055612777235218847e+00
-1.509681711184146513e+00
3.699705919644296626e-01
7.906603385484387569e-01
4.269808175387865279e-01
-1.180963019651239509e+00
8.996021068308278634e-01
-2.782296706426740762e+00
-2.202296096112503487e-01
1.370090014603484230e+00
2.547391628953234524e-02
-4.796494938992594825e-01
-1.479159980752518644e+00
6.421062321771245918e-01
1.034246244385959246e+00
-9.592417077309036699e-01
1.937207496360358328e-01
-5.953201953695662629e-01
-3.150902774193807543e-02
-4.046256921539960194e-01
-3.849117465587039572e-02
9.485655304214921646e-01
-1.510385515931178813e-01
4.041781179290926396e-01
-6.017283945039385573e-01
-6.820153143125816386e-02
2.577706475541310938e-01
1.265257428168566067e-01
1.277701231238257129e-01
4.685447204620622058e-02
-5.925153170273008696e-01
-1.097928081506142212e-01
4.578455981297295807e-01
7.829589568194793570e-01
-4.471921082061499630e-01
-6.413511062268915063e-04
3.125857858678341983e-01
-1.406256075874414979e-01
3.321933996078834106e-01
1.916626254385135897e-01
1.881653182602503194e-01
-4.254201829805932811e-02
1.978421163561281948e-01
-1.587960204620416926e-01
5.996151470359996072e-01
-1.519137354474806856e-01
-1.158954120049775494e-01
-9.121995804183850032e-01
-4.479937310155363561e-01
-1.875921220395450617e-01
4.376623218742973220e-01
3.388961841639644840e-02
1.368383614458902053e-01
-6.625329380410328595e-01
2.031353839983194298e-01
-2.853648069955856958e-01
2.564380995317221829e-02
-4.521420082207271429e-01
-7.289925205841054634e-01
1.213361148676123935e-01
-1.958427133920521146e-01
2.533218073672156012e-01
-3.757744917204883794e-01
3.555954386829491831e-01
-8.433625106298785201e-02
-2.099359150020476961e-01
-8.998968838459150965e-02
2.134108682831126480e-01
-4.285405473061400516e-01
2.963995952736754869e-01
-3.316419325029376086e-01
6.187761387057201246e-01
-1.203639907800673203e-01
6.277353764302229244e-01
4.131502173525462562e-01
1.807957667429553050e-01
2.022839343877343987e-01
-1.997130040058347766e-01
2.801237984428534000e-01
4.933144556125497737e-01
3.900414062929421360e-02
1.376537152821215582e-01
4.894252949270688768e-01
3.894063255214338382e-01
7.529101256522501284e-01
-8.390807491612764513e-03
3.203158613094551632e-01
-3.859909469765449574e-01
2.291514998192667185e-01
-2.163472723319206925e-01
2.841873952505638568e-01
2.050156720637536789e-01
1.077368180011205739e-01
-4.752543224180955650e-01
2.484994783593844903e-01
-1.128829152051649687e-01
8.672010740944055551e-02
-5.310976625454316702e-01
-3.166402835359730661e-01
-3.159892275486254065e-01
-5.563715032030582680e-02
-2.577101621455158212e-02
-5.088724750844488692e-02
5.390771854479507914e-03
-2.850655185805672232e-01
-1.942423219952841562e-01
-1.993647721349792179e-01
3.007833692582486118e-01
-2.785754245519457273e-01
1.577606094263993286e-01
-1.964540410674045778e-01
2.762112844653615285e-01
-9.339084098528596667e-02
6.443782468784432782e-02
7.341060660718080888e-02
4.427700671105218588e-01
-4.659042123642638811e-01
1.353983473176090246e-01
-3.105670878068228502e-01
3.082194477338336402e-01
1.155785426884490263e-01
1.203966764487559987e-01
2.710417500748047992e-01
-3.295960363071605004e-01
5.744246778981282331e-01
2.500915562630507405e-01
3.745329565069143163e-01
-3.819700665270704953e-01
-5.351433132326913755e-01
7.098677384982325644e-02
-2.743125838918391568e-01
1.221821186805685189e+00
1.506147238728240856e+00
-4.745964923858198015e-01
1.028436315329348316e+00
5.329746495328527983e-02
3.811764818567042190e-01
-3.440009858338859416e-01
-1.541809552176684361e+00
-4.509357393406557835e-01
-3.055124069720518976e-01
3.331482629410499885e-01
2.484724342745483205e-01
-7.906708624751610515e-01
1.762984943146038042e+00
