1.833750000000000102e-01
2.033750000000000002e-01
2.233749999999999902e-01
2.433750000000000080e-01
2.633750000000000258e-01
2.833750000000000435e-01
3.033749999999999503e-01
3.233750000000000235e-01
3.439318888888888703e-01
3.666750000000000287e-01
3.866749999999999909e-01
4.066750000000000087e-01
4.266749999999999710e-01
4.466750000000000442e-01
4.666750000000000065e-01
4.866740000000000510e-01
5.066749999999999865e-01
5.266749999999998932e-01
5.466750000000000220e-01
5.666749999999999288e-01
5.866750000000000576e-01
6.066749999999999643e-01
6.266750000000000931e-01
6.466749999999999998e-01
6.666750000000001286e-01
6.866749999999999243e-01
7.066750000000001641e-01
7.266749999999998488e-01
7.466750000000000886e-01
7.666749999999999954e-01
7.866750000000001242e-01
8.072318888888889710e-01
8.299749999999999073e-01
8.499750000000000361e-01
8.699750000000000538e-01
8.899749999999999606e-01
9.099750000000000894e-01
9.299750000000001071e-01
9.499750000000000139e-01
9.699750000000000316e-01
9.899749999999999384e-01
1.009974999999999845e+00
1.029974000000000167e+00
1.049975000000000103e+00
1.069974000000000203e+00
1.089974999999999916e+00
1.109974999999999712e+00
1.129974999999999952e+00
1.149974999999999969e+00
1.169974999999999987e+00
1.189975000000000005e+00
1.209975000000000023e+00
1.229975000000000041e+00
1.249975000000000058e+00
1.270548666666666549e+00
1.293375000000000163e+00
1.313374999999999959e+00
1.333375000000000199e+00
1.353374999999999995e+00
1.373375000000000012e+00
1.393374999999999808e+00
1.413375000000000048e+00
1.433375000000000066e+00
1.453375000000000083e+00
1.473374999999999879e+00
1.493374999999999897e+00
1.513374999999999915e+00
1.533374999999999932e+00
1.553374999999999950e+00
1.573375000000000190e+00
1.593358000000000052e+00
1.613275000000000015e+00
1.633275000000000032e+00
1.653275000000000050e+00
1.673274999999999846e+00
1.693275000000000086e+00
1.713275000000000103e+00
1.733848666666666594e+00
1.756674999999999986e+00
1.776675000000000004e+00
1.796675000000000022e+00
1.816675000000000040e+00
1.836675000000000058e+00
1.856675000000000075e+00
1.876675000000000315e+00
1.896674999999999889e+00
1.916673999999999989e+00
1.936675000000000146e+00
1.956675000000000164e+00
1.976674999999999738e+00
1.996674999999999756e+00
2.016675000000000217e+00
2.036675000000000235e+00
2.056675000000000253e+00
2.076674999999999827e+00
2.096674999999999844e+00
2.116675000000000306e+00
2.136675000000000324e+00
2.156675000000000342e+00
2.176674999999999915e+00
2.196674999999999933e+00
2.217231888888888669e+00
2.239975000000000271e+00
2.259975000000000289e+00
2.279975000000000307e+00
2.299974999999999881e+00
2.319974999999999898e+00
2.339974999999999916e+00
2.359974999999999934e+00
2.379974999999999952e+00
2.399974999999999969e+00
2.419975000000000431e+00
2.439975000000000005e+00
2.459973999999999883e+00
2.479973999999999901e+00
2.499975000000000058e+00
2.519975000000000076e+00
2.539975000000000094e+00
2.559974999999999667e+00
2.579975000000000573e+00
2.599975000000000147e+00
2.619975000000000165e+00
2.639975000000000183e+00
2.659975000000000200e+00
2.680531888888888936e+00
2.703275000000000095e+00
2.723275000000000112e+00
2.743274999999999686e+00
2.763275000000000148e+00
2.783274999999999721e+00
2.803275000000000183e+00
2.823275000000000201e+00
2.843275000000000219e+00
2.863274999999999793e+00
2.883274999999999810e+00
2.903274999999999828e+00
2.923275000000000290e+00
2.943275000000000308e+00
2.963274999999999881e+00
2.983274999999999899e+00
3.003275000000000361e+00
3.023274999999999935e+00
3.043274999999999508e+00
3.063274999999999970e+00
3.083274999999999988e+00
3.103275000000000006e+00
3.123275000000000023e+00
3.143848888888888915e+00
3.166674999999999685e+00
3.186675000000000146e+00
3.206674999999999720e+00
3.226675000000000182e+00
3.246674999999999756e+00
3.266675000000000217e+00
3.286675000000000235e+00
3.306674999999999809e+00
3.326674999999999827e+00
3.346674999999999844e+00
3.366674999999999862e+00
3.386675000000000324e+00
3.406675000000000342e+00
3.426675000000000360e+00
3.446673999999999793e+00
3.466674999999999951e+00
3.486674999999999969e+00
3.506674999999999542e+00
3.526675000000000004e+00
3.546657999999999866e+00
3.566591999999999985e+00
3.586657999999999902e+00
3.607148666666666337e+00
3.629974999999999952e+00
3.649974999999999969e+00
3.669974999999999987e+00
3.689975000000000005e+00
3.709975000000000023e+00
3.729975000000000929e+00
3.749975000000000058e+00
3.769975000000000076e+00
3.789975000000000538e+00
3.809974999999999667e+00
3.829974999999999685e+00
3.849974999999999703e+00
3.869974999999999721e+00
3.889974999999999739e+00
3.909974999999999756e+00
3.929975000000000662e+00
3.949975000000000236e+00
3.969975000000000254e+00
3.989975000000000271e+00
4.009975000000000733e+00
4.029974999999999419e+00
4.049974999999999881e+00
4.069974999999999454e+00
4.090531888888889078e+00
4.113274999999998904e+00
4.133275000000000254e+00
4.153274999999999828e+00
4.173275000000000290e+00
4.193274999999999864e+00
4.213275000000000325e+00
4.233274999999999899e+00
4.253274999999999473e+00
4.273275000000000823e+00
4.293274999999999508e+00
4.313275000000000858e+00
4.333274999999999544e+00
4.353275000000000006e+00
4.373275000000000468e+00
4.393275000000000041e+00
4.413275000000000503e+00
4.433272999999999797e+00
4.453275000000000539e+00
4.473274999999999224e+00
4.493275000000000574e+00
4.513275000000000148e+00
4.533274999999999721e+00
4.553831888888889345e+00
4.576575000000000060e+00
4.596574999999999633e+00
4.616575000000000095e+00
4.636575000000000557e+00
4.656575000000000131e+00
4.676574999999999704e+00
4.696575000000000166e+00
4.716574999999999740e+00
4.736574999999999314e+00
4.756575000000000664e+00
4.776575000000000237e+00
4.796575000000000699e+00
4.816575000000000273e+00
4.836574999999999847e+00
4.856575000000000308e+00
4.876574999999999882e+00
4.896575000000000344e+00
4.916574999999999029e+00
4.936574999999999491e+00
4.956574999999999953e+00
4.976575000000000415e+00
4.996574999999999989e+00
5.017148666666667367e+00
5.039975000000000982e+00
5.059974999999998779e+00
5.079975000000000129e+00
5.099974999999999703e+00
5.119975000000000165e+00
5.139975000000000627e+00
5.159975000000000200e+00
5.179974999999999774e+00
5.199974999999999348e+00
5.219974999999999810e+00
5.239974999999999383e+00
5.259975000000000733e+00
5.279975000000000307e+00
5.299974999999999881e+00
5.319974999999999454e+00
5.339974999999999028e+00
5.359975000000000378e+00
5.379974999999999952e+00
5.399975000000000414e+00
5.419974999999999987e+00
5.439975000000000449e+00
5.459975000000000023e+00
5.480531888888888759e+00
5.503274999999999473e+00
5.523275000000000823e+00
5.543275000000000396e+00
5.563275000000000858e+00
5.583275000000000432e+00
5.603275000000000006e+00
5.623275000000000468e+00
5.643274999999999153e+00
5.663275000000000503e+00
5.683274999999999189e+00
5.703275000000000539e+00
5.723275000000000112e+00
5.743275000000000574e+00
5.763275000000000148e+00
5.783274999999999721e+00
5.803276000000000323e+00
5.823275999999999897e+00
5.843275999999999470e+00
5.863276000000000820e+00
5.883275000000000254e+00
5.903275000000000716e+00
5.923275000000000290e+00
5.943831888888889914e+00
5.966575000000000628e+00
5.986574999999999314e+00
6.006575000000000664e+00
6.026575000000000237e+00
6.046575000000000699e+00
6.066575000000000273e+00
6.086574999999999847e+00
6.106575000000000308e+00
6.126574999999998994e+00
6.146575000000000344e+00
6.166574999999999029e+00
6.186578999999999162e+00
6.206574999999999953e+00
6.226571000000000744e+00
6.246574999999999989e+00
6.266574999999999562e+00
6.286576000000000164e+00
6.306574999999999598e+00
6.326575000000000948e+00
6.346574999999999633e+00
6.366575000000000095e+00
6.386575000000000557e+00
6.406575000000000131e+00
6.427132111111110824e+00
6.449875000000000469e+00
6.469875000000000043e+00
6.489875000000000504e+00
6.509875000000000078e+00
6.529875000000000540e+00
6.549874999999999226e+00
6.569875000000000576e+00
6.589875000000000149e+00
6.609874999999999723e+00
6.629875000000001073e+00
6.649874999999998870e+00
6.669875000000000220e+00
6.689874999999999794e+00
6.709875000000000256e+00
6.729875000000000718e+00
6.749875000000000291e+00
6.769875000000000753e+00
6.789874999999999439e+00
6.809875000000000789e+00
6.829874999999999474e+00
6.849875000000000824e+00
6.869875000000000398e+00
6.890448666666666000e+00
6.913275000000000503e+00
6.933274999999999189e+00
6.953275000000000539e+00
6.973275000000000112e+00
6.993275000000000574e+00
7.013275000000000148e+00
7.033274999999999721e+00
7.053275000000001071e+00
7.073274999999999757e+00
7.093275000000001107e+00
7.113274999999999793e+00
7.133274999999999366e+00
7.153274999999999828e+00
7.173274999999999402e+00
7.193274999999999864e+00
7.213275000000000325e+00
7.233274999999999899e+00
7.253275000000000361e+00
7.273274999999999935e+00
7.293274999999998620e+00
7.313274999999999970e+00
7.333275000000000432e+00
7.353832111111111125e+00
7.376575000000000770e+00
7.396575000000000344e+00
7.416574999999999029e+00
7.436575000000000379e+00
7.456575000000000841e+00
7.476575000000000415e+00
7.496575000000000877e+00
7.516574999999999562e+00
7.536575000000000912e+00
7.556574999999999598e+00
7.576575000000000948e+00
7.596574999999999633e+00
7.616574999999999207e+00
7.636574999999999669e+00
7.656574999999999243e+00
7.676574999999999704e+00
7.696575000000000166e+00
7.716574999999999740e+00
7.736575000000000202e+00
7.756574999999999775e+00
7.776574999999998461e+00
7.796574999999999811e+00
7.817131888888888547e+00
7.839875000000000149e+00
7.859875000000000611e+00
7.879875000000000185e+00
7.899874999999998870e+00
7.919875000000000220e+00
7.939875000000000682e+00
7.959875000000000256e+00
7.979875000000000718e+00
7.999874999999999403e+00
8.019875000000000753e+00
8.039875000000000327e+00
8.059874999999998124e+00
8.079874999999999474e+00
8.099875000000000824e+00
8.119875000000000398e+00
8.139874999999998195e+00
8.159875000000001322e+00
8.179875000000000895e+00
8.199874999999998693e+00
8.219875000000000043e+00
8.239875000000001393e+00
8.259875000000000966e+00
8.279874999999998764e+00
8.300431888888887499e+00
8.323174999999999102e+00
8.343174999999998676e+00
8.363175000000000026e+00
8.383175000000001376e+00
8.403174999999999173e+00
8.423175000000000523e+00
8.443174000000000845e+00
8.463174999999999670e+00
8.483174999999997468e+00
8.503173999999999566e+00
8.523175000000000168e+00
8.543174999999999741e+00
8.563174999999999315e+00
8.583175000000000665e+00
8.603174000000000987e+00
8.623173000000001309e+00
8.643171999999999855e+00
8.663175000000000736e+00
8.683174999999998533e+00
8.703174999999999883e+00
8.723175000000001234e+00
8.743173000000000528e+00
8.763748666666664633e+00
8.786573999999999884e+00
8.806575000000000486e+00
8.826574999999998283e+00
8.846574999999999633e+00
8.866575000000000983e+00
8.886575000000000557e+00
8.906575000000000131e+00
8.926575000000001481e+00
8.946575000000001054e+00
8.966574999999998852e+00
8.986575000000000202e+00
9.006575000000001552e+00
9.026575000000001125e+00
9.046574999999998923e+00
9.066575000000000273e+00
9.086574999999999847e+00
9.106574999999999420e+00
9.126574999999998994e+00
9.146575000000000344e+00
9.166575000000001694e+00
9.186574999999997715e+00
9.206574999999999065e+00
9.227131888888887801e+00
9.249874999999999403e+00
9.269875000000000753e+00
9.289875000000000327e+00
9.309874999999998124e+00
9.329874999999999474e+00
9.349875000000000824e+00
9.369875000000000398e+00
9.389874999999998195e+00
9.409875000000001322e+00
9.429875000000000895e+00
9.449874999999998693e+00
9.469875000000000043e+00
9.489875000000001393e+00
9.509875000000000966e+00
9.529874999999998764e+00
9.549875000000001890e+00
9.569874999999999687e+00
9.589874999999999261e+00
9.609875000000000611e+00
9.629875000000001961e+00
9.649875000000001535e+00
9.669874999999999332e+00
9.690431888888888068e+00
9.713174999999999670e+00
9.733174999999997468e+00
9.753175000000002370e+00
9.773175000000000168e+00
9.793174999999999741e+00
9.813174999999999315e+00
9.833175000000000665e+00
9.853175000000000239e+00
9.873174999999999812e+00
9.893175000000001162e+00
9.913175000000000736e+00
9.933174999999998533e+00
9.953174999999999883e+00
9.973175000000001234e+00
9.993175000000000807e+00
1.001317499999999860e+01
1.003317500000000173e+01
1.005317500000000130e+01
1.007317499999999910e+01
1.009317499999999868e+01
1.011317500000000003e+01
1.013317500000000138e+01
1.015317499999999740e+01
1.017373188888888791e+01
1.019647499999999951e+01
1.021647499999999908e+01
1.023647500000000043e+01
1.025647500000000178e+01
1.027647499999999781e+01
1.029647499999999916e+01
1.031647500000000051e+01
1.033647500000000008e+01
1.035647499999999788e+01
1.037647500000000100e+01
1.039647500000000058e+01
1.041647499999999837e+01
1.043647499999999972e+01
1.045647500000000107e+01
1.047647500000000065e+01
1.049647500000000022e+01
1.051647500000000157e+01
1.053647500000000115e+01
1.055647499999999894e+01
1.057647500000000029e+01
1.059647500000000164e+01
1.061647500000000122e+01
1.063704866666666504e+01
1.065987500000000132e+01
1.067987500000000090e+01
1.069987499999999869e+01
1.071987500000000004e+01
1.073987499999999962e+01
1.075987500000000097e+01
1.077987499999999876e+01
1.079987500000000189e+01
1.081987500000000146e+01
1.083987499999999926e+01
1.085987500000000061e+01
1.087987500000000196e+01
1.089987500000000153e+01
1.091987499999999756e+01
1.093987499999999891e+01
1.095987500000000026e+01
1.097987499999999983e+01
1.099987499999999940e+01
1.101987500000000075e+01
1.103987500000000033e+01
1.105987499999999812e+01
1.107987499999999947e+01
1.110043188888888821e+01
1.112317499999999981e+01
1.114317500000000116e+01
1.116317500000000074e+01
1.118317499999999853e+01
1.120317700000000016e+01
1.122317500000000123e+01
1.124317500000000081e+01
1.126317499999999860e+01
1.128317500000000173e+01
1.130317500000000130e+01
1.132317499999999910e+01
1.134317499999999868e+01
1.136317500000000003e+01
1.138317500000000138e+01
1.140317499999999740e+01
1.142317499999999875e+01
1.144317500000000010e+01
1.146317499999999967e+01
1.148317499999999747e+01
1.150317500000000237e+01
1.152317500000000017e+01
1.154317600000000077e+01
1.156373211111111310e+01
1.158647500000000008e+01
1.160647499999999788e+01
1.162647600000000025e+01
1.164647500000000058e+01
1.166647499999999837e+01
1.168647600000000075e+01
1.170647499999999930e+01
1.172647500000000065e+01
1.174647599999999947e+01
1.176647500000000157e+01
1.178647500000000115e+01
1.180647499999999894e+01
1.182647600000000132e+01
1.184647600000000089e+01
1.186647500000000122e+01
1.188647499999999901e+01
1.190647600000000139e+01
1.192647499999999994e+01
1.194647499999999951e+01
1.196647499999999908e+01
1.198647500000000043e+01
1.200647500000000178e+01
1.202703188888889052e+01
1.204977500000000035e+01
1.206977499999999992e+01
1.208977499999999949e+01
1.210977500000000084e+01
1.212977500000000042e+01
1.214977499999999822e+01
1.216977499999999957e+01
1.218977500000000092e+01
1.220977500000000049e+01
1.222977499999999829e+01
1.224977500000000141e+01
1.226977500000000099e+01
1.228977499999999878e+01
1.230977500000000013e+01
1.232977499999999971e+01
1.234977500000000106e+01
1.236977499999999885e+01
1.238977499999999843e+01
1.240977500000000155e+01
1.242977499999999935e+01
1.244977500000000070e+01
1.246977500000000205e+01
1.248977500000000163e+01
1.251034866666666545e+01
1.253317500000000173e+01
1.255317500000000130e+01
1.257317499999999910e+01
1.259317499999999868e+01
1.261317500000000003e+01
1.263317500000000138e+01
1.265317499999999740e+01
1.267317499999999875e+01
1.269317500000000010e+01
1.271317499999999967e+01
1.273317499999999747e+01
1.275317500000000237e+01
1.277317500000000017e+01
1.279317499999999797e+01
1.281317499999999932e+01
1.283317499999999889e+01
1.285317500000000024e+01
1.287317499999999981e+01
1.289317500000000116e+01
1.291317500000000074e+01
1.293317499999999853e+01
1.295317499999999988e+01
1.297373188888888862e+01
1.299647500000000022e+01
1.301647500000000157e+01
1.303647500000000115e+01
1.305647499999999894e+01
1.307647499999999852e+01
1.309647500000000164e+01
1.311647500000000122e+01
1.313647499999999901e+01
1.315647499999999859e+01
1.317647499999999994e+01
1.319647499999999951e+01
1.321647599999999834e+01
1.323647500000000043e+01
1.325647599999999926e+01
1.327647599999999883e+01
1.329647899999999794e+01
1.331647500000000051e+01
1.333647500000000008e+01
1.335647499999999788e+01
1.337647500000000100e+01
1.339647500000000058e+01
1.341647499999999837e+01
1.343703188888888889e+01
1.345977500000000049e+01
1.347977499999999829e+01
1.349977499999999786e+01
1.351977500000000099e+01
1.353977499999999878e+01
1.355977500000000013e+01
1.357977600000000074e+01
1.359977500000000106e+01
1.361977700000000091e+01
1.363977599999999946e+01
1.365977600000000081e+01
1.367977499999999935e+01
1.369977600000000173e+01
1.371977799999999803e+01
1.373977700000000013e+01
1.375977700000000148e+01
1.377977700000000105e+01
1.379977699999999885e+01
1.381977599999999917e+01
1.383977499999999949e+01
1.385977500000000084e+01
1.387977500000000042e+01
1.390033188888889093e+01
1.392307499999999898e+01
1.394307500000000033e+01
1.396307499999999990e+01
1.398307500000000125e+01
1.400307500000000083e+01
1.402307499999999862e+01
1.404307499999999997e+01
1.406307500000000132e+01
1.408307500000000090e+01
1.410307499999999870e+01
1.412307499999999827e+01
1.414307500000000140e+01
1.416307499999999919e+01
1.418307499999999877e+01
1.420307500000000012e+01
1.422307500000000147e+01
1.424307500000000104e+01
1.426307499999999884e+01
1.428307500000000019e+01
1.430307499999999976e+01
1.432307499999999756e+01
1.434307499999999891e+01
1.436307500000000026e+01
1.438364866666666764e+01
1.440647499999999681e+01
1.442647500000000171e+01
1.444647500000000129e+01
1.446647499999999908e+01
1.448647500000000043e+01
1.450647500000000178e+01
1.452647499999999781e+01
1.454647499999999916e+01
1.456647500000000051e+01
1.458647500000000008e+01
1.460647499999999788e+01
1.462647499999999923e+01
1.464647500000000058e+01
1.466647500000000015e+01
1.468647499999999795e+01
1.470647499999999930e+01
1.472647500000000065e+01
1.474647500000000022e+01
1.476647500000000157e+01
1.478647500000000292e+01
1.480647499999999894e+01
1.482647499999999674e+01
1.484703233333333294e+01
1.486977500000000063e+01
1.488977499999999843e+01
1.490977499999999978e+01
1.492977499999999935e+01
1.494977499999999715e+01
1.496977500000000205e+01
1.498977500000000163e+01
1.500977499999999942e+01
1.502977499999999722e+01
1.504977499999999857e+01
1.506977500000000170e+01
1.508977499999999949e+01
1.510977500000000084e+01
1.512977500000000219e+01
1.514977499999999822e+01
1.516977499999999957e+01
1.518977500000000092e+01
1.520977500000000049e+01
1.522977499999999829e+01
1.524977499999999608e+01
1.526977500000000099e+01
1.528977500000000056e+01
1.531033233333333321e+01
1.533307500000000090e+01
1.535307499999999870e+01
1.537307499999999649e+01
1.539307500000000140e+01
1.541307500000000097e+01
1.543307499999999877e+01
1.545307500000000012e+01
1.547307500000000147e+01
1.549307500000000104e+01
1.551307499999999884e+01
1.553307500000000019e+01
1.555307499999999976e+01
1.557307499999999756e+01
1.559307499999999891e+01
1.561307500000000026e+01
1.563307499999999983e+01
1.565307499999999763e+01
1.567307499999999898e+01
1.569307500000000033e+01
1.571307499999999990e+01
1.573307500000000125e+01
1.575307499999999905e+01
1.577363188888889134e+01
1.579637499999999939e+01
1.581637500000000074e+01
1.583637500000000031e+01
1.585637500000000166e+01
1.587637500000000301e+01
1.589637499999999903e+01
1.591637499999999683e+01
1.593637500000000173e+01
1.595637500000000131e+01
1.597637499999999910e+01
1.599637499999999690e+01
1.601637500000000003e+01
1.603637500000000315e+01
1.605637499999999918e+01
1.607637499999999875e+01
1.609637499999999832e+01
1.611637499999999790e+01
1.613637500000000102e+01
1.615637500000000060e+01
1.617637500000000017e+01
1.619637500000000330e+01
1.621637499999999932e+01
1.623637499999999889e+01
1.625694866666666982e+01
1.627977499999999722e+01
1.629977600000000137e+01
1.631977600000000095e+01
1.633977599999999697e+01
1.635977700000000112e+01
1.637977800000000173e+01
1.639978000000000335e+01
1.641977899999999835e+01
1.643978099999999998e+01
1.645977900000000105e+01
1.647977999999999810e+01
1.649977900000000375e+01
1.651977799999999874e+01
1.653977600000000336e+01
1.655977599999999939e+01
1.657977699999999999e+01
1.659977600000000209e+01
1.661977499999999708e+01
1.663977599999999768e+01
1.665977600000000081e+01
1.667977599999999683e+01
1.669977500000000248e+01
1.672033255555555797e+01
1.674307599999999852e+01
1.676307500000000061e+01
1.678307499999999663e+01
1.680307499999999976e+01
1.682307500000000289e+01
1.684307499999999891e+01
1.686307499999999848e+01
1.688307500000000161e+01
1.690307499999999763e+01
1.692307499999999720e+01
1.694307500000000388e+01
1.696307499999999990e+01
1.698307499999999948e+01
1.700307499999999905e+01
1.702307499999999862e+01
1.704307500000000175e+01
1.706307499999999777e+01
1.708307500000000090e+01
1.710307500000000047e+01
1.712307500000000005e+01
1.714307499999999962e+01
1.716307500000000275e+01
1.718363188888888970e+01
1.720637500000000131e+01
1.722637500000000088e+01
1.724637499999999690e+01
1.726637500000000003e+01
1.728637500000000315e+01
1.730637499999999918e+01
1.732637499999999875e+01
1.734637499999999832e+01
1.736637499999999790e+01
1.738637500000000102e+01
1.740637500000000060e+01
1.742637500000000017e+01
1.744637500000000330e+01
1.746637499999999932e+01
1.748637499999999889e+01
1.750637500000000202e+01
1.752636700000000403e+01
1.754637499999999761e+01
1.756637500000000429e+01
1.758637499999999676e+01
1.760637499999999989e+01
1.762637500000000301e+01
1.764693188888888997e+01
1.766967499999999802e+01
1.768967500000000115e+01
1.770967499999999717e+01
1.772967500000000030e+01
1.774967499999999987e+01
1.776967499999999944e+01
1.778967600000000004e+01
1.780967700000000420e+01
1.782967100000000116e+01
1.784967500000000129e+01
1.786967499999999731e+01
1.788967500000000044e+01
1.790967500000000356e+01
1.792967499999999959e+01
1.794967499999999916e+01
1.796967500000000229e+01
1.798967499999999831e+01
1.800967500000000143e+01
1.802967499999999745e+01
1.804967500000000058e+01
1.806967500000000371e+01
1.808967599999999720e+01
1.811025466666666972e+01
1.813307799999999759e+01
1.815307599999999866e+01
1.817307599999999823e+01
1.819307700000000239e+01
1.821307499999999990e+01
1.823307600000000050e+01
1.825307600000000363e+01
1.827307499999999862e+01
1.829307500000000175e+01
1.831307499999999777e+01
1.833307500000000090e+01
1.835307500000000402e+01
1.837307500000000005e+01
1.839307499999999962e+01
1.841307500000000275e+01
1.843307499999999877e+01
1.845307499999999834e+01
1.847307499999999436e+01
1.849307499999999749e+01
1.851307500000000061e+01
1.853307499999999663e+01
1.855307499999999976e+01
1.857307500000000289e+01
1.859363188888888985e+01
1.861637499999999790e+01
1.863637500000000102e+01
1.865637500000000060e+01
1.867637500000000017e+01
1.869637500000000330e+01
1.871637499999999932e+01
1.873637499999999889e+01
1.875637500000000202e+01
1.877637499999999804e+01
1.879637499999999761e+01
1.881637500000000429e+01
1.883637499999999676e+01
1.885637499999999989e+01
1.887637499999999591e+01
1.889637499999999903e+01
1.891637500000000216e+01
1.893637499999999818e+01
1.895637500000000131e+01
1.897637500000000088e+01
1.899637499999999690e+01
1.901637500000000003e+01
1.903637500000000315e+01
1.905693188888889011e+01
1.907967500000000172e+01
1.909967500000000484e+01
1.911967499999999731e+01
1.913967500000000044e+01
1.915967600000000459e+01
1.917967599999999706e+01
1.919967700000000121e+01
1.921967600000000331e+01
1.923967599999999933e+01
1.925967599999999891e+01
1.927967599999999493e+01
1.929967500000000058e+01
1.931967600000000118e+01
1.933967699999999468e+01
1.935967699999999780e+01
1.937967600000000346e+01
1.939967499999999845e+01
1.941967499999999802e+01
1.943967499999999760e+01
1.945967499999999717e+01
1.947967500000000030e+01
1.949967499999999987e+01
1.952023233333333607e+01
1.954297499999999843e+01
1.956297499999999445e+01
1.958297499999999758e+01
1.960297500000000070e+01
1.962297499999999673e+01
1.964297499999999985e+01
1.966297500000000298e+01
1.968297499999999900e+01
1.970297499999999857e+01
1.972297500000000170e+01
1.974297499999999772e+01
1.976297499999999729e+01
1.978297500000000397e+01
1.980297499999999644e+01
1.982297499999999957e+01
1.984297499999999914e+01
1.986297499999999872e+01
1.988297500000000184e+01
1.990297499999999786e+01
1.992297500000000099e+01
1.994297500000000412e+01
1.996297500000000014e+01
1.998354866666666751e+01
2.000637500000000202e+01
2.002637499999999804e+01
2.004637499999999761e+01
2.006637500000000429e+01
2.008637499999999676e+01
2.010637499999999989e+01
2.012637499999999591e+01
2.014637499999999903e+01
2.016637599999999964e+01
2.018637499999999818e+01
2.020637500000000131e+01
2.022637699999999938e+01
2.024637599999999793e+01
2.026637600000000106e+01
2.028637700000000166e+01
2.030637699999999768e+01
2.032637700000000081e+01
2.034637700000000038e+01
2.036637699999999995e+01
2.038637699999999953e+01
2.040637599999999807e+01
2.042637599999999765e+01
2.044637600000000077e+01
2.046693344444444662e+01
2.048967499999999831e+01
2.050967500000000143e+01
2.052967499999999745e+01
2.054967500000000058e+01
2.056967600000000118e+01
2.058967499999999973e+01
2.060967499999999930e+01
2.062967500000000243e+01
2.064967499999999845e+01
2.066967499999999802e+01
2.068967499999999760e+01
2.070967499999999717e+01
2.072967500000000030e+01
2.074967499999999987e+01
2.076967499999999944e+01
2.078967500000000257e+01
2.080967499999999859e+01
2.082967500000000172e+01
2.084967500000000484e+01
2.086967499999999731e+01
2.088967500000000044e+01
2.090967500000000356e+01
2.093023188888889052e+01
2.095297499999999857e+01
2.097297600000000273e+01
2.099297499999999772e+01
2.101297499999999729e+01
2.103297500000000397e+01
2.105297599999999747e+01
2.107297499999999957e+01
2.109297499999999914e+01
2.111297499999999872e+01
2.113297500000000184e+01
2.115297599999999889e+01
2.117297500000000099e+01
2.119297500000000412e+01
2.121297500000000014e+01
2.123297499999999971e+01
2.125297600000000386e+01
2.127297499999999886e+01
2.129297599999999946e+01
2.131297600000000259e+01
2.133297599999999861e+01
2.135297699999999921e+01
2.137297699999999523e+01
2.139355166666666364e+01
2.141637799999999814e+01
2.143636199999999903e+01
2.145627999999999602e+01
2.147629199999999727e+01
2.149636399999999981e+01
2.151627699999999876e+01
2.153627500000000339e+01
2.155627499999999941e+01
2.157627499999999898e+01
2.159627499999999856e+01
2.161627499999999813e+01
2.163627500000000126e+01
2.165627499999999728e+01
2.167627499999999685e+01
2.169627500000000353e+01
2.171627499999999600e+01
2.173627499999999912e+01
2.175627500000000225e+01
2.177627499999999827e+01
2.179627499999999785e+01
2.181627500000000097e+01
2.183627499999999699e+01
2.185684888888889077e+01
2.187967500000000243e+01
2.189967499999999845e+01
2.191967500000000157e+01
2.193967499999999760e+01
2.195967499999999717e+01
2.197967500000000385e+01
2.199966700000000230e+01
2.201967499999999944e+01
2.203967500000000257e+01
2.205967499999999859e+01
2.207967499999999816e+01
2.209967500000000484e+01
2.211967599999999834e+01
2.213967500000000044e+01
2.215967499999999646e+01
2.217967499999999959e+01
2.219967500000000271e+01
2.221967499999999518e+01
2.223967499999999831e+01
2.225967500000000143e+01
2.227967499999999745e+01
2.229967500000000058e+01
2.231967500000000015e+01
2.234023188888889067e+01
2.236297499999999872e+01
2.238297600000000287e+01
2.240297499999999786e+01
2.242297500000000099e+01
2.244297500000000412e+01
2.246297500000000014e+01
2.248297499999999971e+01
2.250297700000000134e+01
2.252297599999999989e+01
2.254297899999999899e+01
2.256297900000000212e+01
2.258297800000000066e+01
2.260297699999999921e+01
2.262297699999999523e+01
2.264297599999999733e+01
2.266297600000000401e+01
2.268297599999999647e+01
2.270297499999999857e+01
2.272297600000000273e+01
2.274297599999999875e+01
2.276297500000000085e+01
2.278297499999999687e+01
2.280353288888889196e+01
2.282627600000000001e+01
2.284627600000000314e+01
2.286627700000000019e+01
2.288627699999999976e+01
2.290627599999999831e+01
2.292627599999999788e+01
2.294627699999999848e+01
2.296627700000000516e+01
2.298627699999999763e+01
2.300627700000000075e+01
2.302627699999999678e+01
2.304627599999999887e+01
2.306627700000000303e+01
2.308627599999999802e+01
2.310627500000000012e+01
2.312627600000000072e+01
2.314627499999999927e+01
2.316627500000000239e+01
2.318627499999999841e+01
2.320627599999999902e+01
2.322627600000000214e+01
2.324627700000000274e+01
2.326684988888888839e+01
2.328967700000000107e+01
2.330967800000000167e+01
2.332967700000000022e+01
2.334967500000000484e+01
2.336967699999999937e+01
2.338965799999999717e+01
2.340959199999999996e+01
2.342967499999999959e+01
2.344965799999999945e+01
2.346959199999999868e+01
2.348965800000000215e+01
2.350957500000000167e+01
2.352959200000000095e+01
2.354965799999999732e+01
2.356957500000000394e+01
2.358957499999999996e+01
2.360957499999999953e+01
2.362957899999999967e+01
2.364957800000000177e+01
2.366957699999999676e+01
2.368957700000000344e+01
2.370957599999999843e+01
2.373015011111111150e+01
2.375297499999999573e+01
2.377297599999999989e+01
2.379297500000000198e+01
2.381297499999999445e+01
2.383297599999999861e+01
2.385297600000000173e+01
2.387297499999999673e+01
2.389297699999999836e+01
2.391297999999999746e+01
2.393297499999999900e+01
2.395297499999999857e+01
2.397297500000000170e+01
2.399297499999999772e+01
2.401297500000000085e+01
2.403297499999999687e+01
2.405297499999999999e+01
2.407297500000000312e+01
2.409297499999999914e+01
2.411297499999999872e+01
2.413297500000000184e+01
2.415297499999999786e+01
2.417297500000000099e+01
2.419297500000000412e+01
2.421353188888889107e+01
2.423627499999999912e+01
2.425627500000000225e+01
2.427627499999999827e+01
2.429626299999999972e+01
2.431627500000000097e+01
2.433627499999999699e+01
2.435627500000000012e+01
2.437627500000000325e+01
2.439627499999999927e+01
2.441627300000000389e+01
2.443627499999999841e+01
2.445627499999999799e+01
2.447627500000000111e+01
2.449627500000000069e+01
2.451627500000000026e+01
2.453627500000000339e+01
2.455627499999999941e+01
2.457627499999999898e+01
2.459627499999999856e+01
2.461627499999999813e+01
2.463627500000000126e+01
2.465627499999999728e+01
2.467683188888889134e+01
2.469957499999999939e+01
2.471957500000000252e+01
2.473957499999999854e+01
2.475957500000000167e+01
2.477957499999999769e+01
2.479957499999999726e+01
2.481957500000000394e+01
2.483957499999999996e+01
2.485957499999999953e+01
2.487957500000000266e+01
2.489957499999999868e+01
2.491957499999999825e+01
2.493957500000000493e+01
2.495957499999999740e+01
2.497957500000000053e+01
2.499957499999999655e+01
2.501957499999999968e+01
2.503957500000000280e+01
2.505957199999999929e+01
2.507957499999999840e+01
2.509957500000000152e+01
2.511957499999999754e+01
2.514014866666666492e+01
2.516297500000000298e+01
2.518297499999999900e+01
2.520297300000000362e+01
2.522297500000000170e+01
2.524297499999999772e+01
2.526297500000000085e+01
2.528297499999999687e+01
2.530297499999999999e+01
2.532295799999999986e+01
2.534287499999999582e+01
2.536289200000000221e+01
2.538295799999999858e+01
2.540287599999999557e+01
2.542289599999999794e+01
2.544296199999999786e+01
2.546289499999999961e+01
2.548295999999999850e+01
2.550287600000000410e+01
2.552287599999999657e+01
2.554287599999999969e+01
2.556287600000000282e+01
2.558287599999999884e+01
2.560344955555555657e+01
2.562627600000000072e+01
2.564627599999999674e+01
2.566627500000000239e+01
2.568627600000000299e+01
2.570627599999999902e+01
2.572627899999999812e+01
2.574628000000000227e+01
2.576627500000000026e+01
2.578627499999999628e+01
2.580627499999999586e+01
2.582627499999999898e+01
2.584627499999999856e+01
2.586627499999999813e+01
2.588627500000000126e+01
2.590626800000000074e+01
2.592627499999999685e+01
2.594627500000000353e+01
2.596627499999999600e+01
2.598627499999999912e+01
2.600627500000000225e+01
2.602626499999999865e+01
2.604627499999999785e+01
2.606683188888888836e+01
2.608957499999999996e+01
2.610957499999999953e+01
2.612957500000000266e+01
2.614957499999999513e+01
2.616957499999999825e+01
2.618957499999999783e+01
2.620957499999999740e+01
2.622957500000000053e+01
2.624957499999999655e+01
2.626957499999999968e+01
2.628957500000000280e+01
2.630957499999999527e+01
2.632957499999999840e+01
2.634957500000000152e+01
2.636957499999999754e+01
2.638957500000000067e+01
2.640957500000000024e+01
2.642957499999999982e+01
2.644957499999999939e+01
2.646957500000000252e+01
2.648957499999999854e+01
2.650957500000000167e+01
2.652957499999999769e+01
2.655013188888888820e+01
2.657287499999999980e+01
2.659287499999999582e+01
2.661287499999999895e+01
2.663287500000000207e+01
2.665287499999999454e+01
2.667287499999999767e+01
2.669287500000000080e+01
2.671287499999999682e+01
2.673287499999999994e+01
2.675287499999999952e+01
2.677287499999999909e+01
2.679287499999999866e+01
2.681287500000000179e+01
2.683287499999999781e+01
2.685287500000000094e+01
2.687287600000000154e+01
2.689287500000000009e+01
2.691287500000000321e+01
2.693287499999999923e+01
2.695287499999999881e+01
2.697287500000000193e+01
2.699287499999999795e+01
2.701344866666666533e+01
2.703627600000000086e+01
2.705627600000000044e+01
2.707627699999999749e+01
2.709627800000000164e+01
2.711627799999999766e+01
2.713627699999999976e+01
2.715627599999999831e+01
2.717627699999999535e+01
2.719627600000000101e+01
2.721627699999999805e+01
2.723627600000000015e+01
2.725627600000000328e+01
2.727627699999999678e+01
2.729627999999999943e+01
2.731627500000000097e+01
2.733625800000000083e+01
2.735619199999999651e+01
2.737625799999999998e+01
2.739617499999999595e+01
2.741619199999999879e+01
2.743625799999999870e+01
2.745617499999999822e+01
2.747674866666666915e+01
2.749957499999999655e+01
2.751957499999999968e+01
2.753957500000000280e+01
2.755957499999999527e+01
2.757957499999999840e+01
2.759957500000000152e+01
2.761957499999999754e+01
2.763957500000000067e+01
2.765957500000000024e+01
2.767957499999999982e+01
2.769957499999999939e+01
2.771957500000000252e+01
2.773957499999999854e+01
2.775957500000000167e+01
2.777957600000000227e+01
2.779957499999999726e+01
2.781957500000000394e+01
2.783957499999999996e+01
2.785957200000000356e+01
2.787957299999999705e+01
2.789957399999999765e+01
2.791956799999999816e+01
2.794012811111111461e+01
2.796287499999999682e+01
2.798287499999999994e+01
2.800287499999999952e+01
2.802287499999999909e+01
2.804287499999999866e+01
2.806287500000000179e+01
2.808287499999999781e+01
2.810287500000000094e+01
2.812287499999999696e+01
2.814287500000000009e+01
2.816287500000000321e+01
2.818287499999999923e+01
2.820287499999999881e+01
2.822287500000000193e+01
2.824287499999999795e+01
2.826287500000000108e+01
2.828287499999999710e+01
2.830287499999999667e+01
2.832287499999999980e+01
2.834287499999999582e+01
2.836287499999999895e+01
2.838287500000000207e+01
2.840287499999999454e+01
2.842343188888888506e+01
2.844617500000000021e+01
2.846617499999999623e+01
2.848617500000000291e+01
2.850617500000000248e+01
2.852617499999999851e+01
2.854617499999999808e+01
2.856617500000000121e+01
2.858617500000000078e+01
2.860617500000000035e+01
2.862617499999999637e+01
2.864617499999999595e+01
2.866617500000000263e+01
2.868617499999999865e+01
2.870617499999999822e+01
2.872617499999999779e+01
2.874617499999999382e+01
2.876617500000000049e+01
2.878617500000000007e+01
2.880617499999999609e+01
2.882617500000000277e+01
2.884617500000000234e+01
2.886617499999999836e+01
2.888674866666666219e+01
2.890957500000000024e+01
2.892957499999999982e+01
2.894957499999999939e+01
2.896957500000000252e+01
2.898957500000000209e+01
2.900957500000000167e+01
2.902957499999999769e+01
2.904957499999999726e+01
2.906957500000000394e+01
2.908957499999999996e+01
2.910957499999999953e+01
2.912957500000000266e+01
2.914957499999999513e+01
2.916957499999999470e+01
2.918957000000000335e+01
2.920957499999999740e+01
2.922957500000000408e+01
2.924957499999999300e+01
2.926957499999999968e+01
2.928957499999999925e+01
2.930957499999999527e+01
2.932957500000000195e+01
2.935013188888888891e+01
2.937287499999999696e+01
2.939287500000000364e+01
2.941287500000000321e+01
2.943287499999999923e+01
2.945287499999999881e+01
2.947287500000000193e+01
2.949287500000000151e+01
2.951287500000000108e+01
2.953287499999999710e+01
2.955287499999999667e+01
2.957287500000000335e+01
2.959287499999999227e+01
2.961287499999999895e+01
2.963287499999999852e+01
2.965287499999999454e+01
2.967287500000000122e+01
2.969287500000000080e+01
2.971287499999999682e+01
2.973287500000000350e+01
2.975287499999999952e+01
2.977287499999999909e+01
2.979287499999999866e+01
2.981343188888889273e+01
2.983617500000000078e+01
2.985617500000000035e+01
2.987617499999999637e+01
2.989617499999999595e+01
2.991617500000000263e+01
2.993617499999999865e+01
2.995617499999999822e+01
2.997617499999999779e+01
2.999617499999999382e+01
3.001617500000000049e+01
3.003617500000000007e+01
3.005617499999999609e+01
3.007617500000000277e+01
3.009617500000000234e+01
3.011617499999999836e+01
3.013617499999999794e+01
3.015617500000000106e+01
3.017617500000000064e+01
3.019617500000000021e+01
3.021617499999999623e+01
3.023617500000000291e+01
3.025617500000000248e+01
3.027673188888888944e+01
3.029947499999999749e+01
3.031947499999999707e+01
3.033947499999999309e+01
3.035947499999999977e+01
3.037947499999999934e+01
3.039947499999999536e+01
3.041947500000000204e+01
3.043947500000000161e+01
3.045947499999999764e+01
3.047947500000000431e+01
3.049947500000000034e+01
3.051947499999999991e+01
3.053947499999999948e+01
3.055947500000000261e+01
3.057947500000000218e+01
3.059947500000000176e+01
3.061947499999999778e+01
3.063947499999999735e+01
3.065947500000000403e+01
3.067947500000000005e+01
3.069947499999999962e+01
3.071947500000000275e+01
3.073947499999999522e+01
3.076004866666666615e+01
3.078287499999999710e+01
3.080287499999999667e+01
3.082287500000000335e+01
3.084287499999999227e+01
3.086287499999999895e+01
3.088287499999999852e+01
3.090287499999999454e+01
3.092287500000000122e+01
3.094287500000000080e+01
3.096287499999999682e+01
3.098287500000000350e+01
3.100287499999999952e+01
3.102287499999999909e+01
3.104287499999999866e+01
3.106287500000000179e+01
3.108287500000000136e+01
3.110287500000000094e+01
3.112287499999999696e+01
3.114287500000000364e+01
3.116287500000000321e+01
3.118287499999999923e+01
3.120287499999999881e+01
3.122343188888889287e+01
3.124617499999999382e+01
3.126617500000000049e+01
3.128617500000000007e+01
3.130617499999999609e+01
3.132617500000000277e+01
3.134617500000000234e+01
3.136617499999999836e+01
3.138617499999999794e+01
3.140617500000000106e+01
3.142617500000000064e+01
3.144617500000000021e+01
3.146617499999999623e+01
3.148617500000000291e+01
3.150617500000000248e+01
3.152617499999999851e+01
3.154617499999999808e+01
3.156617500000000121e+01
3.158617500000000078e+01
3.160617500000000035e+01
3.162617499999999637e+01
3.164617499999999595e+01
3.166617500000000263e+01
3.168673188888888959e+01
3.170947499999999764e+01
3.172947500000000431e+01
3.174947500000000034e+01
3.176947499999999991e+01
3.178947499999999948e+01
3.180947500000000261e+01
3.182947500000000218e+01
3.184947500000000176e+01
3.186947499999999778e+01
3.188947499999999735e+01
3.190947500000000403e+01
3.192947500000000005e+01
3.194947499999999962e+01
3.196947500000000275e+01
3.198947499999999522e+01
3.200947500000000190e+01
3.202947499999999081e+01
3.204947500000000105e+01
3.206947500000000417e+01
3.208947499999999309e+01
3.210947500000000332e+01
3.212947500000000645e+01
3.215003188888888985e+01
3.217277500000000146e+01
3.219277499999999748e+01
3.221277500000000060e+01
3.223277500000000373e+01
3.225277499999999975e+01
3.227277499999999577e+01
3.229277499999999890e+01
3.231277499999998781e+01
3.233277499999999804e+01
3.235277500000000117e+01
3.237277499999999009e+01
3.239277500000000032e+01
3.241277500000000344e+01
3.243277499999999236e+01
3.245277500000000259e+01
3.247277500000000572e+01
3.249277499999999463e+01
3.251277500000000487e+01
3.253277500000000089e+01
3.255277499999999691e+01
3.257277500000000714e+01
3.259277500000000316e+01
3.261277499999999918e+01
3.263334866666667011e+01
3.265617499999999751e+01
3.267617500000000064e+01
3.269617500000000376e+01
3.271617499999999978e+01
3.273617500000000291e+01
3.275617499999999893e+01
3.277617499999999495e+01
3.279617500000000518e+01
3.281617499999999410e+01
3.283617499999999723e+01
3.285617500000000035e+01
3.287617499999998927e+01
3.289617499999999950e+01
3.291617500000000263e+01
3.293617499999999154e+01
3.295617500000000177e+01
3.297617500000000490e+01
3.299617499999999382e+01
3.301617500000000405e+01
3.303617500000000717e+01
3.305617499999999609e+01
3.307617500000000632e+01
3.309673188888889683e+01
3.311947500000000133e+01
3.313947500000000446e+01
3.315947500000000048e+01
3.317947499999999650e+01
3.319947499999999962e+01
3.321947499999998854e+01
3.323947499999999877e+01
3.325947500000000190e+01
3.327947499999999081e+01
3.329947500000000105e+01
3.331947500000000417e+01
3.333947499999999309e+01
3.335947500000000332e+01
3.337947500000000645e+01
3.339947499999999536e+01
3.341947500000000559e+01
3.343947500000000161e+01
3.345947499999999764e+01
3.347947500000000787e+01
3.349947499999999678e+01
3.351947499999999991e+01
3.353947500000000304e+01
3.356003188888889355e+01
3.358277499999999804e+01
3.360277500000000117e+01
3.362277499999999009e+01
3.364277500000000032e+01
3.366277500000000344e+01
3.368277499999999236e+01
3.370277500000000259e+01
3.372277500000000572e+01
3.374277499999999463e+01
3.376277500000000487e+01
3.378277500000000089e+01
3.380277499999999691e+01
3.382277500000000714e+01
3.384277500000000316e+01
3.386277499999999918e+01
3.388277500000000231e+01
3.390277499999999833e+01
3.392277500000000146e+01
3.394277499999999748e+01
3.396277500000000060e+01
3.398277500000000373e+01
3.400277499999999975e+01
3.402333188888889737e+01
3.404607500000000186e+01
3.406607500000000499e+01
3.408607499999999391e+01
3.410607500000000414e+01
3.412607500000000726e+01
3.414607499999999618e+01
3.416607500000000641e+01
3.418607500000000243e+01
3.420607499999999845e+01
3.422607500000000158e+01
3.424607499999999760e+01
3.426607500000000073e+01
3.428607499999999675e+01
3.430607499999999987e+01
3.432607500000000300e+01
3.434607500000000613e+01
3.436607499999999504e+01
3.438607500000000528e+01
3.440607499999999419e+01
3.442607499999999732e+01
3.444607500000000044e+01
3.446607499999998936e+01
3.448607499999999959e+01
3.450664866666667052e+01
3.452947499999999081e+01
3.454947500000000105e+01
3.456947500000000417e+01
3.458947499999999309e+01
3.460947500000000332e+01
3.462947500000000645e+01
3.464947499999999536e+01
3.466947500000000559e+01
3.468947500000000161e+01
3.470947499999999764e+01
3.472947500000000787e+01
3.474947499999999678e+01
3.476947499999999991e+01
3.478947500000000304e+01
3.480947499999999906e+01
3.482947500000000218e+01
3.484947499999999820e+01
3.486947500000000133e+01
3.488947500000000446e+01
3.490947500000000048e+01
3.492947499999999650e+01
3.494947499999999962e+01
3.497003188888889014e+01
3.499277499999999463e+01
3.501277500000000487e+01
3.503277500000000089e+01
3.505277499999999691e+01
3.507277500000000714e+01
3.509277500000000316e+01
3.511277499999999918e+01
3.513277500000000231e+01
3.515277499999999833e+01
3.517277500000000146e+01
3.519277499999999748e+01
3.521277500000000060e+01
3.523277500000000373e+01
3.525277499999999975e+01
3.527277499999999577e+01
3.529277499999999890e+01
3.531277499999998781e+01
3.533277499999999804e+01
3.535277500000000117e+01
3.537277499999999009e+01
3.539277500000000032e+01
3.541277500000000344e+01
3.543333188888888685e+01
3.545607499999999845e+01
3.547607500000000158e+01
3.549607499999999760e+01
3.551607500000000073e+01
3.553607499999999675e+01
3.555607499999999987e+01
3.557607500000000300e+01
3.559607500000000613e+01
3.561607499999999504e+01
3.563607500000000528e+01
3.565607499999999419e+01
3.567607499999999732e+01
3.569607500000000044e+01
3.571607499999998936e+01
3.573607499999999959e+01
3.575607500000000272e+01
3.577607499999999163e+01
3.579607500000000186e+01
3.581607500000000499e+01
3.583607499999999391e+01
3.585607500000000414e+01
3.587607500000000726e+01
3.589663188888889067e+01
3.591937500000000227e+01
3.593937500000000540e+01
3.595937500000000142e+01
3.597937500000000455e+01
3.599937499999999346e+01
3.601937499999999659e+01
3.603937499999999972e+01
3.605937499999998863e+01
3.607937499999999886e+01
3.609937500000000199e+01
3.611937499999999091e+01
3.613937500000000114e+01
3.615937500000000426e+01
3.617937499999999318e+01
3.619937500000000341e+01
3.621937500000000654e+01
3.623937499999999545e+01
3.625937500000000568e+01
3.627937500000000171e+01
3.629937499999999773e+01
3.631937500000000085e+01
3.633937499999999687e+01
3.635994866666666780e+01
3.638277500000000231e+01
3.640277499999999833e+01
3.642277500000000146e+01
3.644277499999999748e+01
3.646277500000000060e+01
3.648277500000000373e+01
3.650277499999999975e+01
3.652277499999999577e+01
3.654277499999999890e+01
3.656277499999998781e+01
3.658277500000000515e+01
3.660277500000000117e+01
3.662277499999999009e+01
3.664277500000000032e+01
3.666277500000000344e+01
3.668277499999999236e+01
3.670277500000000259e+01
3.672277500000000572e+01
3.674277499999999463e+01
3.676277500000000487e+01
3.678277500000000089e+01
3.680277499999999691e+01
3.682277499999999293e+01
3.684333188888889765e+01
3.686607500000000215e+01
3.688607500000000528e+01
3.690607499999998709e+01
3.692607500000000442e+01
3.694607500000000044e+01
3.696607499999998936e+01
3.698607499999999959e+01
3.700607500000000272e+01
3.702607499999999163e+01
3.704607500000000186e+01
3.706607500000000499e+01
3.708607499999999391e+01
3.710607500000000414e+01
3.712607500000000726e+01
3.714607499999999618e+01
3.716607499999999931e+01
3.718607500000000243e+01
3.720607499999999845e+01
3.722607500000000158e+01
3.724607499999999760e+01
3.726607500000000073e+01
3.728607499999999675e+01
3.730663188888890147e+01
3.732937499999999886e+01
3.734937500000000199e+01
3.736937499999999091e+01
3.738937500000000114e+01
3.740937500000000426e+01
3.742937499999999318e+01
3.744937500000000341e+01
3.746937500000000654e+01
3.748937499999999545e+01
3.750937499999999858e+01
3.752937500000000171e+01
3.754937499999999773e+01
3.756937500000000796e+01
3.758937499999999687e+01
3.760937500000000000e+01
3.762937499999999602e+01
3.764937499999999915e+01
3.766937499999999517e+01
3.768937500000000540e+01
3.770937500000000142e+01
3.772937500000000455e+01
3.774937499999998636e+01
3.776993188888889108e+01
3.779267500000000268e+01
3.781267500000000581e+01
3.783267499999999472e+01
3.785267500000000496e+01
3.787267500000000098e+01
3.789267499999999700e+01
3.791267500000000723e+01
3.793267500000000325e+01
3.795267499999999927e+01
3.797267499999999529e+01
3.799267499999999842e+01
3.801267499999999444e+01
3.803267500000000467e+01
3.805267500000000069e+01
3.807267500000000382e+01
3.809267499999999274e+01
3.811267500000000297e+01
3.813267499999999899e+01
3.815267499999998790e+01
3.817267500000000524e+01
3.819267500000000126e+01
3.821267499999999018e+01
3.823324866666666821e+01
3.825607500000000272e+01
3.827607499999999163e+01
3.829607500000000186e+01
3.831607500000000499e+01
3.833607499999999391e+01
3.835607500000000414e+01
3.837607500000000726e+01
3.839607499999999618e+01
3.841607499999999931e+01
3.843607500000000243e+01
3.845607499999999845e+01
3.847607500000000158e+01
3.849607499999999760e+01
3.851607500000000073e+01
3.853607499999999675e+01
3.855607499999999987e+01
3.857607499999999590e+01
3.859607499999999192e+01
3.861607500000000215e+01
3.863607500000000528e+01
3.865607499999998709e+01
3.867607500000000442e+01
3.869607500000000044e+01
3.871663188888889096e+01
3.873937499999999545e+01
3.875937499999999858e+01
3.877937500000000171e+01
3.879937499999999773e+01
3.881937500000000796e+01
3.883937499999999687e+01
3.885937500000000000e+01
3.887937499999999602e+01
3.889937499999999915e+01
3.891937499999999517e+01
3.893937500000000540e+01
3.895937500000000142e+01
3.897937500000000455e+01
3.899937499999998636e+01
3.901937500000000369e+01
3.903937499999999972e+01
3.905937499999998863e+01
3.907937499999999886e+01
3.909937500000000199e+01
3.911937499999999091e+01
3.913937500000000114e+01
3.915937500000000426e+01
3.917993188888888767e+01
3.920267499999999927e+01
3.922267499999999529e+01
3.924267499999999842e+01
3.926267499999999444e+01
3.928267500000000467e+01
3.930267500000000069e+01
3.932267500000000382e+01
3.934267499999999274e+01
3.936267500000000297e+01
3.938267499999999899e+01
3.940267499999998790e+01
3.942267500000000524e+01
3.944267500000000126e+01
3.946267499999999018e+01
3.948267500000000041e+01
3.950267500000000354e+01
3.952267499999999245e+01
3.954267500000000268e+01
3.956267500000000581e+01
3.958267499999999472e+01
3.960267500000000496e+01
3.962267500000000098e+01
3.964323188888889149e+01
3.966597500000000309e+01
3.968597499999999911e+01
3.970597500000000224e+01
3.972597499999999826e+01
3.974597499999998718e+01
3.976597500000000451e+01
3.978597500000000053e+01
3.980597499999998945e+01
3.982597499999999968e+01
3.984597500000000281e+01
3.986597499999999172e+01
3.988597500000000196e+01
3.990597500000000508e+01
3.992597499999999400e+01
3.994597500000000423e+01
3.996597500000000736e+01
3.998597499999999627e+01
4.000597500000000650e+01
4.002597500000000252e+01
4.004597499999999854e+01
4.006597499999999457e+01
4.008597499999999769e+01
4.010654866666666862e+01
4.012937499999999602e+01
4.014937499999999915e+01
4.016937499999999517e+01
4.018937500000000540e+01
4.020937500000000142e+01
4.022937500000000455e+01
4.024937499999998636e+01
4.026937500000000369e+01
4.028937499999999972e+01
4.030937499999998863e+01
4.032937499999999886e+01
4.034937500000000199e+01
4.036937499999999091e+01
4.038937500000000114e+01
4.040937500000000426e+01
4.042937499999999318e+01
4.044937500000000341e+01
4.046937500000000654e+01
4.048937499999999545e+01
4.050937499999999858e+01
4.052937500000000171e+01
4.054937499999999773e+01
4.056937500000000796e+01
4.058993188888889847e+01
4.061267500000000297e+01
4.063267499999999899e+01
4.065267499999998790e+01
4.067267500000000524e+01
4.069267500000000126e+01
4.071267499999999018e+01
4.073267500000000041e+01
4.075267500000000354e+01
4.077267499999999245e+01
4.079267500000000268e+01
4.081267500000000581e+01
4.083267499999999472e+01
4.085267500000000496e+01
4.087267500000000098e+01
4.089267499999999700e+01
4.091267500000000723e+01
4.093267500000000325e+01
4.095267499999999927e+01
4.097267499999999529e+01
4.099267499999999842e+01
4.101267499999999444e+01
4.103267500000000467e+01
4.105323188888888808e+01
4.107597499999999968e+01
4.109597500000000281e+01
4.111597499999999172e+01
4.113597500000000196e+01
4.115597500000000508e+01
4.117597499999999400e+01
4.119597500000000423e+01
4.121597500000000736e+01
4.123597499999999627e+01
4.125597500000000650e+01
4.127597500000000252e+01
4.129597499999999854e+01
4.131597499999999457e+01
4.133597499999999769e+01
4.135597500000000082e+01
4.137597500000000394e+01
4.139597499999999997e+01
4.141597500000000309e+01
4.143597499999999911e+01
4.145597500000000224e+01
4.147597499999999826e+01
4.149597499999998718e+01
4.151654866666666521e+01
4.153935799999999290e+01
4.155927500000000663e+01
4.157927499999999554e+01
4.159927500000000578e+01
4.161927500000000180e+01
4.163927499999999782e+01
4.165927499999999384e+01
4.167927499999999696e+01
4.169927500000000009e+01
4.171927500000000322e+01
4.173927499999999924e+01
4.175927500000000236e+01
4.177927499999999839e+01
4.179927500000000151e+01
4.181927499999999753e+01
4.183927499999998645e+01
4.185927500000000379e+01
4.187927499999999981e+01
4.189927499999998872e+01
4.191927499999999895e+01
4.193927500000000208e+01
4.195927499999999100e+01
4.197984866666666193e+01
4.200267500000000354e+01
4.202267499999999245e+01
4.204267500000000268e+01
4.206267500000000581e+01
4.208267499999999472e+01
4.210267500000000496e+01
4.212267500000000098e+01
4.214267499999999700e+01
4.216267500000000723e+01
4.218267500000000325e+01
4.220267499999999927e+01
4.222267499999999529e+01
4.224267499999999842e+01
4.226267499999999444e+01
4.228267500000000467e+01
4.230267500000000069e+01
4.232267500000000382e+01
4.234267499999999274e+01
4.236267500000000297e+01
4.238267499999999899e+01
4.240267499999998790e+01
4.242267500000000524e+01
4.244323188888889575e+01
4.246597500000000736e+01
4.248597499999999627e+01
4.250597500000000650e+01
4.252597500000000252e+01
4.254597499999999854e+01
4.256597499999999457e+01
