1.847800000000000276e-01
2.047799999999999898e-01
2.247799999999999798e-01
2.447799999999999976e-01
2.647800000000000153e-01
2.847800000000000331e-01
3.047800000000000509e-01
3.247800000000000131e-01
3.455686666666666351e-01
3.680799999999999628e-01
3.880799999999999805e-01
4.080800000000000538e-01
4.280800000000000161e-01
4.480800000000000338e-01
4.680799999999999961e-01
4.880790000000000406e-01
5.080800000000000871e-01
5.280799999999999939e-01
5.480800000000001226e-01
5.680799999999999184e-01
5.880800000000000471e-01
6.080799999999998429e-01
6.280800000000000827e-01
6.480799999999998784e-01
6.680800000000001182e-01
6.880799999999999139e-01
7.080800000000001537e-01
7.280799999999998384e-01
7.480800000000000782e-01
7.680799999999998739e-01
7.880800000000000027e-01
8.088686666666666802e-01
8.313799999999998969e-01
8.513800000000001367e-01
8.713799999999998214e-01
8.913800000000000612e-01
9.113799999999999679e-01
9.313799999999999857e-01
9.513799999999998924e-01
9.713800000000001322e-01
9.913799999999999280e-01
1.011379999999999946e+00
1.031379000000000046e+00
1.051379999999999981e+00
1.071378999999999859e+00
1.091380000000000017e+00
1.111379999999999812e+00
1.131380000000000052e+00
1.151380000000000070e+00
1.171380000000000088e+00
1.191380000000000106e+00
1.211380000000000123e+00
1.231379999999999919e+00
1.251380000000000159e+00
1.272192555555555549e+00
1.294780000000000042e+00
1.314779999999999838e+00
1.334780000000000078e+00
1.354779999999999873e+00
1.374780000000000113e+00
1.394779999999999909e+00
1.414779999999999927e+00
1.434779999999999944e+00
1.454779999999999962e+00
1.474779999999999980e+00
1.494779999999999998e+00
1.514780000000000015e+00
1.534780000000000033e+00
1.554780000000000051e+00
1.574779999999999847e+00
1.594756000000000284e+00
1.614680000000000115e+00
1.634680000000000133e+00
1.654679999999999929e+00
1.674680000000000168e+00
1.694679999999999742e+00
1.714679999999999982e+00
1.735492555555555594e+00
1.758080000000000087e+00
1.778080000000000105e+00
1.798080000000000345e+00
1.818079999999999918e+00
1.838079999999999936e+00
1.858080000000000176e+00
1.878080000000000194e+00
1.898079999999999767e+00
1.918079000000000311e+00
1.938080000000000247e+00
1.958080000000000043e+00
1.978080000000000060e+00
1.998080000000000078e+00
2.018079999999999874e+00
2.038080000000000336e+00
2.058079999999999909e+00
2.078080000000000371e+00
2.098079999999999945e+00
2.118079999999999963e+00
2.138079999999999981e+00
2.158079999999999998e+00
2.178079999999999572e+00
2.198080000000000034e+00
2.218868666666666822e+00
2.241379999999999928e+00
2.261379999999999946e+00
2.281379999999999963e+00
2.301379999999999981e+00
2.321379999999999999e+00
2.341380000000000461e+00
2.361380000000000035e+00
2.381380000000000052e+00
2.401380000000000070e+00
2.421380000000000088e+00
2.441380000000000106e+00
2.461379000000000428e+00
2.481379000000000001e+00
2.501380000000000603e+00
2.521380000000000177e+00
2.541380000000000194e+00
2.561380000000000212e+00
2.581380000000000230e+00
2.601379999999999804e+00
2.621379999999999821e+00
2.641379999999999839e+00
2.661380000000000301e+00
2.682168666666667090e+00
2.704679999999999751e+00
2.724680000000000213e+00
2.744680000000000231e+00
2.764680000000000248e+00
2.784679999999999822e+00
2.804679999999999840e+00
2.824679999999999858e+00
2.844680000000000319e+00
2.864680000000000337e+00
2.884679999999999911e+00
2.904679999999999929e+00
2.924679999999999946e+00
2.944679999999999964e+00
2.964679999999999538e+00
2.984680000000000000e+00
3.004680000000000017e+00
3.024680000000000035e+00
3.044680000000000053e+00
3.064680000000000071e+00
3.084680000000000089e+00
3.104680000000000106e+00
3.124679999999999680e+00
3.145492888888889116e+00
3.168079999999999785e+00
3.188079999999999803e+00
3.208079999999999821e+00
3.228079999999999838e+00
3.248079999999999856e+00
3.268079999999999874e+00
3.288079999999999892e+00
3.308079999999999909e+00
3.328080000000000371e+00
3.348080000000000389e+00
3.368079999999999963e+00
3.388079999999999981e+00
3.408079999999999998e+00
3.428079999999999572e+00
3.448079000000000338e+00
3.468080000000000052e+00
3.488080000000000069e+00
3.508080000000000087e+00
3.528080000000000105e+00
3.548055999999999877e+00
3.568004000000000175e+00
3.588055999999999912e+00
3.608792555555556003e+00
3.631380000000000052e+00
3.651380000000000070e+00
3.671380000000000088e+00
3.691380000000000106e+00
3.711380000000000567e+00
3.731379999999999697e+00
3.751379999999999715e+00
3.771379999999999733e+00
3.791379999999999750e+00
3.811379999999999768e+00
3.831380000000000674e+00
3.851379999999999804e+00
3.871379999999999821e+00
3.891380000000000283e+00
3.911380000000000301e+00
3.931379999999999431e+00
3.951380000000000337e+00
3.971379999999999466e+00
3.991380000000000372e+00
4.011379999999999946e+00
4.031380000000001296e+00
4.051379999999999093e+00
4.071380000000000443e+00
4.092168666666667676e+00
4.114679999999999893e+00
4.134680000000000355e+00
4.154680000000000817e+00
4.174679999999999502e+00
4.194680000000000852e+00
4.214679999999999538e+00
4.234680000000000888e+00
4.254679999999999573e+00
4.274680000000000035e+00
4.294679999999999609e+00
4.314680000000000071e+00
4.334680000000000533e+00
4.354679999999999218e+00
4.374680000000000568e+00
4.394679999999999254e+00
4.414680000000000604e+00
4.434678000000000786e+00
4.454679999999999751e+00
4.474680000000000213e+00
4.494679999999999787e+00
4.514680000000001137e+00
4.534679999999998934e+00
4.555468666666666167e+00
4.577980000000000160e+00
4.597980000000000622e+00
4.617980000000000196e+00
4.637979999999999769e+00
4.657979999999999343e+00
4.677979999999999805e+00
4.697979999999999379e+00
4.717980000000000729e+00
4.737980000000000302e+00
4.757979999999999876e+00
4.777979999999999450e+00
4.797979999999999912e+00
4.817980000000000373e+00
4.837979999999999947e+00
4.857980000000000409e+00
4.877979999999999983e+00
4.897980000000000445e+00
4.917980000000000018e+00
4.937980000000000480e+00
4.957980000000000054e+00
4.977979999999999627e+00
4.997980000000000977e+00
5.018792555555554813e+00
5.041380000000000194e+00
5.061379999999999768e+00
5.081380000000000230e+00
5.101379999999999804e+00
5.121379999999999377e+00
5.141380000000000727e+00
5.161380000000000301e+00
5.181380000000000763e+00
5.201380000000000337e+00
5.221379999999999910e+00
5.241380000000000372e+00
5.261379999999999946e+00
5.281380000000000408e+00
5.301379999999999093e+00
5.321379999999999555e+00
5.341380000000000017e+00
5.361380000000000479e+00
5.381380000000000052e+00
5.401379999999999626e+00
5.421380000000000976e+00
5.441379999999999661e+00
5.461380000000001012e+00
5.482168666666666468e+00
5.504680000000000462e+00
5.524680000000000035e+00
5.544679999999999609e+00
5.564679999999999183e+00
5.584680000000000533e+00
5.604680000000000106e+00
5.624680000000000568e+00
5.644680000000000142e+00
5.664680000000000604e+00
5.684680000000000177e+00
5.704679999999999751e+00
5.724680000000000213e+00
5.744679999999998898e+00
5.764680000000001137e+00
5.784679999999998934e+00
5.804680999999999536e+00
5.824681000000000886e+00
5.844680999999998683e+00
5.864681000000000033e+00
5.884679999999999467e+00
5.904680000000000817e+00
5.924679999999999502e+00
5.945468666666666735e+00
5.967980000000000729e+00
5.987980000000000302e+00
6.007979999999999876e+00
6.027979999999999450e+00
6.047979999999999023e+00
6.067980000000000373e+00
6.087979999999999947e+00
6.107980000000000409e+00
6.127979999999999983e+00
6.147980000000000445e+00
6.167980000000000018e+00
6.187985777777777585e+00
6.207980000000000054e+00
6.227978000000000236e+00
6.247980000000000977e+00
6.267979999999998775e+00
6.287980999999999376e+00
6.307980000000000587e+00
6.327980000000000160e+00
6.347980000000000622e+00
6.367979999999999308e+00
6.387980000000000658e+00
6.407979999999999343e+00
6.428768888888888533e+00
6.451280000000000570e+00
6.471280000000000143e+00
6.491279999999999717e+00
6.511280000000001067e+00
6.531279999999999752e+00
6.551280000000001102e+00
6.571279999999999788e+00
6.591280000000000250e+00
6.611279999999999824e+00
6.631280000000000285e+00
6.651279999999999859e+00
6.671280000000000321e+00
6.691279999999999895e+00
6.711279999999999468e+00
6.731280000000000818e+00
6.751279999999998616e+00
6.771280000000000854e+00
6.791279999999999539e+00
6.811280000000000001e+00
6.831280000000000463e+00
6.851280000000000037e+00
6.871280000000000499e+00
6.892092555555555222e+00
6.914680000000000604e+00
6.934679999999999289e+00
6.954679999999999751e+00
6.974680000000000213e+00
6.994679999999999787e+00
7.014680000000001137e+00
7.034679999999998934e+00
7.054680000000000284e+00
7.074679999999999858e+00
7.094680000000000319e+00
7.114680000000000781e+00
7.134679999999999467e+00
7.154680000000000817e+00
7.174679999999999502e+00
7.194680000000000852e+00
7.214679999999999538e+00
7.234680000000000888e+00
7.254679999999999573e+00
7.274679999999999147e+00
7.294679999999999609e+00
7.314680000000000071e+00
7.334679999999999644e+00
7.355468888888888834e+00
7.377979999999999983e+00
7.397979999999999556e+00
7.417980000000000018e+00
7.437980000000000480e+00
7.457980000000000054e+00
7.477980000000000516e+00
7.497980000000000089e+00
7.517979999999998775e+00
7.537980000000000125e+00
7.557980000000000587e+00
7.577980000000000160e+00
7.597980000000000622e+00
7.617980000000001084e+00
7.637980000000000658e+00
7.657979999999999343e+00
7.677980000000000693e+00
7.697979999999999379e+00
7.717980000000000729e+00
7.737980000000001191e+00
7.757979999999999876e+00
7.777979999999999450e+00
7.797979999999999912e+00
7.818768666666667144e+00
7.841279999999999362e+00
7.861279999999999824e+00
7.881279999999999397e+00
7.901279999999999859e+00
7.921280000000000321e+00
7.941279999999999895e+00
7.961280000000000356e+00
7.981279999999999930e+00
8.001280000000001280e+00
8.021279999999999077e+00
8.041280000000000427e+00
8.061280000000000001e+00
8.081279999999999575e+00
8.101279999999999148e+00
8.121280000000000499e+00
8.141280000000001849e+00
8.161279999999999646e+00
8.181279999999999220e+00
8.201280000000000570e+00
8.221280000000000143e+00
8.241279999999997941e+00
8.261280000000001067e+00
8.281280000000000641e+00
8.302068666666665209e+00
8.324580000000000979e+00
8.344580000000000553e+00
8.364579999999998350e+00
8.384580000000001476e+00
8.404580000000001050e+00
8.424579999999998847e+00
8.444578999999999169e+00
8.464580000000001547e+00
8.484580000000001121e+00
8.504578999999999667e+00
8.524580000000000268e+00
8.544579999999999842e+00
8.564579999999999416e+00
8.584580000000000766e+00
8.604578999999999311e+00
8.624578000000001410e+00
8.644576999999999956e+00
8.664579999999999060e+00
8.684580000000000410e+00
8.704579999999999984e+00
8.724579999999999558e+00
8.744577999999998852e+00
8.765392555555555631e+00
8.787978999999999985e+00
8.807980000000000587e+00
8.827980000000000160e+00
8.847979999999999734e+00
8.867979999999997531e+00
8.887980000000000658e+00
8.907980000000000231e+00
8.927979999999999805e+00
8.947979999999999379e+00
8.967980000000000729e+00
8.987980000000000302e+00
9.007979999999999876e+00
9.027980000000001226e+00
9.047980000000000800e+00
9.067979999999998597e+00
9.087979999999999947e+00
9.107980000000001297e+00
9.127980000000000871e+00
9.147979999999998668e+00
9.167980000000001795e+00
9.187980000000001368e+00
9.207979999999999166e+00
9.228768666666665510e+00
9.251280000000001280e+00
9.271279999999999077e+00
9.291279999999998651e+00
9.311280000000000001e+00
9.331279999999999575e+00
9.351279999999999148e+00
9.371280000000000499e+00
9.391280000000001849e+00
9.411279999999997870e+00
9.431279999999999220e+00
9.451280000000000570e+00
9.471280000000000143e+00
9.491279999999997941e+00
9.511280000000001067e+00
9.531280000000000641e+00
9.551279999999998438e+00
9.571279999999999788e+00
9.591280000000001138e+00
9.611280000000000712e+00
9.631280000000000285e+00
9.651280000000001635e+00
9.671280000000001209e+00
9.692068666666667553e+00
9.714580000000001547e+00
9.734580000000001121e+00
9.754579999999998918e+00
9.774579999999998492e+00
9.794579999999999842e+00
9.814579999999999416e+00
9.834580000000000766e+00
9.854580000000002116e+00
9.874580000000001689e+00
9.894579999999999487e+00
9.914579999999999060e+00
9.934580000000000410e+00
9.954579999999999984e+00
9.974579999999999558e+00
9.994580000000000908e+00
1.001458000000000048e+01
1.003457999999999828e+01
1.005457999999999963e+01
1.007458000000000098e+01
1.009458000000000055e+01
1.011457999999999835e+01
1.013458000000000148e+01
1.015458000000000105e+01
1.017536866666666562e+01
1.019788000000000139e+01
1.021788000000000096e+01
1.023787999999999876e+01
1.025788000000000189e+01
1.027787999999999968e+01
1.029787999999999926e+01
1.031787999999999883e+01
1.033788000000000018e+01
1.035788000000000153e+01
1.037787999999999755e+01
1.039787999999999890e+01
1.041788000000000025e+01
1.043787999999999982e+01
1.045787999999999762e+01
1.047788000000000075e+01
1.049788000000000032e+01
1.051787999999999812e+01
1.053787999999999947e+01
1.055788000000000082e+01
1.057788000000000039e+01
1.059787999999999997e+01
1.061788000000000132e+01
1.063869255555555604e+01
1.066127999999999787e+01
1.068127999999999922e+01
1.070128000000000057e+01
1.072128000000000014e+01
1.074127999999999794e+01
1.076128000000000107e+01
1.078128000000000064e+01
1.080127999999999844e+01
1.082127999999999979e+01
1.084127999999999936e+01
1.086128000000000071e+01
1.088128000000000029e+01
1.090128000000000164e+01
1.092128000000000121e+01
1.094127999999999901e+01
1.096128000000000036e+01
1.098128000000000171e+01
1.100128000000000128e+01
1.102127999999999908e+01
1.104127999999999865e+01
1.106128000000000000e+01
1.108127999999999957e+01
1.110206866666666592e+01
1.112458000000000169e+01
1.114457999999999771e+01
1.116457999999999906e+01
1.118458000000000041e+01
1.120458300000000129e+01
1.122457999999999956e+01
1.124458000000000091e+01
1.126458000000000048e+01
1.128457999999999828e+01
1.130457999999999963e+01
1.132458000000000098e+01
1.134458000000000055e+01
1.136457999999999835e+01
1.138458000000000148e+01
1.140458000000000105e+01
1.142457999999999885e+01
1.144458000000000020e+01
1.146457999999999977e+01
1.148458000000000112e+01
1.150457999999999892e+01
1.152457999999999849e+01
1.154458100000000087e+01
1.156536888888889081e+01
1.158788000000000018e+01
1.160788000000000153e+01
1.162788099999999858e+01
1.164787999999999890e+01
1.166788000000000025e+01
1.168788099999999908e+01
1.170787999999999762e+01
1.172788000000000075e+01
1.174788099999999957e+01
1.176787999999999812e+01
1.178787999999999947e+01
1.180787999999999904e+01
1.182788099999999787e+01
1.184788099999999922e+01
1.186788000000000132e+01
1.188788000000000089e+01
1.190788099999999972e+01
1.192788000000000004e+01
1.194788000000000139e+01
1.196788000000000096e+01
1.198787999999999876e+01
1.200788000000000189e+01
1.202866866666666645e+01
1.205118000000000045e+01
1.207118000000000180e+01
1.209118000000000137e+01
1.211117999999999739e+01
1.213117999999999874e+01
1.215118000000000009e+01
1.217117999999999967e+01
1.219117999999999924e+01
1.221118000000000059e+01
1.223118000000000016e+01
1.225117999999999796e+01
1.227117999999999931e+01
1.229118000000000066e+01
1.231118000000000023e+01
1.233117999999999803e+01
1.235118000000000116e+01
1.237118000000000073e+01
1.239117999999999853e+01
1.241117999999999988e+01
1.243117999999999945e+01
1.245118000000000080e+01
1.247117999999999860e+01
1.249118000000000173e+01
1.251199255555555467e+01
1.253457999999999828e+01
1.255457999999999963e+01
1.257458000000000098e+01
1.259458000000000055e+01
1.261457999999999835e+01
1.263458000000000148e+01
1.265458000000000105e+01
1.267457999999999885e+01
1.269458000000000020e+01
1.271457999999999977e+01
1.273458000000000112e+01
1.275457999999999892e+01
1.277457999999999849e+01
1.279458000000000162e+01
1.281457999999999942e+01
1.283457999999999721e+01
1.285458000000000212e+01
1.287457999999999991e+01
1.289457999999999771e+01
1.291457999999999906e+01
1.293458000000000041e+01
1.295457999999999998e+01
1.297536866666666633e+01
1.299788000000000032e+01
1.301787999999999812e+01
1.303787999999999947e+01
1.305787999999999904e+01
1.307788000000000039e+01
1.309787999999999997e+01
1.311788000000000132e+01
1.313788000000000089e+01
1.315787999999999869e+01
1.317788000000000004e+01
1.319788000000000139e+01
1.321788099999999844e+01
1.323787999999999876e+01
1.325788100000000114e+01
1.327788100000000071e+01
1.329788500000000084e+01
1.331787999999999883e+01
1.333788000000000018e+01
1.335788000000000153e+01
1.337787999999999933e+01
1.339787999999999890e+01
1.341788000000000025e+01
1.343866866666666482e+01
1.346118000000000059e+01
1.348118000000000016e+01
1.350117999999999796e+01
1.352117999999999931e+01
1.354118000000000066e+01
1.356118000000000023e+01
1.358118099999999906e+01
1.360118000000000116e+01
1.362118299999999849e+01
1.364118099999999778e+01
1.366118100000000091e+01
1.368117999999999945e+01
1.370118099999999828e+01
1.372118400000000094e+01
1.374118200000000023e+01
1.376118299999999728e+01
1.378118199999999938e+01
1.380118199999999895e+01
1.382118200000000030e+01
1.384118000000000137e+01
1.386117999999999917e+01
1.388117999999999874e+01
1.390196866666666686e+01
1.392447999999999730e+01
1.394448000000000221e+01
1.396448000000000000e+01
1.398447999999999780e+01
1.400447999999999915e+01
1.402448000000000050e+01
1.404448000000000008e+01
1.406447999999999965e+01
1.408448000000000100e+01
1.410448000000000057e+01
1.412447999999999837e+01
1.414447999999999972e+01
1.416448000000000107e+01
1.418448000000000064e+01
1.420447999999999844e+01
1.422447999999999624e+01
1.424448000000000114e+01
1.426448000000000071e+01
1.428447999999999851e+01
1.430447999999999986e+01
1.432448000000000121e+01
1.434448000000000079e+01
1.436447999999999858e+01
1.438529255555555686e+01
1.440787999999999869e+01
1.442788000000000004e+01
1.444788000000000139e+01
1.446788000000000096e+01
1.448787999999999876e+01
1.450787999999999656e+01
1.452788000000000146e+01
1.454788000000000103e+01
1.456787999999999883e+01
1.458788000000000018e+01
1.460788000000000153e+01
1.462788000000000110e+01
1.464787999999999890e+01
1.466788000000000025e+01
1.468787999999999982e+01
1.470787999999999762e+01
1.472787999999999897e+01
1.474788000000000032e+01
1.476787999999999990e+01
1.478787999999999769e+01
1.480787999999999904e+01
1.482788000000000039e+01
1.484866933333333350e+01
1.487118000000000073e+01
1.489118000000000031e+01
1.491117999999999810e+01
1.493117999999999945e+01
1.495118000000000080e+01
1.497118000000000038e+01
1.499118000000000173e+01
1.501117999999999952e+01
1.503117999999999910e+01
1.505117999999999689e+01
1.507118000000000180e+01
1.509118000000000137e+01
1.511117999999999917e+01
1.513117999999999697e+01
1.515117999999999832e+01
1.517118000000000144e+01
1.519117999999999924e+01
1.521118000000000059e+01
1.523118000000000194e+01
1.525117999999999796e+01
1.527117999999999931e+01
1.529118000000000066e+01
1.531196933333333021e+01
1.533448000000000100e+01
1.535447999999999880e+01
1.537447999999999837e+01
1.539447999999999972e+01
1.541448000000000107e+01
1.543448000000000064e+01
1.545447999999999844e+01
1.547447999999999624e+01
1.549448000000000114e+01
1.551448000000000071e+01
1.553447999999999851e+01
1.555447999999999986e+01
1.557448000000000121e+01
1.559448000000000079e+01
1.561447999999999858e+01
1.563447999999999993e+01
1.565447999999999951e+01
1.567447999999999730e+01
1.569448000000000221e+01
1.571448000000000000e+01
1.573447999999999958e+01
1.575447999999999737e+01
1.577526866666666727e+01
1.579777999999999771e+01
1.581777999999999906e+01
1.583778000000000041e+01
1.585777999999999999e+01
1.587777999999999778e+01
1.589777999999999913e+01
1.591778000000000048e+01
1.593778000000000006e+01
1.595778000000000141e+01
1.597778000000000276e+01
1.599777999999999878e+01
1.601778000000000191e+01
1.603777999999999793e+01
1.605778000000000105e+01
1.607778000000000063e+01
1.609778000000000020e+01
1.611777999999999977e+01
1.613778000000000290e+01
1.615777999999999892e+01
1.617777999999999849e+01
1.619777999999999807e+01
1.621777999999999764e+01
1.623778000000000077e+01
1.625859255555555549e+01
1.628117999999999910e+01
1.630118099999999970e+01
1.632118099999999927e+01
1.634118099999999885e+01
1.636118199999999945e+01
1.638118400000000108e+01
1.640118700000000374e+01
1.642118599999999873e+01
1.644118800000000036e+01
1.646118599999999788e+01
1.648118600000000100e+01
1.650118600000000058e+01
1.652118399999999809e+01
1.654118100000000169e+01
1.656118099999999771e+01
1.658118299999999934e+01
1.660118099999999686e+01
1.662117999999999896e+01
1.664118100000000311e+01
1.666118099999999913e+01
1.668118099999999870e+01
1.670118000000000080e+01
1.672196966666666285e+01
1.674448100000000039e+01
1.676448000000000249e+01
1.678447999999999851e+01
1.680447999999999809e+01
1.682448000000000121e+01
1.684447999999999723e+01
1.686448000000000036e+01
1.688447999999999638e+01
1.690447999999999951e+01
1.692448000000000263e+01
1.694447999999999865e+01
1.696447999999999823e+01
1.698448000000000135e+01
1.700447999999999737e+01
1.702448000000000050e+01
1.704448000000000363e+01
1.706447999999999965e+01
1.708447999999999922e+01
1.710447999999999880e+01
1.712447999999999837e+01
1.714448000000000150e+01
1.716448000000000107e+01
1.718526866666666564e+01
1.720777999999999963e+01
1.722778000000000276e+01
1.724777999999999878e+01
1.726778000000000191e+01
1.728777999999999793e+01
1.730778000000000105e+01
1.732778000000000063e+01
1.734778000000000020e+01
1.736777999999999977e+01
1.738778000000000290e+01
1.740777999999999892e+01
1.742777999999999849e+01
1.744777999999999807e+01
1.746777999999999764e+01
1.748778000000000077e+01
1.750778000000000034e+01
1.752777199999999880e+01
1.754778000000000304e+01
1.756777999999999906e+01
1.758777999999999864e+01
1.760778000000000176e+01
1.762777999999999778e+01
1.764856866666666591e+01
1.767108000000000345e+01
1.769107999999999947e+01
1.771107999999999905e+01
1.773108000000000217e+01
1.775107999999999819e+01
1.777107999999999777e+01
1.779108100000000192e+01
1.781108299999999645e+01
1.783107600000000303e+01
1.785107999999999961e+01
1.787107999999999919e+01
1.789108000000000231e+01
1.791107999999999834e+01
1.793108000000000146e+01
1.795108000000000104e+01
1.797107999999999706e+01
1.799108000000000018e+01
1.801108000000000331e+01
1.803107999999999933e+01
1.805107999999999890e+01
1.807108000000000203e+01
1.809108099999999908e+01
1.811190100000000314e+01
1.813448499999999797e+01
1.815448099999999698e+01
1.817448100000000011e+01
1.819448200000000426e+01
1.821447999999999823e+01
1.823448100000000238e+01
1.825448099999999840e+01
1.827448000000000050e+01
1.829448000000000363e+01
1.831447999999999965e+01
1.833447999999999922e+01
1.835447999999999880e+01
1.837447999999999837e+01
1.839448000000000150e+01
1.841448000000000107e+01
1.843448000000000064e+01
1.845448000000000377e+01
1.847447999999999979e+01
1.849447999999999936e+01
1.851448000000000249e+01
1.853447999999999851e+01
1.855447999999999809e+01
1.857447999999999766e+01
1.859526866666666578e+01
1.861777999999999977e+01
1.863778000000000290e+01
1.865777999999999892e+01
1.867777999999999849e+01
1.869777999999999807e+01
1.871777999999999764e+01
1.873778000000000077e+01
1.875778000000000034e+01
1.877777999999999992e+01
1.879778000000000304e+01
1.881777999999999906e+01
1.883777999999999864e+01
1.885778000000000532e+01
1.887777999999999778e+01
1.889777999999999736e+01
1.891778000000000404e+01
1.893778000000000006e+01
1.895777999999999963e+01
1.897777999999999565e+01
1.899777999999999878e+01
1.901778000000000191e+01
1.903777999999999793e+01
1.905856866666666605e+01
1.908108000000000004e+01
1.910107999999999961e+01
1.912107999999999919e+01
1.914108000000000231e+01
1.916108099999999936e+01
1.918108099999999894e+01
1.920108300000000057e+01
1.922108199999999911e+01
1.924108199999999869e+01
1.926108100000000434e+01
1.928108099999999681e+01
1.930107999999999890e+01
1.932108100000000306e+01
1.934108200000000011e+01
1.936108199999999968e+01
1.938108099999999467e+01
1.940108000000000033e+01
1.942108000000000345e+01
1.944107999999999947e+01
1.946107999999999905e+01
1.948108000000000217e+01
1.950107999999999819e+01
1.952186933333333130e+01
1.954438000000000386e+01
1.956437999999999988e+01
1.958437999999999946e+01
1.960438000000000258e+01
1.962437999999999860e+01
1.964437999999999818e+01
1.966437999999999420e+01
1.968437999999999732e+01
1.970438000000000045e+01
1.972437999999999647e+01
1.974437999999999960e+01
1.976438000000000272e+01
1.978437999999999874e+01
1.980437999999999832e+01
1.982438000000000144e+01
1.984437999999999747e+01
1.986438000000000059e+01
1.988438000000000372e+01
1.990437999999999619e+01
1.992437999999999931e+01
1.994437999999999889e+01
1.996437999999999846e+01
1.998519255555555674e+01
2.000778000000000034e+01
2.002777999999999992e+01
2.004778000000000304e+01
2.006777999999999906e+01
2.008777999999999864e+01
2.010778000000000532e+01
2.012777999999999778e+01
2.014777999999999736e+01
2.016778100000000506e+01
2.018778000000000006e+01
2.020777999999999963e+01
2.022778200000000481e+01
2.024778099999999981e+01
2.026778099999999938e+01
2.028778300000000456e+01
2.030778299999999703e+01
2.032778300000000016e+01
2.034778300000000328e+01
2.036778299999999930e+01
2.038778299999999888e+01
2.040778199999999742e+01
2.042778200000000055e+01
2.044778100000000265e+01
2.046857088888888754e+01
2.049108000000000018e+01
2.051108000000000331e+01
2.053107999999999933e+01
2.055107999999999890e+01
2.057108100000000306e+01
2.059107999999999805e+01
2.061108000000000118e+01
2.063107999999999720e+01
2.065108000000000033e+01
2.067108000000000345e+01
2.069107999999999947e+01
2.071107999999999905e+01
2.073108000000000217e+01
2.075107999999999819e+01
2.077107999999999777e+01
2.079107999999999734e+01
2.081107999999999691e+01
2.083108000000000004e+01
2.085107999999999961e+01
2.087107999999999919e+01
2.089108000000000231e+01
2.091107999999999834e+01
2.093186866666666646e+01
2.095438000000000045e+01
2.097438099999999750e+01
2.099437999999999960e+01
2.101438000000000272e+01
2.103437999999999874e+01
2.105438099999999935e+01
2.107438000000000144e+01
2.109437999999999747e+01
2.111438000000000059e+01
2.113438000000000372e+01
2.115438099999999721e+01
2.117437999999999931e+01
2.119437999999999889e+01
2.121437999999999846e+01
2.123438000000000159e+01
2.125438099999999864e+01
2.127438000000000073e+01
2.129438199999999881e+01
2.131438100000000091e+01
2.133438100000000048e+01
2.135438200000000109e+01
2.137438200000000066e+01
2.139519666666666353e+01
2.141778400000000104e+01
2.143776200000000287e+01
2.145768699999999640e+01
2.147770400000000279e+01
2.149776400000000010e+01
2.151768299999999812e+01
2.153767999999999816e+01
2.155767999999999773e+01
2.157768000000000086e+01
2.159768000000000043e+01
2.161768000000000001e+01
2.163768000000000313e+01
2.165767999999999915e+01
2.167767999999999873e+01
2.169767999999999830e+01
2.171767999999999788e+01
2.173768000000000100e+01
2.175767999999999702e+01
2.177768000000000015e+01
2.179768000000000328e+01
2.181767999999999574e+01
2.183767999999999887e+01
2.185849288888888964e+01
2.188107999999999720e+01
2.190108000000000033e+01
2.192107999999999990e+01
2.194107999999999947e+01
2.196107999999999905e+01
2.198108000000000217e+01
2.200107199999999708e+01
2.202108000000000132e+01
2.204107999999999734e+01
2.206107999999999691e+01
2.208108000000000359e+01
2.210107999999999961e+01
2.212108100000000022e+01
2.214108000000000231e+01
2.216107999999999834e+01
2.218107999999999791e+01
2.220108000000000459e+01
2.222107999999999706e+01
2.224108000000000018e+01
2.226107999999999620e+01
2.228107999999999933e+01
2.230108000000000246e+01
2.232107999999999493e+01
2.234186866666666305e+01
2.236438000000000059e+01
2.238438100000000119e+01
2.240437999999999974e+01
2.242438000000000287e+01
2.244437999999999889e+01
2.246437999999999846e+01
2.248438000000000159e+01
2.250438200000000322e+01
2.252438099999999821e+01
2.254438599999999937e+01
2.256438600000000250e+01
2.258438499999999749e+01
2.260438300000000211e+01
2.262438200000000066e+01
2.264438200000000023e+01
2.266438200000000336e+01
2.268438099999999835e+01
2.270438000000000400e+01
2.272438099999999750e+01
2.274438099999999707e+01
2.276438000000000272e+01
2.278437999999999874e+01
2.280517011111111003e+01
2.282768100000000189e+01
2.284768099999999791e+01
2.286768199999999851e+01
2.288768200000000164e+01
2.290768100000000018e+01
2.292768199999999723e+01
2.294768300000000139e+01
2.296768299999999741e+01
2.298768199999999950e+01
2.300768300000000366e+01
2.302768299999999968e+01
2.304768199999999823e+01
2.306768300000000238e+01
2.308768099999999990e+01
2.310768000000000200e+01
2.312768099999999549e+01
2.314768000000000114e+01
2.316768000000000072e+01
2.318767999999999674e+01
2.320768100000000089e+01
2.322768100000000047e+01
2.324768199999999752e+01
2.326849433333332939e+01
2.329108200000000295e+01
2.331108499999999850e+01
2.333108299999999957e+01
2.335107999999999961e+01
2.337108199999999769e+01
2.339105599999999541e+01
2.341100399999999837e+01
2.343107999999999791e+01
2.345105599999999413e+01
2.347100399999999709e+01
2.349105600000000393e+01
2.351097999999999999e+01
2.353100399999999581e+01
2.355105600000000265e+01
2.357098000000000226e+01
2.359097999999999828e+01
2.361098000000000141e+01
2.363098600000000005e+01
2.365098399999999756e+01
2.367098199999999864e+01
2.369098200000000176e+01
2.371098199999999778e+01
2.373179455555555606e+01
2.375438000000000116e+01
2.377438199999999924e+01
2.379438000000000386e+01
2.381437999999999988e+01
2.383438100000000048e+01
2.385438100000000361e+01
2.387437999999999860e+01
2.389438299999999771e+01
2.391438699999999784e+01
2.393437999999999732e+01
2.395438000000000400e+01
2.397437999999999647e+01
2.399437999999999960e+01
2.401438000000000272e+01
2.403437999999999874e+01
2.405437999999999832e+01
2.407438000000000144e+01
2.409437999999999747e+01
2.411438000000000059e+01
2.413437999999999661e+01
2.415437999999999974e+01
2.417438000000000287e+01
2.419437999999999889e+01
2.421516866666666346e+01
2.423768000000000100e+01
2.425767999999999702e+01
2.427768000000000015e+01
2.429766900000000263e+01
2.431767999999999574e+01
2.433767999999999887e+01
2.435768000000000200e+01
2.437767999999999802e+01
2.439768000000000114e+01
2.441767799999999866e+01
2.443767999999999674e+01
2.445767999999999986e+01
2.447768000000000299e+01
2.449767999999999901e+01
2.451768000000000214e+01
2.453767999999999816e+01
2.455767999999999773e+01
2.457768000000000086e+01
2.459768000000000043e+01
2.461768000000000001e+01
2.463768000000000313e+01
2.465767999999999915e+01
2.467846866666666372e+01
2.470098000000000127e+01
2.472097999999999729e+01
2.474098000000000042e+01
2.476097999999999999e+01
2.478097999999999956e+01
2.480097999999999914e+01
2.482098000000000226e+01
2.484097999999999828e+01
2.486098000000000141e+01
2.488097999999999743e+01
2.490097999999999701e+01
2.492098000000000368e+01
2.494097999999999971e+01
2.496097999999999928e+01
2.498098000000000241e+01
2.500097999999999843e+01
2.502097999999999800e+01
2.504098000000000468e+01
2.506097700000000117e+01
2.508098000000000027e+01
2.510097999999999629e+01
2.512097999999999942e+01
2.514179255555555415e+01
2.516437999999999420e+01
2.518437999999999732e+01
2.520437800000000195e+01
2.522437999999999647e+01
2.524437999999999960e+01
2.526438000000000272e+01
2.528437999999999874e+01
2.530437999999999832e+01
2.532435599999999809e+01
2.534427999999999770e+01
2.536430399999999707e+01
2.538435600000000036e+01
2.540428199999999848e+01
2.542430999999999841e+01
2.544436200000000170e+01
2.546430900000000364e+01
2.548435900000000132e+01
2.550428099999999532e+01
2.552428099999999844e+01
2.554428100000000157e+01
2.556428199999999862e+01
2.558428099999999716e+01
2.560509366666666509e+01
2.562768099999999549e+01
2.564768199999999965e+01
2.566768000000000072e+01
2.568768099999999777e+01
2.570768100000000089e+01
2.572768599999999850e+01
2.574768700000000266e+01
2.576768000000000214e+01
2.578767999999999816e+01
2.580767999999999773e+01
2.582768000000000086e+01
2.584768000000000043e+01
2.586768000000000001e+01
2.588767999999999958e+01
2.590767400000000364e+01
2.592767999999999873e+01
2.594767999999999830e+01
2.596767999999999788e+01
2.598768000000000100e+01
2.600767999999999702e+01
2.602767099999999800e+01
2.604768000000000328e+01
2.606846866666666429e+01
2.609097999999999828e+01
2.611098000000000141e+01
2.613097999999999743e+01
2.615097999999999701e+01
2.617098000000000368e+01
2.619097999999999971e+01
2.621097999999999928e+01
2.623098000000000241e+01
2.625097999999999487e+01
2.627097999999999800e+01
2.629097999999999757e+01
2.631097999999999715e+01
2.633098000000000027e+01
2.635097999999999629e+01
2.637097999999999942e+01
2.639098000000000255e+01
2.641097999999999502e+01
2.643097999999999814e+01
2.645098000000000127e+01
2.647097999999999729e+01
2.649098000000000042e+01
2.651097999999999999e+01
2.653097999999999956e+01
2.655176866666666413e+01
2.657428000000000168e+01
2.659427999999999770e+01
2.661428000000000083e+01
2.663427999999999685e+01
2.665427999999999642e+01
2.667427999999999955e+01
2.669427999999999557e+01
2.671427999999999869e+01
2.673428000000000182e+01
2.675427999999999429e+01
2.677427999999999741e+01
2.679428000000000409e+01
2.681427999999999656e+01
2.683427999999999969e+01
2.685427999999999926e+01
2.687428099999999631e+01
2.689427999999999841e+01
2.691428000000000154e+01
2.693427999999999756e+01
2.695428000000000068e+01
2.697427999999999670e+01
2.699427999999999983e+01
2.701509255555555455e+01
2.703768200000000022e+01
2.705768099999999876e+01
2.707768300000000039e+01
2.709768400000000099e+01
2.711768499999999449e+01
2.713768299999999911e+01
2.715768199999999766e+01
2.717768199999999723e+01
2.719768200000000391e+01
2.721768299999999741e+01
2.723768099999999848e+01
2.725768200000000263e+01
2.727768299999999968e+01
2.729768699999999626e+01
2.731767999999999574e+01
2.733765599999999907e+01
2.735760399999999848e+01
2.737765599999999822e+01
2.739757999999999782e+01
2.741760400000000075e+01
2.743765599999999694e+01
2.745758000000000010e+01
2.747839255555555837e+01
2.750097999999999487e+01
2.752097999999999800e+01
2.754097999999999757e+01
2.756097999999999715e+01
2.758098000000000027e+01
2.760097999999999629e+01
2.762097999999999942e+01
2.764098000000000255e+01
2.766097999999999502e+01
2.768097999999999814e+01
2.770098000000000127e+01
2.772097999999999729e+01
2.774098000000000042e+01
2.776097999999999999e+01
2.778098099999999704e+01
2.780097999999999914e+01
2.782098000000000226e+01
2.784097999999999828e+01
2.786097699999999833e+01
2.788097799999999538e+01
2.790097899999999953e+01
2.792097399999999752e+01
2.794176511111110983e+01
2.796427999999999869e+01
2.798428000000000182e+01
2.800427999999999429e+01
2.802427999999999741e+01
2.804428000000000409e+01
2.806427999999999656e+01
2.808427999999999969e+01
2.810427999999999926e+01
2.812427999999999884e+01
2.814427999999999841e+01
2.816428000000000154e+01
2.818427999999999756e+01
2.820428000000000068e+01
2.822427999999999670e+01
2.824427999999999983e+01
2.826428000000000296e+01
2.828427999999999898e+01
2.830427999999999855e+01
2.832428000000000168e+01
2.834427999999999770e+01
2.836428000000000083e+01
2.838427999999999685e+01
2.840427999999999642e+01
2.842506866666666454e+01
2.844758000000000209e+01
2.846757999999999811e+01
2.848758000000000479e+01
2.850758000000000081e+01
2.852758000000000038e+01
2.854757999999999996e+01
2.856758000000000308e+01
2.858758000000000266e+01
2.860758000000000223e+01
2.862757999999999825e+01
2.864757999999999782e+01
2.866758000000000095e+01
2.868758000000000052e+01
2.870758000000000010e+01
2.872757999999999612e+01
2.874757999999999569e+01
2.876758000000000237e+01
2.878757999999999839e+01
2.880757999999999797e+01
2.882757999999999754e+01
2.884757999999999356e+01
2.886758000000000024e+01
2.888839255555555852e+01
2.891097999999999502e+01
2.893098000000000170e+01
2.895098000000000127e+01
2.897097999999999729e+01
2.899098000000000397e+01
2.901097999999999999e+01
2.903097999999999956e+01
2.905097999999999914e+01
2.907098000000000226e+01
2.909098000000000184e+01
2.911098000000000141e+01
2.913097999999999743e+01
2.915097999999999701e+01
2.917098000000000368e+01
2.919097499999999812e+01
2.921097999999999928e+01
2.923098000000000241e+01
2.925097999999999487e+01
2.927097999999999445e+01
2.929097999999999757e+01
2.931097999999999715e+01
2.933098000000000383e+01
2.935176866666666484e+01
2.937427999999999884e+01
2.939427999999999841e+01
2.941428000000000154e+01
2.943428000000000111e+01
2.945428000000000068e+01
2.947427999999999670e+01
2.949428000000000338e+01
2.951428000000000296e+01
2.953427999999999898e+01
2.955427999999999855e+01
2.957428000000000168e+01
2.959428000000000125e+01
2.961428000000000083e+01
2.963427999999999685e+01
2.965427999999999642e+01
2.967428000000000310e+01
2.969427999999999201e+01
2.971427999999999869e+01
2.973427999999999827e+01
2.975427999999999429e+01
2.977428000000000097e+01
2.979428000000000054e+01
2.981506866666666156e+01
2.983758000000000266e+01
2.985758000000000223e+01
2.987757999999999825e+01
2.989757999999999782e+01
2.991758000000000095e+01
2.993758000000000052e+01
2.995758000000000010e+01
2.997757999999999612e+01
2.999757999999999569e+01
3.001758000000000237e+01
3.003757999999999839e+01
3.005757999999999797e+01
3.007757999999999754e+01
3.009757999999999356e+01
3.011758000000000024e+01
3.013757999999999981e+01
3.015757999999999583e+01
3.017758000000000251e+01
3.019758000000000209e+01
3.021757999999999811e+01
3.023758000000000479e+01
3.025758000000000081e+01
3.027836866666666538e+01
3.030087999999999937e+01
3.032088000000000250e+01
3.034087999999999496e+01
3.036088000000000164e+01
3.038087999999999766e+01
3.040087999999999724e+01
3.042087999999999681e+01
3.044087999999999283e+01
3.046087999999999951e+01
3.048087999999999909e+01
3.050087999999999511e+01
3.052088000000000179e+01
3.054088000000000136e+01
3.056087999999999738e+01
3.058088000000000406e+01
3.060088000000000008e+01
3.062087999999999965e+01
3.064087999999999923e+01
3.066088000000000235e+01
3.068088000000000193e+01
3.070088000000000150e+01
3.072087999999999752e+01
3.074087999999999710e+01
3.076169255555555537e+01
3.078427999999999898e+01
3.080427999999999855e+01
3.082428000000000168e+01
3.084428000000000125e+01
3.086428000000000083e+01
3.088427999999999685e+01
3.090427999999999642e+01
3.092428000000000310e+01
3.094427999999999201e+01
3.096427999999999869e+01
3.098427999999999827e+01
3.100427999999999429e+01
3.102428000000000097e+01
3.104428000000000054e+01
3.106427999999999656e+01
3.108428000000000324e+01
3.110427999999999926e+01
3.112427999999999884e+01
3.114427999999999841e+01
3.116428000000000154e+01
3.118428000000000111e+01
3.120428000000000068e+01
3.122506866666666880e+01
3.124757999999999569e+01
3.126758000000000237e+01
3.128757999999999839e+01
3.130757999999999797e+01
3.132757999999999754e+01
3.134757999999999356e+01
3.136758000000000024e+01
3.138757999999999981e+01
3.140757999999999583e+01
3.142758000000000251e+01
3.144758000000000209e+01
3.146757999999999811e+01
3.148758000000000479e+01
3.150758000000000081e+01
3.152758000000000038e+01
3.154757999999999996e+01
3.156758000000000308e+01
3.158758000000000266e+01
3.160758000000000223e+01
3.162757999999999825e+01
3.164757999999999782e+01
3.166758000000000095e+01
3.168836866666666552e+01
3.171087999999999951e+01
3.173087999999999909e+01
3.175087999999999511e+01
3.177088000000000179e+01
3.179088000000000136e+01
3.181087999999999738e+01
3.183088000000000406e+01
3.185088000000000008e+01
3.187087999999999965e+01
3.189087999999999923e+01
3.191088000000000235e+01
3.193088000000000193e+01
3.195088000000000150e+01
3.197087999999999752e+01
3.199087999999999710e+01
3.201088000000000022e+01
3.203087999999999624e+01
3.205087999999999937e+01
3.207087999999998829e+01
3.209087999999999852e+01
3.211088000000000164e+01
3.213087999999999056e+01
3.215166866666666579e+01
3.217418000000000688e+01
3.219418000000000291e+01
3.221417999999999893e+01
3.223418000000000205e+01
3.225417999999999807e+01
3.227418000000000120e+01
3.229417999999999722e+01
3.231418000000000035e+01
3.233418000000000347e+01
3.235417999999999950e+01
3.237417999999999552e+01
3.239417999999999864e+01
3.241417999999998756e+01
3.243417999999999779e+01
3.245418000000000092e+01
3.247417999999998983e+01
3.249418000000000006e+01
3.251418000000000319e+01
3.253417999999999211e+01
3.255418000000000234e+01
3.257418000000000546e+01
3.259417999999999438e+01
3.261418000000000461e+01
3.263499255555555578e+01
3.265757999999999583e+01
3.267758000000000607e+01
3.269758000000000209e+01
3.271757999999999811e+01
3.273758000000000834e+01
3.275757999999999726e+01
3.277758000000000038e+01
3.279758000000000351e+01
3.281757999999999953e+01
3.283758000000000266e+01
3.285757999999999868e+01
3.287757999999999470e+01
3.289758000000000493e+01
3.291757999999999384e+01
3.293757999999999697e+01
3.295758000000000010e+01
3.297757999999998901e+01
3.299757999999999925e+01
3.301758000000000237e+01
3.303757999999999129e+01
3.305758000000000152e+01
3.307758000000000465e+01
3.309836866666665856e+01
3.312087999999999965e+01
3.314088000000000278e+01
3.316087999999999880e+01
3.318088000000000193e+01
3.320087999999999795e+01
3.322088000000000108e+01
3.324088000000000420e+01
3.326088000000000022e+01
3.328087999999999624e+01
3.330087999999999937e+01
3.332087999999998829e+01
3.334087999999999852e+01
3.336088000000000164e+01
3.338087999999999056e+01
3.340088000000000079e+01
3.342088000000000392e+01
3.344087999999999283e+01
3.346088000000000306e+01
3.348088000000000619e+01
3.350087999999999511e+01
3.352088000000000534e+01
3.354088000000000136e+01
3.356166866666666238e+01
3.358418000000000347e+01
3.360417999999999950e+01
3.362417999999999552e+01
3.364417999999999864e+01
3.366417999999998756e+01
3.368417999999999779e+01
3.370418000000000092e+01
3.372417999999998983e+01
3.374418000000000006e+01
3.376418000000000319e+01
3.378417999999999211e+01
3.380418000000000234e+01
3.382418000000000546e+01
3.384417999999999438e+01
3.386418000000000461e+01
3.388418000000000063e+01
3.390417999999999665e+01
3.392418000000000688e+01
3.394418000000000291e+01
3.396417999999999893e+01
3.398418000000000205e+01
3.400417999999999807e+01
3.402496866666666619e+01
3.404748000000000019e+01
3.406747999999998910e+01
3.408747999999999934e+01
3.410748000000000246e+01
3.412747999999999138e+01
3.414748000000000161e+01
3.416748000000000474e+01
3.418747999999999365e+01
3.420748000000000388e+01
3.422748000000000701e+01
3.424747999999999593e+01
3.426748000000000616e+01
3.428748000000000218e+01
3.430747999999999820e+01
3.432748000000000133e+01
3.434747999999999735e+01
3.436748000000000047e+01
3.438747999999999649e+01
3.440747999999999962e+01
3.442748000000000275e+01
3.444748000000000587e+01
3.446747999999999479e+01
3.448748000000000502e+01
3.450829255555556330e+01
3.453087999999999624e+01
3.455087999999999937e+01
3.457087999999998829e+01
3.459087999999999852e+01
3.461088000000000164e+01
3.463087999999999056e+01
3.465088000000000079e+01
3.467088000000000392e+01
3.469087999999999283e+01
3.471088000000000306e+01
3.473088000000000619e+01
3.475087999999999511e+01
3.477088000000000534e+01
3.479088000000000136e+01
3.481087999999999738e+01
3.483088000000000761e+01
3.485087999999999653e+01
3.487087999999999965e+01
3.489088000000000278e+01
3.491087999999999880e+01
3.493088000000000193e+01
3.495087999999999795e+01
3.497166866666666607e+01
3.499418000000000006e+01
3.501418000000000319e+01
3.503417999999999211e+01
3.505418000000000234e+01
3.507418000000000546e+01
3.509417999999999438e+01
3.511418000000000461e+01
3.513418000000000063e+01
3.515417999999999665e+01
3.517418000000000688e+01
3.519418000000000291e+01
3.521417999999999893e+01
3.523418000000000205e+01
3.525417999999999807e+01
3.527418000000000120e+01
3.529417999999999722e+01
3.531418000000000035e+01
3.533418000000000347e+01
3.535417999999999950e+01
3.537417999999999552e+01
3.539417999999999864e+01
3.541417999999998756e+01
3.543496866666666278e+01
3.545748000000000388e+01
3.547748000000000701e+01
3.549747999999999593e+01
3.551748000000000616e+01
3.553748000000000218e+01
3.555747999999999820e+01
3.557748000000000133e+01
3.559747999999999735e+01
3.561748000000000047e+01
3.563747999999999649e+01
3.565747999999999962e+01
3.567748000000000275e+01
3.569748000000000587e+01
3.571747999999999479e+01
3.573748000000000502e+01
3.575747999999999394e+01
3.577747999999999706e+01
3.579748000000000019e+01
3.581747999999998910e+01
3.583747999999999934e+01
3.585748000000000246e+01
3.587747999999999138e+01
3.589826866666666660e+01
3.592078000000000060e+01
3.594077999999999662e+01
3.596077999999999975e+01
3.598078000000000998e+01
3.600077999999999889e+01
3.602078000000000202e+01
3.604078000000000515e+01
3.606078000000000117e+01
3.608078000000000429e+01
3.610078000000000031e+01
3.612077999999999633e+01
3.614077999999999946e+01
3.616077999999998838e+01
3.618077999999999861e+01
3.620078000000000173e+01
3.622077999999999065e+01
3.624078000000000088e+01
3.626078000000000401e+01
3.628077999999999292e+01
3.630078000000000316e+01
3.632078000000000628e+01
3.634077999999999520e+01
3.636159255555556058e+01
3.638418000000000063e+01
3.640417999999999665e+01
3.642418000000000688e+01
3.644418000000000291e+01
3.646417999999999893e+01
3.648418000000000205e+01
3.650417999999999807e+01
3.652418000000000120e+01
3.654417999999999722e+01
3.656418000000000035e+01
3.658417999999999637e+01
3.660417999999999239e+01
3.662418000000000262e+01
3.664417999999999864e+01
3.666417999999998756e+01
3.668418000000000490e+01
3.670418000000000092e+01
3.672417999999998983e+01
3.674418000000000006e+01
3.676418000000000319e+01
3.678417999999999211e+01
3.680418000000000234e+01
3.682418000000000546e+01
3.684496866666665937e+01
3.686748000000000047e+01
3.688747999999999649e+01
3.690747999999999962e+01
3.692747999999999564e+01
3.694748000000000587e+01
3.696748000000000189e+01
3.698748000000000502e+01
3.700747999999998683e+01
3.702748000000000417e+01
3.704748000000000019e+01
3.706747999999998910e+01
3.708747999999999934e+01
3.710748000000000246e+01
3.712747999999999138e+01
3.714748000000000161e+01
3.716748000000000474e+01
3.718747999999999365e+01
3.720748000000000388e+01
3.722748000000000701e+01
3.724747999999999593e+01
3.726747999999999905e+01
3.728748000000000218e+01
3.730826866666666319e+01
3.733078000000000429e+01
3.735077999999999321e+01
3.737078000000000344e+01
3.739077999999999946e+01
3.741077999999998838e+01
3.743077999999999861e+01
3.745078000000000173e+01
3.747077999999999065e+01
3.749078000000000088e+01
3.751078000000000401e+01
3.753077999999999292e+01
3.755078000000000316e+01
3.757078000000000628e+01
3.759077999999999520e+01
3.761078000000000543e+01
3.763078000000000145e+01
3.765077999999999747e+01
3.767078000000000770e+01
3.769077999999999662e+01
3.771077999999999975e+01
3.773077999999999577e+01
3.775077999999999889e+01
3.777156866666666701e+01
3.779408000000000101e+01
3.781407999999998992e+01
3.783408000000000015e+01
3.785408000000000328e+01
3.787407999999999220e+01
3.789408000000000243e+01
3.791408000000000555e+01
3.793407999999999447e+01
3.795408000000000470e+01
3.797408000000000072e+01
3.799407999999999674e+01
3.801408000000000698e+01
3.803408000000000300e+01
3.805407999999999902e+01
3.807407999999999504e+01
3.809407999999999817e+01
3.811408000000000129e+01
3.813408000000000442e+01
3.815408000000000044e+01
3.817408000000000357e+01
3.819407999999999248e+01
3.821408000000000271e+01
3.823489255555555388e+01
3.825747999999998683e+01
3.827748000000000417e+01
3.829748000000000019e+01
3.831747999999998910e+01
3.833747999999999934e+01
3.835748000000000246e+01
3.837747999999999138e+01
3.839748000000000161e+01
3.841748000000000474e+01
3.843747999999999365e+01
3.845748000000000388e+01
3.847748000000000701e+01
3.849747999999999593e+01
3.851747999999999905e+01
3.853748000000000218e+01
3.855747999999999820e+01
3.857748000000000843e+01
3.859747999999999735e+01
3.861748000000000047e+01
3.863747999999999649e+01
3.865747999999999962e+01
3.867747999999999564e+01
3.869748000000000587e+01
3.871826866666666689e+01
3.874078000000000088e+01
3.876078000000000401e+01
3.878077999999999292e+01
3.880078000000000316e+01
3.882078000000000628e+01
3.884077999999999520e+01
3.886078000000000543e+01
3.888078000000000145e+01
3.890077999999999747e+01
3.892078000000000770e+01
3.894077999999999662e+01
3.896077999999999975e+01
3.898077999999999577e+01
3.900077999999999889e+01
3.902077999999999491e+01
3.904078000000000515e+01
3.906078000000000117e+01
3.908078000000000429e+01
3.910077999999999321e+01
3.912078000000000344e+01
3.914077999999999946e+01
3.916077999999998838e+01
3.918156866666666360e+01
3.920408000000000470e+01
3.922408000000000072e+01
3.924407999999999674e+01
3.926408000000000698e+01
3.928408000000000300e+01
3.930407999999999902e+01
3.932407999999999504e+01
3.934407999999999817e+01
3.936408000000000129e+01
3.938408000000000442e+01
3.940408000000000044e+01
3.942408000000000357e+01
3.944407999999999248e+01
3.946408000000000271e+01
3.948407999999999873e+01
3.950407999999998765e+01
3.952408000000000499e+01
3.954408000000000101e+01
3.956407999999998992e+01
3.958408000000000015e+01
3.960408000000000328e+01
3.962407999999999220e+01
3.964486866666666742e+01
3.966737999999999431e+01
3.968737999999999744e+01
3.970738000000000056e+01
3.972738000000000369e+01
3.974737999999999971e+01
3.976738000000000284e+01
3.978737999999999886e+01
3.980738000000000198e+01
3.982737999999999801e+01
3.984737999999998692e+01
3.986738000000000426e+01
3.988738000000000028e+01
3.990737999999998920e+01
3.992737999999999943e+01
3.994738000000000255e+01
3.996737999999999147e+01
3.998738000000000170e+01
4.000738000000000483e+01
4.002737999999999374e+01
4.004738000000000397e+01
4.006738000000000710e+01
4.008737999999999602e+01
4.010819255555556140e+01
4.013078000000000145e+01
4.015077999999999747e+01
4.017078000000000770e+01
4.019077999999999662e+01
4.021077999999999975e+01
4.023077999999999577e+01
4.025077999999999889e+01
4.027077999999999491e+01
4.029078000000000515e+01
4.031078000000000117e+01
4.033078000000000429e+01
4.035077999999999321e+01
4.037078000000000344e+01
4.039077999999999946e+01
4.041077999999998838e+01
4.043077999999999861e+01
4.045078000000000173e+01
4.047077999999999065e+01
4.049078000000000088e+01
4.051078000000000401e+01
4.053077999999999292e+01
4.055078000000000316e+01
4.057078000000000628e+01
4.059156866666666019e+01
4.061408000000000129e+01
4.063408000000000442e+01
4.065408000000000044e+01
4.067408000000000357e+01
4.069407999999999248e+01
4.071408000000000271e+01
4.073407999999999873e+01
4.075407999999998765e+01
4.077408000000000499e+01
4.079408000000000101e+01
4.081407999999998992e+01
4.083408000000000015e+01
4.085408000000000328e+01
4.087407999999999220e+01
4.089408000000000243e+01
4.091408000000000555e+01
4.093407999999999447e+01
4.095408000000000470e+01
4.097408000000000072e+01
4.099407999999999674e+01
4.101408000000000698e+01
4.103408000000000300e+01
4.105486866666666401e+01
4.107737999999999801e+01
4.109737999999998692e+01
4.111738000000000426e+01
4.113738000000000028e+01
4.115737999999998920e+01
4.117737999999999943e+01
4.119738000000000255e+01
4.121737999999999147e+01
4.123738000000000170e+01
4.125738000000000483e+01
4.127737999999999374e+01
4.129738000000000397e+01
4.131738000000000710e+01
4.133737999999999602e+01
4.135738000000000625e+01
4.137738000000000227e+01
4.139737999999999829e+01
4.141737999999999431e+01
4.143737999999999744e+01
4.145738000000000056e+01
4.147738000000000369e+01
4.149737999999999971e+01
4.151819255555555088e+01
4.154075599999998758e+01
4.156067999999999074e+01
4.158068000000000097e+01
4.160068000000000410e+01
4.162067999999999302e+01
4.164068000000000325e+01
4.166068000000000637e+01
4.168067999999999529e+01
4.170068000000000552e+01
4.172068000000000154e+01
4.174067999999999756e+01
4.176067999999999358e+01
4.178067999999999671e+01
4.180067999999999984e+01
4.182068000000000296e+01
4.184067999999999898e+01
4.186068000000000211e+01
4.188067999999999813e+01
4.190068000000000126e+01
4.192067999999999728e+01
4.194067999999999330e+01
4.196068000000000353e+01
4.198149255555555470e+01
4.200407999999998765e+01
4.202408000000000499e+01
4.204408000000000101e+01
4.206407999999998992e+01
4.208408000000000015e+01
4.210408000000000328e+01
4.212407999999999220e+01
4.214408000000000243e+01
4.216408000000000555e+01
4.218407999999999447e+01
4.220408000000000470e+01
4.222408000000000072e+01
4.224407999999999674e+01
4.226408000000000698e+01
4.228408000000000300e+01
4.230407999999999902e+01
4.232407999999999504e+01
4.234407999999999817e+01
4.236408000000000129e+01
4.238408000000000442e+01
4.240408000000000044e+01
4.242408000000000357e+01
4.244486866666667169e+01
4.246737999999999147e+01
4.248738000000000170e+01
4.250738000000000483e+01
4.252737999999999374e+01
4.254738000000000397e+01
4.256738000000000710e+01
