-9.341111111111111143e-02
-9.338888888888889628e-02
-9.350000000000001366e-02
-9.361111111111111716e-02
-9.361111111111111716e-02
-9.338888888888889628e-02
-9.343333333333332658e-02
-9.355555555555555847e-02
-9.362222222222221779e-02
-9.339999999999999691e-02
-9.342222222222222594e-02
-9.348888888888888526e-02
-9.348888888888889914e-02
-9.347777777777779851e-02
-9.336666666666666725e-02
-9.347777777777779851e-02
-9.334444444444445210e-02
-9.362222222222221779e-02
-9.332222222222223695e-02
-9.349999999999998590e-02
-9.356666666666667298e-02
-9.352222222222222880e-02
-9.356666666666667298e-02
-9.337777777777778176e-02
-9.344444444444444109e-02
-9.356666666666667298e-02
-9.347777777777777075e-02
-9.347777777777778463e-02
-9.354444444444444395e-02
-9.366666666666666197e-02
-9.336666666666666725e-02
-9.347777777777779851e-02
-9.344444444444444109e-02
-9.339999999999999691e-02
-9.348888888888889914e-02
-9.352222222222222880e-02
-9.363333333333333230e-02
-9.339999999999999691e-02
-9.362222222222221779e-02
-9.358888888888888813e-02
-9.356666666666667298e-02
-9.333333333333333759e-02
-9.349999999999998590e-02
-9.335555555555556662e-02
-9.334444444444445210e-02
-9.351111111111112817e-02
-9.345555555555555560e-02
-9.352222222222222880e-02
-9.354444444444445783e-02
-9.334444444444445210e-02
-9.346666666666668399e-02
-9.351111111111112817e-02
-9.351111111111112817e-02
-9.331111111111112244e-02
-9.358888888888888813e-02
-9.339999999999999691e-02
-9.336666666666666725e-02
-9.331111111111112244e-02
-9.348888888888888526e-02
-9.351111111111112817e-02
-9.347777777777778463e-02
-9.356666666666667298e-02
-9.335555555555556662e-02
-9.342222222222222594e-02
-9.361111111111111716e-02
-9.345555555555556948e-02
-9.363333333333333230e-02
-9.375555555555556420e-02
-9.347777777777779851e-02
-9.344444444444444109e-02
-9.341111111111111143e-02
-9.347777777777779851e-02
-9.361111111111111716e-02
-9.361111111111111716e-02
-9.354444444444445783e-02
-9.328888888888890729e-02
-9.332222222222223695e-02
-9.341111111111111143e-02
-9.356666666666667298e-02
-9.342222222222222594e-02
-9.360000000000000264e-02
-9.346666666666665624e-02
-9.351111111111110041e-02
-9.348888888888889914e-02
-9.353333333333334332e-02
-9.355555555555555847e-02
-9.350000000000001366e-02
-9.335555555555555274e-02
-9.338888888888889628e-02
-9.337777777777778176e-02
-9.339999999999999691e-02
-9.343333333333332658e-02
-9.348888888888889914e-02
-9.334444444444445210e-02
-9.347777777777777075e-02
-9.348888888888889914e-02
-9.358888888888888813e-02
-9.351111111111112817e-02
-9.330000000000000793e-02
-9.357777777777778749e-02
-9.341111111111111143e-02
-9.334444444444445210e-02
-9.334444444444445210e-02
-9.338888888888889628e-02
-9.345555555555556948e-02
-9.358888888888888813e-02
-9.341111111111111143e-02
-9.335555555555556662e-02
-9.344444444444444109e-02
-9.353333333333334332e-02
-9.347777777777777075e-02
-9.337777777777778176e-02
-9.330000000000000793e-02
-9.344444444444444109e-02
-9.352222222222222880e-02
-9.342222222222222594e-02
-9.338888888888889628e-02
-9.352222222222222880e-02
-9.333333333333333759e-02
-9.350000000000001366e-02
-9.360000000000000264e-02
-9.344444444444444109e-02
-9.356666666666667298e-02
-9.362222222222221779e-02
-9.341111111111111143e-02
-9.337777777777778176e-02
-9.355555555555555847e-02
-9.348888888888889914e-02
-9.359999999999998876e-02
-9.350000000000001366e-02
-9.358888888888888813e-02
-9.343333333333332658e-02
-9.355555555555555847e-02
-9.349999999999999978e-02
-9.352222222222222880e-02
-9.351111111111110041e-02
-9.347777777777779851e-02
-9.351111111111112817e-02
-9.345555555555555560e-02
-9.336666666666666725e-02
-9.351111111111111429e-02
-9.351111111111112817e-02
-9.355555555555555847e-02
-9.332222222222222308e-02
-9.338888888888889628e-02
-9.336666666666666725e-02
-9.341111111111111143e-02
-9.342222222222222594e-02
-9.333333333333333759e-02
-9.344444444444444109e-02
-9.356666666666667298e-02
-9.343333333333332658e-02
-9.345555555555556948e-02
-9.339999999999999691e-02
-9.363333333333333230e-02
-9.350000000000001366e-02
-9.334444444444445210e-02
-9.336666666666666725e-02
-9.332222222222223695e-02
-9.362222222222221779e-02
-9.360000000000000264e-02
-9.357777777777778749e-02
-9.356666666666667298e-02
-9.360000000000000264e-02
-9.355555555555555847e-02
-9.337777777777778176e-02
-9.357777777777778749e-02
-9.353333333333334332e-02
-9.336666666666666725e-02
-9.338888888888889628e-02
-9.339999999999999691e-02
-9.341111111111111143e-02
-9.338888888888889628e-02
-9.345555555555555560e-02
-9.345555555555556948e-02
-9.331111111111112244e-02
-9.321111111111111958e-02
-9.336666666666666725e-02
-9.337777777777778176e-02
-9.348888888888888526e-02
-9.363333333333333230e-02
-9.333333333333333759e-02
-9.333333333333333759e-02
-9.344444444444444109e-02
-9.338888888888889628e-02
-9.349999999999999978e-02
-9.361111111111111716e-02
-9.347777777777778463e-02
-9.356666666666667298e-02
-9.347777777777777075e-02
-9.347777777777777075e-02
-9.347777777777777075e-02
-9.349999999999999978e-02
-9.358888888888888813e-02
-9.358888888888888813e-02
-9.341111111111111143e-02
-9.351111111111111429e-02
-9.346666666666665624e-02
-9.352222222222222880e-02
-9.361111111111111716e-02
-9.333333333333333759e-02
-9.341111111111111143e-02
-9.336666666666666725e-02
-9.343333333333332658e-02
-9.341111111111111143e-02
-9.352222222222222880e-02
-9.357777777777778749e-02
-9.357777777777778749e-02
-9.335555555555556662e-02
-9.343333333333332658e-02
-9.352222222222222880e-02
-9.337777777777778176e-02
-9.330000000000000793e-02
-9.354444444444445783e-02
-9.337777777777778176e-02
-9.347777777777778463e-02
-9.352222222222221493e-02
-9.347777777777779851e-02
-9.336666666666666725e-02
-9.347777777777779851e-02
-9.355555555555555847e-02
-9.363333333333333230e-02
-9.349999999999998590e-02
-9.344444444444444109e-02
-9.352222222222222880e-02
-9.332222222222223695e-02
-9.337777777777778176e-02
-9.338888888888889628e-02
-9.356666666666667298e-02
-9.351111111111112817e-02
-9.347777777777777075e-02
-9.346666666666665624e-02
-9.355555555555555847e-02
-9.330000000000000793e-02
-9.328888888888887954e-02
-9.339999999999999691e-02
-9.341111111111111143e-02
-9.356666666666667298e-02
-9.355555555555555847e-02
-9.336666666666666725e-02
-9.347777777777777075e-02
-9.355555555555555847e-02
-9.334444444444445210e-02
-9.333333333333333759e-02
-9.356666666666667298e-02
-9.356666666666665910e-02
-9.340000000000001079e-02
-9.339999999999999691e-02
-9.334444444444445210e-02
-9.352222222222222880e-02
-9.331111111111112244e-02
-9.358888888888888813e-02
-9.344444444444444109e-02
-9.352222222222222880e-02
-9.348888888888889914e-02
-9.366666666666666197e-02
-9.358888888888888813e-02
-9.341111111111111143e-02
-9.336666666666666725e-02
-9.331111111111112244e-02
-9.334444444444445210e-02
-9.347777777777778463e-02
-9.344444444444444109e-02
-9.361111111111111716e-02
-9.333333333333333759e-02
-9.348888888888888526e-02
-9.346666666666665624e-02
-9.350000000000001366e-02
-9.337777777777778176e-02
-9.341111111111111143e-02
-9.355555555555555847e-02
-9.356666666666667298e-02
-9.373333333333334905e-02
-9.373333333333333517e-02
-9.388888888888888284e-02
-9.391111111111111187e-02
-9.394444444444444153e-02
-9.407777777777777406e-02
-9.404444444444444440e-02
-9.420000000000000595e-02
-9.433333333333332460e-02
-9.433333333333332460e-02
-9.441111111111112619e-02
-9.453333333333333033e-02
-9.464444444444444771e-02
-9.478888888888888087e-02
-9.494444444444444242e-02
-9.505555555555555980e-02
-9.520000000000000684e-02
-9.513333333333333364e-02
-9.533333333333333937e-02
-9.525555555555557941e-02
-9.539999999999999869e-02
-9.552222222222223058e-02
-9.553333333333334509e-02
-9.535555555555556839e-02
-9.532222222222223873e-02
-9.541111111111111320e-02
-9.527777777777779455e-02
-9.550000000000000155e-02
-9.557777777777778927e-02
-9.525555555555557941e-02
-9.547777777777777253e-02
-9.530000000000000970e-02
-9.532222222222222485e-02
-9.531111111111112422e-02
-9.518888888888889233e-02
-9.539999999999999869e-02
-9.523333333333333650e-02
-9.521111111111110747e-02
-9.535555555555556839e-02
-9.539999999999999869e-02
-9.523333333333332262e-02
-9.503333333333334465e-02
-9.522222222222222199e-02
-9.511111111111110461e-02
-9.515555555555556266e-02
-9.507777777777777495e-02
-9.496666666666667145e-02
-9.464444444444444771e-02
-9.484444444444445343e-02
-9.474444444444445057e-02
-9.442222222222221295e-02
-9.444444444444445586e-02
-9.406666666666667342e-02
-9.400000000000001410e-02
-9.382222222222222352e-02
-9.373333333333332129e-02
-9.364444444444444682e-02
-9.338888888888889628e-02
-9.341111111111111143e-02
-9.328888888888889341e-02
-9.327777777777777890e-02
-9.286666666666666681e-02
-9.270000000000000462e-02
-9.261111111111111627e-02
-9.264444444444444593e-02
-9.239999999999999603e-02
-9.257777777777778661e-02
-9.234444444444445121e-02
-9.238888888888889539e-02
-9.232222222222223607e-02
-9.206666666666667165e-02
-9.227777777777777801e-02
-9.202222222222222747e-02
-9.197777777777776942e-02
-9.198888888888889781e-02
-9.205555555555555713e-02
-9.216666666666667451e-02
-9.223333333333333384e-02
-9.229999999999999316e-02
-9.218888888888890354e-02
-9.220000000000000417e-02
-9.239999999999999603e-02
-9.262222222222221690e-02
-9.263333333333333142e-02
-9.300000000000001321e-02
-9.279999999999999361e-02
-9.301111111111111385e-02
-9.323333333333333472e-02
-9.338888888888889628e-02
-9.363333333333333230e-02
-9.387777777777778221e-02
-9.405555555555555891e-02
-9.416666666666667629e-02
-9.442222222222224071e-02
-9.450000000000000067e-02
-9.496666666666665757e-02
-9.483333333333332504e-02
-9.527777777777779455e-02
-9.513333333333333364e-02
-9.557777777777778927e-02
-9.560000000000000442e-02
-9.563333333333333408e-02
-9.588888888888888462e-02
-9.620000000000000773e-02
-9.623333333333333739e-02
-9.606666666666667520e-02
-9.614444444444443516e-02
-9.644444444444444375e-02
-9.638888888888888506e-02
-9.657777777777779016e-02
-9.637777777777777055e-02
-9.641111111111110021e-02
-9.654444444444446050e-02
-9.646666666666665890e-02
-9.649999999999998856e-02
-9.620000000000000773e-02
-9.623333333333333739e-02
-9.641111111111110021e-02
-9.609999999999999098e-02
-9.615555555555554967e-02
-9.608888888888889035e-02
-9.601111111111110263e-02
-9.598888888888888749e-02
-9.547777777777780028e-02
-9.558888888888888991e-02
-9.527777777777778068e-02
-9.518888888888889233e-02
-9.472222222222222154e-02
-9.481111111111110989e-02
-9.432222222222222396e-02
-9.411111111111110372e-02
-9.400000000000001410e-02
-9.367777777777777648e-02
-9.345555555555555560e-02
-9.338888888888889628e-02
-9.282222222222220875e-02
-9.271111111111111913e-02
-9.247777777777778374e-02
-9.247777777777778374e-02
-9.217777777777777515e-02
-9.202222222222222747e-02
-9.169999999999998985e-02
-9.163333333333333053e-02
-9.148888888888889737e-02
-9.134444444444445033e-02
-9.125555555555557585e-02
-9.126666666666666261e-02
-9.114444444444444460e-02
-9.100000000000001144e-02
-9.104444444444444173e-02
-9.108888888888888591e-02
-9.135555555555556484e-02
-9.147777777777779673e-02
-9.162222222222221601e-02
-9.157777777777778572e-02
-9.186666666666666592e-02
-9.205555555555555713e-02
-9.221111111111111869e-02
-9.233333333333332282e-02
-9.256666666666667209e-02
-9.264444444444445981e-02
-9.284444444444445166e-02
-9.300000000000001321e-02
-9.325555555555557763e-02
-9.358888888888888813e-02
-9.395555555555556992e-02
-9.412222222222221824e-02
-9.421111111111112046e-02
-9.442222222222222683e-02
-9.465555555555554834e-02
-9.493333333333335566e-02
-9.503333333333334465e-02
-9.512222222222221912e-02
-9.528888888888889519e-02
-9.532222222222223873e-02
-9.549999999999998768e-02
-9.571111111111112180e-02
-9.574444444444443758e-02
-9.596666666666667234e-02
-9.586666666666666947e-02
-9.595555555555555782e-02
-9.623333333333333739e-02
-9.601111111111110263e-02
-9.605555555555556069e-02
-9.601111111111111651e-02
-9.605555555555556069e-02
-9.597777777777777297e-02
-9.615555555555554967e-02
-9.612222222222222001e-02
-9.602222222222223103e-02
-9.566666666666666374e-02
-9.560000000000000442e-02
-9.541111111111111320e-02
-9.524444444444445101e-02
-9.508888888888888946e-02
-9.502222222222223014e-02
-9.481111111111112377e-02
-9.439999999999999780e-02
-9.422222222222223498e-02
-9.395555555555556992e-02
-9.377777777777779322e-02
-9.344444444444444109e-02
-9.330000000000000793e-02
-9.296666666666666967e-02
-9.261111111111111627e-02
-9.258888888888888724e-02
-9.210000000000001519e-02
-9.194444444444445363e-02
-9.196666666666668266e-02
-9.162222222222221601e-02
-9.121111111111111780e-02
-9.102222222222222658e-02
-9.102222222222222658e-02
-9.070000000000000284e-02
-9.064444444444445803e-02
-9.032222222222223429e-02
-9.020000000000000240e-02
-9.011111111111111405e-02
-9.015555555555555822e-02
-9.031111111111111978e-02
-9.043333333333332391e-02
-9.065555555555554479e-02
-9.076666666666666217e-02
-9.073333333333333250e-02
-9.096666666666666790e-02
-9.124444444444446134e-02
-9.146666666666665446e-02
-9.151111111111112639e-02
-9.173333333333333339e-02
-9.208888888888890067e-02
-9.238888888888889539e-02
-9.274444444444444879e-02
-9.308888888888888768e-02
-9.330000000000000793e-02
-9.383333333333333803e-02
-9.400000000000000022e-02
-9.453333333333334421e-02
-9.475555555555555121e-02
-9.518888888888887845e-02
-9.532222222222223873e-02
-9.572222222222223631e-02
-9.611111111111111938e-02
-9.642222222222221473e-02
-9.672222222222222332e-02
-9.693333333333332968e-02
-9.711111111111110639e-02
-9.732222222222224051e-02
-9.708888888888889124e-02
-9.720000000000000862e-02
-9.715555555555557832e-02
-9.718888888888890798e-02
-9.703333333333334643e-02
-9.661111111111111982e-02
-9.662222222222222046e-02
-9.647777777777778729e-02
-9.624444444444445190e-02
-9.616666666666666419e-02
-9.548888888888890092e-02
-9.519999999999999296e-02
-9.489999999999999825e-02
-9.477777777777778023e-02
-9.434444444444443911e-02
-9.402222222222222925e-02
-9.385555555555555318e-02
-9.354444444444444395e-02
-9.307777777777777317e-02
-9.276666666666666394e-02
-9.243333333333332569e-02
-9.236666666666666636e-02
-9.213333333333334485e-02
-9.163333333333333053e-02
-9.164444444444444504e-02
-9.162222222222221601e-02
-9.172222222222220500e-02
-9.163333333333333053e-02
-9.196666666666666878e-02
-9.217777777777778903e-02
-9.245555555555555471e-02
-9.251111111111112728e-02
-9.287777777777776744e-02
-9.310000000000000220e-02
-9.351111111111112817e-02
-9.386666666666666770e-02
-9.402222222222222925e-02
-9.432222222222222396e-02
-9.481111111111110989e-02
-9.523333333333335038e-02
-9.536666666666666903e-02
-9.582222222222222530e-02
-9.585555555555555496e-02
-9.621111111111112224e-02
-9.641111111111110021e-02
-9.666666666666666463e-02
-9.704444444444444706e-02
-9.726666666666666794e-02
-9.708888888888889124e-02
-9.714444444444444993e-02
-9.722222222222222376e-02
-9.731111111111111212e-02
-9.718888888888889410e-02
-9.714444444444443605e-02
-9.716666666666666508e-02
-9.694444444444444420e-02
-9.691111111111111454e-02
-9.690000000000000002e-02
-9.679999999999999716e-02
-9.668888888888889366e-02
-9.663333333333333497e-02
-9.614444444444443516e-02
-9.603333333333334554e-02
-9.585555555555555496e-02
-9.563333333333333408e-02
-9.552222222222223058e-02
-9.531111111111109646e-02
-9.476666666666666572e-02
-9.453333333333334421e-02
-9.413333333333334663e-02
-9.372222222222220678e-02
-9.361111111111111716e-02
-9.315555555555556089e-02
-9.279999999999999361e-02
-9.260000000000001563e-02
-9.235555555555556573e-02
-9.206666666666667165e-02
-9.192222222222221073e-02
-9.191111111111111009e-02
-9.174444444444446178e-02
-9.183333333333333626e-02
-9.205555555555555713e-02
-9.231111111111112155e-02
-9.245555555555555471e-02
-9.281111111111110812e-02
-9.326666666666666439e-02
-9.333333333333333759e-02
-9.369999999999999163e-02
-9.393333333333334090e-02
-9.446666666666665713e-02
-9.484444444444443956e-02
-9.522222222222222199e-02
-9.555555555555556024e-02
-9.573333333333332307e-02
-9.603333333333334554e-02
-9.613333333333334840e-02
-9.653333333333333210e-02
-9.679999999999999716e-02
-9.676666666666666750e-02
-9.697777777777777386e-02
-9.707777777777776285e-02
-9.715555555555555056e-02
-9.740000000000000047e-02
-9.740000000000000047e-02
-9.745555555555554528e-02
-9.736666666666667080e-02
-9.721111111111112313e-02
-9.718888888888889410e-02
-9.717777777777776571e-02
-9.682222222222221231e-02
-9.667777777777777914e-02
-9.648888888888890181e-02
-9.647777777777775954e-02
-9.622222222222223675e-02
-9.611111111111110550e-02
-9.586666666666666947e-02
-9.567777777777777826e-02
-9.521111111111112135e-02
-9.503333333333333077e-02
-9.489999999999999825e-02
-9.487777777777776922e-02
-9.462222222222221868e-02
-9.416666666666667629e-02
-9.420000000000000595e-02
-9.394444444444445541e-02
-9.375555555555553644e-02
-9.362222222222221779e-02
-9.366666666666666197e-02
-9.323333333333334860e-02
-9.321111111111111958e-02
-9.306666666666667254e-02
-9.304444444444444351e-02
-9.302222222222221448e-02
-9.310000000000000220e-02
-9.314444444444444637e-02
-9.291111111111111098e-02
-9.298888888888889870e-02
-9.313333333333333186e-02
-9.301111111111109997e-02
-9.337777777777778176e-02
-9.321111111111113345e-02
-9.315555555555556089e-02
-9.343333333333332658e-02
-9.343333333333332658e-02
-9.361111111111111716e-02
-9.371111111111110614e-02
-9.368888888888887712e-02
-9.403333333333334376e-02
-9.401111111111110086e-02
-9.413333333333333275e-02
-9.429999999999999494e-02
-9.449999999999998679e-02
-9.444444444444444198e-02
-9.454444444444444484e-02
-9.456666666666665999e-02
-9.477777777777778023e-02
-9.484444444444443956e-02
-9.492222222222222727e-02
-9.492222222222222727e-02
-9.506666666666667431e-02
-9.486666666666666858e-02
-9.479999999999999538e-02
-9.479999999999999538e-02
-9.492222222222221339e-02
-9.488888888888886985e-02
-9.460000000000000353e-02
-9.450000000000000067e-02
-9.437777777777776878e-02
-9.424444444444445013e-02
-9.421111111111112046e-02
-9.391111111111111187e-02
-9.378888888888889386e-02
-9.347777777777779851e-02
-9.336666666666666725e-02
-9.335555555555556662e-02
-9.322222222222224797e-02
-9.308888888888888768e-02
-9.285555555555553842e-02
-9.265555555555556044e-02
-9.241111111111111054e-02
-9.241111111111111054e-02
-9.237777777777776700e-02
-9.201111111111111296e-02
-9.214444444444444549e-02
-9.207777777777777228e-02
-9.206666666666667165e-02
-9.207777777777778616e-02
-9.228888888888889253e-02
-9.257777777777778661e-02
-9.274444444444444879e-02
-9.298888888888889870e-02
-9.300000000000001321e-02
-9.331111111111112244e-02
-9.336666666666666725e-02
-9.347777777777778463e-02
-9.376666666666665095e-02
-9.403333333333334376e-02
-9.427777777777777979e-02
-9.456666666666667387e-02
-9.479999999999999538e-02
-9.511111111111110461e-02
-9.501111111111111562e-02
-9.549999999999998768e-02
-9.547777777777778641e-02
-9.582222222222222530e-02
-9.619999999999999385e-02
-9.643333333333332924e-02
-9.662222222222222046e-02
-9.695555555555555871e-02
-9.717777777777776571e-02
-9.731111111111111212e-02
-9.748888888888890270e-02
-9.744444444444444464e-02
-9.795555555555555960e-02
-9.799999999999998990e-02
-9.803333333333333344e-02
-9.819999999999999563e-02
-9.806666666666666310e-02
-9.829999999999999849e-02
-9.846666666666666068e-02
-9.822222222222222465e-02
-9.831111111111111300e-02
-9.831111111111111300e-02
-9.842222222222221650e-02
-9.837777777777778621e-02
-9.843333333333334489e-02
-9.842222222222223038e-02
-9.842222222222221650e-02
-9.853333333333333388e-02
-9.860000000000000708e-02
-9.861111111111112160e-02
-9.852222222222223325e-02
-9.870000000000000995e-02
-9.879999999999999893e-02
-9.842222222222223038e-02
-9.862222222222222223e-02
-9.851111111111109098e-02
-9.858888888888889257e-02
-9.823333333333333917e-02
-9.829999999999999849e-02
-9.817777777777778048e-02
-9.801111111111110441e-02
-9.803333333333334731e-02
-9.772222222222222421e-02
-9.740000000000000047e-02
-9.738888888888888595e-02
-9.710000000000000575e-02
-9.693333333333334356e-02
-9.662222222222222046e-02
-9.636666666666666992e-02
-9.607777777777777584e-02
-9.557777777777778927e-02
-9.527777777777779455e-02
-9.496666666666668533e-02
-9.431111111111110945e-02
-9.433333333333333848e-02
-9.367777777777779036e-02
-9.336666666666666725e-02
-9.304444444444444351e-02
-9.257777777777778661e-02
-9.235555555555555185e-02
-9.213333333333334485e-02
-9.191111111111111009e-02
-9.158888888888888635e-02
-9.145555555555555383e-02
-9.133333333333333581e-02
-9.147777777777776897e-02
-9.147777777777776897e-02
-9.144444444444445319e-02
-9.154444444444444218e-02
-9.171111111111113212e-02
-9.163333333333333053e-02
-9.192222222222221073e-02
-9.198888888888888393e-02
-9.208888888888888680e-02
-9.215555555555556000e-02
-9.236666666666666636e-02
-9.260000000000000175e-02
-9.289999999999999647e-02
-9.310000000000001608e-02
-9.357777777777778749e-02
-9.370000000000000551e-02
-9.404444444444444440e-02
-9.437777777777778265e-02
-9.467777777777779125e-02
-9.490000000000001212e-02
-9.516666666666666330e-02
-9.536666666666666903e-02
-9.572222222222220855e-02
-9.613333333333333452e-02
-9.653333333333333210e-02
-9.694444444444444420e-02
-9.691111111111111454e-02
-9.721111111111110925e-02
-9.750000000000000333e-02
-9.782222222222222707e-02
-9.806666666666666310e-02
-9.790000000000000091e-02
-9.811111111111110727e-02
-9.853333333333333388e-02
-9.853333333333332000e-02
-9.875555555555555476e-02
-9.887777777777777277e-02
-9.911111111111109429e-02
-9.924444444444445457e-02
-9.952222222222223413e-02
-9.932222222222222840e-02
-9.951111111111111962e-02
-9.968888888888888244e-02
-9.960000000000000797e-02
-9.993333333333333235e-02
-9.971111111111111147e-02
-9.991111111111111720e-02
-9.987777777777778754e-02
-9.985555555555555851e-02
-9.985555555555555851e-02
-9.966666666666666730e-02
-9.983333333333334336e-02
-9.976666666666667016e-02
-9.958888888888889346e-02
-9.937777777777777322e-02
-9.929999999999999938e-02
-9.886666666666667214e-02
-9.891111111111111631e-02
-9.852222222222223325e-02
-9.815555555555555145e-02
-9.777777777777779677e-02
-9.753333333333333299e-02
-9.724444444444445279e-02
-9.675555555555555298e-02
-9.651111111111111696e-02
-9.600000000000001588e-02
-9.553333333333333122e-02
-9.516666666666667718e-02
-9.485555555555554019e-02
-9.443333333333332746e-02
-9.381111111111110901e-02
-9.327777777777779278e-02
-9.286666666666666681e-02
-9.246666666666666923e-02
-9.222222222222223320e-02
-9.163333333333333053e-02
-9.117777777777777426e-02
-9.094444444444443887e-02
-9.087777777777777954e-02
-9.083333333333333537e-02
-9.099999999999999756e-02
-9.089999999999999469e-02
-9.087777777777777954e-02
-9.133333333333333581e-02
-9.124444444444444746e-02
-9.146666666666665446e-02
-9.165555555555554568e-02
-9.167777777777777470e-02
-9.218888888888888966e-02
-9.239999999999999603e-02
-9.275555555555554943e-02
-9.314444444444443250e-02
-9.357777777777778749e-02
-9.381111111111109513e-02
-9.431111111111110945e-02
-9.441111111111112619e-02
-9.503333333333334465e-02
-9.526666666666666616e-02
-9.558888888888888991e-02
-9.593333333333334267e-02
-9.629999999999999671e-02
-9.660000000000000531e-02
-9.703333333333333255e-02
-9.738888888888889983e-02
-9.761111111111112071e-02
-9.787777777777778576e-02
-9.792222222222221606e-02
-9.831111111111111300e-02
-9.843333333333333102e-02
-9.836666666666665781e-02
-9.860000000000000708e-02
-9.867777777777778092e-02
-9.843333333333333102e-02
-9.841111111111110199e-02
-9.835555555555555718e-02
-9.847777777777778907e-02
-9.842222222222223038e-02
-9.805555555555556246e-02
-9.794444444444444509e-02
-9.788888888888888640e-02
-9.771111111111110969e-02
-9.736666666666665693e-02
-9.714444444444443605e-02
-9.693333333333331581e-02
-9.644444444444442988e-02
-9.613333333333334840e-02
-9.594444444444444331e-02
-9.558888888888888991e-02
-9.531111111111112422e-02
-9.473333333333333606e-02
-9.451111111111111518e-02
-9.404444444444443052e-02
-9.376666666666665095e-02
-9.354444444444443008e-02
-9.316666666666666152e-02
-9.287777777777776744e-02
-9.272222222222221977e-02
-9.270000000000000462e-02
-9.238888888888889539e-02
-9.258888888888888724e-02
-9.261111111111111627e-02
-9.276666666666666394e-02
-9.299999999999999933e-02
-9.310000000000000220e-02
-9.341111111111111143e-02
-9.379999999999999449e-02
-9.398888888888889959e-02
-9.432222222222222396e-02
-9.458888888888888902e-02
-9.487777777777778310e-02
-9.542222222222222772e-02
-9.580000000000001015e-02
-9.622222222222223675e-02
-9.654444444444446050e-02
-9.665555555555556400e-02
-9.710000000000000575e-02
-9.748888888888888882e-02
-9.785555555555555673e-02
-9.813333333333333630e-02
-9.836666666666665781e-02
-9.832222222222222752e-02
-9.833333333333332815e-02
-9.860000000000000708e-02
-9.855555555555556291e-02
-9.863333333333333675e-02
-9.856666666666666354e-02
-9.863333333333333675e-02
-9.837777777777777233e-02
-9.828888888888889785e-02
-9.817777777777776660e-02
-9.823333333333333917e-02
-9.774444444444445323e-02
-9.757777777777777717e-02
-9.733333333333332726e-02
-9.716666666666667895e-02
-9.707777777777777672e-02
-9.672222222222222332e-02
-9.654444444444446050e-02
-9.620000000000000773e-02
-9.573333333333333695e-02
-9.547777777777780028e-02
-9.532222222222223873e-02
-9.518888888888889233e-02
-9.483333333333332504e-02
-9.428888888888889430e-02
-9.423333333333333561e-02
-9.380000000000000837e-02
-9.367777777777777648e-02
-9.360000000000000264e-02
-9.366666666666666197e-02
-9.346666666666668399e-02
-9.353333333333334332e-02
-9.376666666666667871e-02
-9.403333333333334376e-02
-9.423333333333333561e-02
-9.444444444444444198e-02
-9.473333333333333606e-02
-9.475555555555555121e-02
-9.524444444444445101e-02
-9.555555555555556024e-02
-9.583333333333333981e-02
-9.618888888888890709e-02
-9.623333333333333739e-02
-9.663333333333333497e-02
-9.702222222222221804e-02
-9.751111111111110397e-02
-9.777777777777778290e-02
-9.805555555555554859e-02
-9.846666666666667456e-02
-9.850000000000000422e-02
-9.883333333333332860e-02
-9.915555555555555234e-02
-9.943333333333331803e-02
-9.940000000000000224e-02
-9.956666666666667831e-02
-9.942222222222223127e-02
-9.953333333333332089e-02
-9.940000000000000224e-02
-9.940000000000000224e-02
-9.924444444444445457e-02
-9.904444444444443496e-02
-9.877777777777778379e-02
-9.873333333333333961e-02
-9.854444444444446227e-02
-9.835555555555555718e-02
-9.816666666666666596e-02
-9.786666666666665737e-02
-9.750000000000000333e-02
-9.698888888888888837e-02
-9.674444444444445235e-02
-9.661111111111111982e-02
-9.588888888888888462e-02
-9.581111111111112466e-02
-9.528888888888889519e-02
-9.510000000000000397e-02
-9.488888888888886985e-02
-9.451111111111112906e-02
-9.414444444444446114e-02
-9.388888888888888284e-02
-9.406666666666667342e-02
-9.375555555555556420e-02
-9.384444444444442479e-02
-9.407777777777777406e-02
-9.431111111111110945e-02
-9.448888888888888615e-02
-9.455555555555555935e-02
-9.482222222222221053e-02
-9.493333333333331403e-02
-9.515555555555554879e-02
-9.536666666666666903e-02
-9.564444444444444859e-02
-9.566666666666666374e-02
-9.600000000000001588e-02
-9.606666666666667520e-02
-9.639999999999999958e-02
-9.654444444444444662e-02
-9.683333333333332682e-02
-9.673333333333332396e-02
-9.708888888888889124e-02
-9.704444444444443318e-02
-9.736666666666667080e-02
-9.723333333333333828e-02
-9.742222222222222949e-02
-9.763333333333333586e-02
-9.755555555555556202e-02
-9.758888888888889168e-02
-9.776666666666665451e-02
-9.777777777777778290e-02
-9.773333333333333872e-02
-9.745555555555555916e-02
-9.749999999999998945e-02
-9.742222222222222949e-02
-9.728888888888889697e-02
-9.724444444444445279e-02
-9.693333333333332968e-02
-9.679999999999999716e-02
-9.674444444444445235e-02
-9.654444444444444662e-02
-9.638888888888888506e-02
-9.606666666666667520e-02
-9.585555555555555496e-02
-9.567777777777777826e-02
-9.553333333333334509e-02
-9.527777777777779455e-02
-9.523333333333335038e-02
-9.506666666666667431e-02
-9.478888888888889475e-02
-9.445555555555555649e-02
-9.434444444444443911e-02
-9.418888888888890532e-02
-9.424444444444445013e-02
-9.377777777777777934e-02
-9.400000000000001410e-02
-9.362222222222221779e-02
-9.363333333333333230e-02
-9.361111111111111716e-02
-9.375555555555556420e-02
-9.344444444444444109e-02
-9.353333333333334332e-02
-9.357777777777778749e-02
-9.362222222222221779e-02
-9.381111111111110901e-02
-9.389999999999999736e-02
-9.382222222222222352e-02
-9.424444444444445013e-02
-9.421111111111112046e-02
-9.438888888888889717e-02
-9.465555555555554834e-02
-9.501111111111111562e-02
-9.520000000000000684e-02
-9.545555555555557126e-02
-9.544444444444444287e-02
-9.578888888888888176e-02
-9.600000000000001588e-02
-9.617777777777777870e-02
-9.641111111111110021e-02
-9.633333333333332638e-02
-9.645555555555554439e-02
-9.649999999999998856e-02
-9.666666666666666463e-02
-9.654444444444446050e-02
-9.673333333333332396e-02
-9.679999999999999716e-02
-9.678888888888888264e-02
-9.657777777777779016e-02
-9.655555555555556113e-02
-9.656666666666666177e-02
-9.645555555555555827e-02
-9.659999999999999143e-02
-9.620000000000000773e-02
-9.613333333333333452e-02
-9.602222222222223103e-02
-9.612222222222222001e-02
-9.553333333333333122e-02
-9.543333333333332835e-02
-9.560000000000000442e-02
-9.531111111111111034e-02
-9.507777777777777495e-02
-9.490000000000001212e-02
-9.475555555555555121e-02
-9.464444444444444771e-02
-9.413333333333334663e-02
-9.403333333333332988e-02
-9.389999999999999736e-02
-9.373333333333332129e-02
-9.363333333333333230e-02
-9.331111111111112244e-02
-9.325555555555557763e-02
-9.314444444444443250e-02
-9.315555555555554701e-02
-9.325555555555557763e-02
-9.328888888888890729e-02
-9.322222222222222021e-02
-9.325555555555557763e-02
-9.352222222222222880e-02
-9.367777777777777648e-02
-9.380000000000000837e-02
-9.414444444444443338e-02
-9.432222222222222396e-02
-9.464444444444446158e-02
-9.508888888888888946e-02
-9.542222222222222772e-02
-9.588888888888888462e-02
-9.622222222222220900e-02
-9.675555555555555298e-02
-9.722222222222223764e-02
-9.785555555555555673e-02
-9.822222222222223853e-02
-9.885555555555554375e-02
-9.931111111111111389e-02
-9.947777777777777608e-02
-9.971111111111111147e-02
-9.995555555555556138e-02
-1.001111111111110952e-01
-1.000222222222222207e-01
-9.973333333333332662e-02
-9.971111111111112535e-02
-9.937777777777777322e-02
-9.920000000000001039e-02
-9.897777777777777564e-02
-9.866666666666666641e-02
-9.826666666666666883e-02
-9.826666666666666883e-02
-9.771111111111112357e-02
-9.753333333333331912e-02
-9.715555555555555056e-02
-9.685555555555554197e-02
-9.677777777777778201e-02
-9.639999999999998570e-02
-9.615555555555556355e-02
-9.594444444444444331e-02
-9.580000000000001015e-02
-9.569999999999999341e-02
-9.554444444444445961e-02
-9.525555555555557941e-02
-9.526666666666668004e-02
-9.544444444444444287e-02
-9.545555555555555738e-02
-9.543333333333332835e-02
-9.560000000000000442e-02
-9.588888888888888462e-02
-9.576666666666668049e-02
-9.615555555555554967e-02
-9.637777777777777055e-02
-9.657777777777777628e-02
-9.657777777777777628e-02
-9.698888888888888837e-02
-9.707777777777777672e-02
-9.738888888888888595e-02
-9.769999999999999518e-02
-9.794444444444444509e-02
-9.827777777777778334e-02
-9.858888888888889257e-02
-9.855555555555556291e-02
-9.888888888888887341e-02
-9.916666666666668073e-02
-9.944444444444444642e-02
-9.916666666666666685e-02
-9.931111111111111389e-02
-9.916666666666668073e-02
-9.936666666666665870e-02
-9.922222222222223942e-02
-9.907777777777777850e-02
-9.879999999999999893e-02
-9.861111111111112160e-02
-9.821111111111111014e-02
-9.788888888888888640e-02
-9.768888888888889455e-02
-9.747777777777777430e-02
-9.694444444444444420e-02
-9.674444444444443847e-02
-9.641111111111110021e-02
-9.618888888888890709e-02
-9.577777777777776724e-02
-9.563333333333333408e-02
-9.531111111111112422e-02
-9.498888888888890047e-02
-9.473333333333333606e-02
-9.462222222222221868e-02
-9.453333333333334421e-02
-9.451111111111111518e-02
-9.487777777777778310e-02
-9.465555555555554834e-02
-9.502222222222223014e-02
-9.508888888888888946e-02
-9.550000000000001543e-02
-9.538888888888888418e-02
-9.601111111111110263e-02
-9.617777777777779258e-02
-9.653333333333331823e-02
-9.663333333333333497e-02
-9.707777777777777672e-02
-9.756666666666667653e-02
-9.771111111111110969e-02
-9.808888888888889213e-02
-9.845555555555556004e-02
-9.896666666666667500e-02
-9.927777777777778423e-02
-9.968888888888889632e-02
-9.952222222222223413e-02
-9.967777777777778181e-02
-9.977777777777777080e-02
-9.969999999999999696e-02
-9.968888888888888244e-02
-9.956666666666666443e-02
-9.947777777777777608e-02
-9.896666666666667500e-02
-9.889999999999998792e-02
-9.854444444444444839e-02
-9.831111111111111300e-02
-9.819999999999999563e-02
-9.785555555555555673e-02
-9.737777777777778532e-02
-9.712222222222220702e-02
-9.668888888888887978e-02
-9.657777777777777628e-02
-9.598888888888887361e-02
-9.578888888888886788e-02
-9.533333333333333937e-02
-9.524444444444445101e-02
-9.500000000000001499e-02
-9.498888888888888660e-02
-9.505555555555555980e-02
-9.503333333333334465e-02
-9.512222222222221912e-02
-9.526666666666666616e-02
-9.553333333333334509e-02
-9.587777777777778399e-02
-9.614444444444443516e-02
-9.631111111111111123e-02
-9.671111111111110881e-02
-9.707777777777777672e-02
-9.740000000000000047e-02
-9.783333333333334159e-02
-9.807777777777776373e-02
-9.848888888888887583e-02
-9.884444444444445699e-02
-9.915555555555556622e-02
-9.950000000000001898e-02
-9.967777777777778181e-02
-9.985555555555555851e-02
-1.000666666666666649e-01
-9.976666666666667016e-02
-9.958888888888889346e-02
-9.961111111111112248e-02
-9.935555555555555807e-02
-9.910000000000000753e-02
-9.851111111111111873e-02
-9.810000000000000664e-02
-9.787777777777778576e-02
-9.742222222222222949e-02
-9.703333333333333255e-02
-9.668888888888887978e-02
-9.611111111111110550e-02
-9.593333333333332880e-02
-9.532222222222223873e-02
-9.513333333333334751e-02
-9.482222222222221053e-02
-9.460000000000000353e-02
-9.415555555555554790e-02
-9.402222222222222925e-02
-9.396666666666665668e-02
-9.361111111111111716e-02
-9.361111111111111716e-02
-9.367777777777777648e-02
-9.402222222222222925e-02
-9.444444444444444198e-02
-9.467777777777777737e-02
-9.527777777777779455e-02
-9.578888888888889563e-02
-9.618888888888890709e-02
-9.667777777777777914e-02
-9.712222222222222090e-02
-9.762222222222222134e-02
-9.805555555555556246e-02
-9.843333333333331714e-02
-9.841111111111110199e-02
-9.869999999999999607e-02
-9.877777777777778379e-02
-9.873333333333333961e-02
-9.866666666666666641e-02
-9.873333333333333961e-02
-9.872222222222222510e-02
-9.837777777777778621e-02
-9.813333333333333630e-02
-9.804444444444443407e-02
-9.777777777777778290e-02
-9.728888888888889697e-02
-9.701111111111110352e-02
-9.662222222222222046e-02
-9.627777777777778156e-02
-9.584444444444445432e-02
-9.546666666666665801e-02
-9.501111111111111562e-02
-9.451111111111111518e-02
-9.404444444444444440e-02
-9.362222222222221779e-02
-9.337777777777778176e-02
-9.318888888888889055e-02
-9.302222222222222836e-02
-9.263333333333333142e-02
-9.252222222222222792e-02
-9.245555555555555471e-02
-9.283333333333332327e-02
-9.318888888888890443e-02
-9.338888888888889628e-02
-9.372222222222222066e-02
-9.417777777777777692e-02
-9.417777777777776305e-02
-9.486666666666665471e-02
-9.529999999999999583e-02
-9.579999999999998239e-02
-9.612222222222222001e-02
-9.665555555555555012e-02
-9.723333333333333828e-02
-9.774444444444445323e-02
-9.809999999999999276e-02
-9.847777777777778907e-02
-9.843333333333334489e-02
-9.876666666666666927e-02
-9.893333333333331758e-02
-9.877777777777778379e-02
-9.874444444444444025e-02
-9.865555555555555189e-02
-9.827777777777778334e-02
-9.790000000000000091e-02
-9.764444444444445037e-02
-9.742222222222222949e-02
-9.726666666666666794e-02
-9.700000000000000289e-02
-9.648888888888890181e-02
-9.627777777777778156e-02
-9.595555555555554395e-02
-9.569999999999999341e-02
-9.544444444444444287e-02
-9.533333333333332549e-02
-9.471111111111112091e-02
-9.444444444444442810e-02
-9.417777777777777692e-02
-9.380000000000000837e-02
-9.346666666666665624e-02
-9.337777777777778176e-02
-9.286666666666665293e-02
-9.257777777777777273e-02
-9.264444444444444593e-02
-9.249999999999999889e-02
-9.263333333333333142e-02
-9.276666666666666394e-02
-9.297777777777777031e-02
-9.327777777777777890e-02
-9.356666666666667298e-02
-9.413333333333333275e-02
-9.452222222222222969e-02
-9.521111111111110747e-02
-9.532222222222223873e-02
-9.592222222222221428e-02
-9.651111111111111696e-02
-9.681111111111111167e-02
-9.743333333333333013e-02
-9.767777777777778003e-02
-9.784444444444444222e-02
-9.838888888888888684e-02
-9.874444444444445412e-02
-9.896666666666667500e-02
-9.917777777777778137e-02
-9.925555555555556908e-02
-9.903333333333333433e-02
-9.906666666666666399e-02
-9.894444444444444597e-02
-9.878888888888888442e-02
-9.862222222222222223e-02
-9.828888888888889785e-02
-9.766666666666666552e-02
-9.727777777777778245e-02
-9.687777777777778487e-02
-9.646666666666667278e-02
-9.587777777777778399e-02
-9.520000000000000684e-02
-9.474444444444445057e-02
-9.401111111111111474e-02
-9.360000000000000264e-02
-9.303333333333334287e-02
-9.256666666666665821e-02
-9.180000000000000659e-02
-9.142222222222222416e-02
-9.110000000000001430e-02
-9.087777777777777954e-02
-9.065555555555554479e-02
-9.025555555555557496e-02
-9.035555555555555007e-02
-9.051111111111112550e-02
-9.081111111111110634e-02
-9.100000000000001144e-02
-9.147777777777776897e-02
-9.179999999999999272e-02
-9.206666666666667165e-02
-9.257777777777778661e-02
-9.266666666666667496e-02
-9.325555555555554987e-02
-9.377777777777779322e-02
-9.390000000000001124e-02
-9.442222222222221295e-02
-9.483333333333332504e-02
-9.520000000000000684e-02
-9.576666666666668049e-02
-9.615555555555554967e-02
-9.650000000000000244e-02
-9.660000000000000531e-02
-9.677777777777778201e-02
-9.714444444444444993e-02
-9.736666666666665693e-02
-9.752222222222223236e-02
-9.756666666666667653e-02
-9.772222222222221033e-02
-9.760000000000000620e-02
-9.764444444444445037e-02
-9.774444444444445323e-02
-9.774444444444443936e-02
-9.733333333333332726e-02
-9.727777777777778245e-02
-9.725555555555556730e-02
-9.704444444444443318e-02
-9.696666666666667322e-02
-9.664444444444444948e-02
-9.639999999999998570e-02
-9.621111111111112224e-02
-9.587777777777778399e-02
-9.554444444444445961e-02
-9.532222222222223873e-02
-9.501111111111110175e-02
-9.453333333333334421e-02
-9.416666666666667629e-02
-9.392222222222221251e-02
-9.376666666666667871e-02
-9.346666666666665624e-02
-9.322222222222223409e-02
-9.297777777777777031e-02
-9.252222222222222792e-02
-9.242222222222222505e-02
-9.238888888888889539e-02
-9.250000000000001277e-02
-9.268888888888887623e-02
-9.262222222222221690e-02
-9.247777777777779762e-02
-9.273333333333333428e-02
-9.284444444444443778e-02
-9.310000000000000220e-02
-9.312222222222223122e-02
-9.313333333333334574e-02
-9.337777777777778176e-02
-9.373333333333332129e-02
-9.386666666666666770e-02
-9.413333333333334663e-02
-9.443333333333334134e-02
-9.468888888888887800e-02
-9.458888888888888902e-02
-9.476666666666666572e-02
-9.508888888888888946e-02
-9.539999999999999869e-02
-9.544444444444444287e-02
-9.558888888888888991e-02
-9.584444444444445432e-02
-9.597777777777777297e-02
-9.636666666666665604e-02
-9.653333333333333210e-02
-9.642222222222221473e-02
-9.668888888888887978e-02
-9.687777777777777100e-02
-9.692222222222222905e-02
-9.707777777777776285e-02
-9.714444444444444993e-02
-9.689999999999998614e-02
-9.695555555555555871e-02
-9.684444444444445521e-02
-9.692222222222220129e-02
-9.664444444444444948e-02
-9.666666666666666463e-02
-9.658888888888889079e-02
-9.625555555555556642e-02
-9.618888888888887934e-02
-9.605555555555556069e-02
-9.585555555555555496e-02
-9.575555555555556597e-02
-9.536666666666666903e-02
-9.512222222222221912e-02
-9.503333333333334465e-02
-9.490000000000001212e-02
-9.458888888888888902e-02
-9.471111111111112091e-02
-9.422222222222222110e-02
-9.416666666666667629e-02
-9.396666666666665668e-02
-9.383333333333333803e-02
-9.381111111111112288e-02
-9.369999999999999163e-02
-9.362222222222221779e-02
-9.363333333333333230e-02
-9.345555555555555560e-02
-9.349999999999998590e-02
-9.353333333333332944e-02
-9.354444444444445783e-02
-9.362222222222221779e-02
-9.352222222222222880e-02
-9.361111111111111716e-02
-9.362222222222221779e-02
-9.383333333333333803e-02
-9.362222222222221779e-02
-9.397777777777778507e-02
-9.407777777777777406e-02
-9.415555555555554790e-02
-9.427777777777777979e-02
-9.442222222222221295e-02
-9.452222222222222969e-02
-9.458888888888888902e-02
-9.491111111111111276e-02
-9.501111111111110175e-02
-9.523333333333333650e-02
-9.541111111111111320e-02
-9.547777777777777253e-02
-9.587777777777778399e-02
-9.585555555555555496e-02
-9.610000000000000486e-02
-9.625555555555556642e-02
-9.641111111111111409e-02
-9.666666666666666463e-02
-9.652222222222223147e-02
-9.661111111111111982e-02
-9.674444444444445235e-02
-9.678888888888888264e-02
-9.661111111111111982e-02
-9.648888888888890181e-02
-9.652222222222223147e-02
-9.657777777777777628e-02
-9.637777777777777055e-02
-9.624444444444445190e-02
-9.621111111111112224e-02
-9.585555555555555496e-02
-9.565555555555554923e-02
-9.564444444444444859e-02
-9.531111111111112422e-02
-9.514444444444443427e-02
-9.507777777777777495e-02
-9.457777777777778838e-02
-9.468888888888889188e-02
-9.423333333333333561e-02
-9.394444444444444153e-02
-9.381111111111112288e-02
-9.343333333333332658e-02
-9.321111111111110570e-02
-9.288888888888888196e-02
-9.277777777777777846e-02
-9.271111111111111913e-02
-9.242222222222221117e-02
-9.233333333333333670e-02
-9.208888888888888680e-02
-9.198888888888889781e-02
-9.212222222222223034e-02
-9.217777777777778903e-02
-9.226666666666667738e-02
-9.220000000000000417e-02
-9.228888888888889253e-02
-9.264444444444444593e-02
-9.295555555555555516e-02
-9.312222222222221735e-02
-9.336666666666666725e-02
-9.355555555555555847e-02
-9.371111111111110614e-02
-9.393333333333332702e-02
-9.420000000000000595e-02
-9.451111111111111518e-02
-9.489999999999998437e-02
-9.537777777777778354e-02
-9.544444444444444287e-02
-9.583333333333333981e-02
-9.610000000000000486e-02
-9.645555555555555827e-02
-9.679999999999999716e-02
-9.682222222222221231e-02
-9.689999999999998614e-02
-9.737777777777777144e-02
-9.765555555555555101e-02
-9.776666666666668226e-02
-9.794444444444444509e-02
-9.805555555555554859e-02
-9.775555555555555387e-02
-9.794444444444444509e-02
-9.786666666666667125e-02
-9.803333333333333344e-02
-9.774444444444445323e-02
-9.766666666666666552e-02
-9.768888888888888067e-02
-9.752222222222223236e-02
-9.748888888888890270e-02
-9.735555555555555629e-02
-9.727777777777778245e-02
-9.686666666666665648e-02
-9.669999999999999429e-02
-9.638888888888889894e-02
-9.625555555555556642e-02
-9.617777777777779258e-02
-9.594444444444444331e-02
-9.546666666666667189e-02
-9.531111111111111034e-02
-9.512222222222221912e-02
-9.502222222222223014e-02
-9.453333333333331645e-02
-9.423333333333333561e-02
-9.398888888888889959e-02
-9.373333333333332129e-02
-9.358888888888888813e-02
-9.336666666666666725e-02
-9.305555555555555802e-02
-9.281111111111110812e-02
-9.254444444444445694e-02
-9.246666666666665535e-02
-9.236666666666666636e-02
-9.224444444444446223e-02
-9.216666666666667451e-02
-9.222222222222223320e-02
-9.218888888888890354e-02
-9.237777777777778088e-02
-9.253333333333331467e-02
-9.264444444444445981e-02
-9.294444444444444065e-02
-9.307777777777777317e-02
-9.310000000000000220e-02
-9.328888888888890729e-02
-9.352222222222222880e-02
-9.371111111111110614e-02
-9.391111111111111187e-02
-9.403333333333334376e-02
-9.411111111111110372e-02
-9.421111111111112046e-02
-9.444444444444444198e-02
-9.451111111111111518e-02
-9.445555555555555649e-02
-9.471111111111112091e-02
-9.464444444444446158e-02
-9.467777777777777737e-02
-9.484444444444445343e-02
-9.486666666666666858e-02
-9.475555555555555121e-02
-9.483333333333332504e-02
-9.482222222222221053e-02
-9.500000000000001499e-02
-9.498888888888890047e-02
-9.495555555555554306e-02
-9.501111111111111562e-02
-9.489999999999999825e-02
-9.483333333333332504e-02
-9.478888888888888087e-02
-9.481111111111110989e-02
-9.484444444444443956e-02
-9.464444444444444771e-02
-9.492222222222222727e-02
-9.474444444444445057e-02
-9.477777777777778023e-02
-9.464444444444444771e-02
-9.468888888888887800e-02
-9.479999999999999538e-02
-9.458888888888888902e-02
-9.455555555555555935e-02
-9.457777777777778838e-02
-9.460000000000000353e-02
-9.460000000000000353e-02
-9.439999999999999780e-02
-9.435555555555556750e-02
-9.433333333333332460e-02
-9.447777777777779940e-02
-9.451111111111111518e-02
-9.436666666666665426e-02
-9.442222222222224071e-02
-9.415555555555554790e-02
-9.420000000000000595e-02
-9.414444444444446114e-02
-9.428888888888889430e-02
-9.405555555555555891e-02
-9.396666666666667056e-02
-9.385555555555555318e-02
-9.383333333333333803e-02
-9.386666666666666770e-02
-9.388888888888888284e-02
-9.381111111111112288e-02
-9.358888888888888813e-02
-9.351111111111112817e-02
-9.345555555555555560e-02
-9.348888888888889914e-02
-9.355555555555555847e-02
-9.311111111111111671e-02
-9.335555555555556662e-02
-9.306666666666667254e-02
-9.306666666666667254e-02
-9.308888888888888768e-02
-9.301111111111111385e-02
-9.276666666666666394e-02
-9.277777777777777846e-02
-9.288888888888886808e-02
-9.285555555555553842e-02
-9.288888888888888196e-02
-9.271111111111111913e-02
-9.278888888888887909e-02
-9.281111111111110812e-02
-9.287777777777776744e-02
-9.286666666666666681e-02
-9.306666666666667254e-02
-9.292222222222221162e-02
-9.310000000000000220e-02
-9.315555555555557476e-02
-9.320000000000000506e-02
-9.314444444444443250e-02
-9.324444444444446312e-02
-9.323333333333333472e-02
-9.327777777777777890e-02
-9.302222222222221448e-02
-9.307777777777777317e-02
-9.311111111111110283e-02
-9.314444444444443250e-02
-9.321111111111111958e-02
-9.296666666666668355e-02
-9.305555555555555802e-02
-9.308888888888888768e-02
-9.316666666666667540e-02
-9.313333333333334574e-02
-9.315555555555557476e-02
-9.295555555555555516e-02
-9.308888888888888768e-02
-9.304444444444444351e-02
-9.306666666666667254e-02
-9.325555555555557763e-02
-9.297777777777778418e-02
-9.306666666666667254e-02
-9.315555555555556089e-02
-9.317777777777777604e-02
-9.324444444444446312e-02
-9.286666666666666681e-02
-9.322222222222222021e-02
-9.306666666666667254e-02
-9.310000000000000220e-02
-9.314444444444444637e-02
-9.295555555555556904e-02
-9.322222222222222021e-02
-9.317777777777776216e-02
-9.326666666666667826e-02
-9.320000000000000506e-02
-9.317777777777777604e-02
-9.325555555555554987e-02
-9.312222222222221735e-02
-9.306666666666667254e-02
-9.314444444444446025e-02
-9.312222222222221735e-02
-9.316666666666667540e-02
-9.298888888888888482e-02
-9.318888888888890443e-02
-9.328888888888890729e-02
-9.296666666666668355e-02
-9.294444444444444065e-02
-9.316666666666666152e-02
-9.321111111111110570e-02
-9.318888888888890443e-02
-9.306666666666667254e-02
-9.303333333333334287e-02
-9.310000000000000220e-02
-9.316666666666667540e-02
-9.298888888888889870e-02
-9.295555555555554128e-02
-9.300000000000001321e-02
-9.313333333333333186e-02
-9.313333333333334574e-02
-9.307777777777777317e-02
-9.314444444444444637e-02
-9.308888888888888768e-02
-9.313333333333334574e-02
-9.296666666666666967e-02
-9.313333333333334574e-02
-9.313333333333333186e-02
-9.298888888888889870e-02
-9.308888888888888768e-02
-9.301111111111111385e-02
-9.320000000000000506e-02
-9.312222222222221735e-02
-9.315555555555556089e-02
-9.323333333333334860e-02
-9.295555555555554128e-02
-9.306666666666667254e-02
-9.310000000000000220e-02
-9.302222222222221448e-02
-9.320000000000000506e-02
-9.314444444444443250e-02
-9.293333333333334001e-02
-9.316666666666667540e-02
-9.308888888888888768e-02
-9.314444444444444637e-02
-9.322222222222223409e-02
-9.294444444444444065e-02
-9.313333333333333186e-02
-9.311111111111110283e-02
-9.318888888888889055e-02
-9.314444444444446025e-02
-9.316666666666666152e-02
-9.311111111111110283e-02
-9.302222222222222836e-02
-9.311111111111110283e-02
-9.312222222222221735e-02
-9.322222222222222021e-02
-9.300000000000001321e-02
-9.307777777777777317e-02
-9.308888888888888768e-02
-9.314444444444443250e-02
-9.311111111111111671e-02
-9.324444444444446312e-02
-9.321111111111113345e-02
-9.297777777777777031e-02
-9.287777777777776744e-02
-9.318888888888890443e-02
-9.312222222222223122e-02
-9.308888888888888768e-02
-9.308888888888888768e-02
-9.297777777777778418e-02
-9.306666666666667254e-02
-9.306666666666667254e-02
-9.311111111111110283e-02
-9.295555555555555516e-02
-9.301111111111111385e-02
-9.306666666666667254e-02
-9.310000000000001608e-02
-9.310000000000000220e-02
-9.317777777777777604e-02
-9.327777777777779278e-02
-9.317777777777778991e-02
-9.303333333333332900e-02
-9.310000000000000220e-02
-9.310000000000000220e-02
-9.317777777777776216e-02
-9.294444444444444065e-02
-9.302222222222221448e-02
-9.311111111111110283e-02
-9.307777777777777317e-02
-9.321111111111110570e-02
-9.311111111111110283e-02
-9.317777777777778991e-02
-9.302222222222222836e-02
-9.297777777777778418e-02
-9.316666666666667540e-02
-9.312222222222221735e-02
-9.320000000000000506e-02
-9.297777777777777031e-02
-9.307777777777777317e-02
-9.305555555555555802e-02
-9.317777777777777604e-02
-9.321111111111111958e-02
-9.322222222222223409e-02
-9.299999999999999933e-02
-9.298888888888889870e-02
-9.306666666666667254e-02
-9.307777777777775929e-02
-9.316666666666667540e-02
-9.318888888888890443e-02
-9.308888888888888768e-02
-9.330000000000000793e-02
-9.298888888888888482e-02
-9.311111111111110283e-02
-9.318888888888887667e-02
-9.338888888888889628e-02
-9.303333333333334287e-02
-9.302222222222222836e-02
-9.312222222222221735e-02
-9.316666666666667540e-02
-9.302222222222222836e-02
-9.324444444444443536e-02
-9.320000000000000506e-02
-9.293333333333334001e-02
-9.299999999999999933e-02
-9.315555555555557476e-02
-9.322222222222223409e-02
-9.327777777777779278e-02
-9.303333333333334287e-02
-9.316666666666667540e-02
-9.320000000000000506e-02
-9.302222222222222836e-02
-9.326666666666666439e-02
-9.292222222222222550e-02
-9.298888888888888482e-02
-9.314444444444446025e-02
-9.303333333333334287e-02
-9.304444444444444351e-02
-9.310000000000000220e-02
-9.330000000000000793e-02
-9.303333333333334287e-02
-9.311111111111110283e-02
-9.324444444444444924e-02
-9.327777777777779278e-02
-9.293333333333332613e-02
-9.305555555555555802e-02
-9.306666666666667254e-02
-9.317777777777777604e-02
-9.318888888888889055e-02
-9.317777777777777604e-02
-9.317777777777776216e-02
-9.291111111111111098e-02
-9.296666666666668355e-02
-9.308888888888888768e-02
-9.323333333333334860e-02
-9.316666666666667540e-02
-9.302222222222221448e-02
-9.307777777777777317e-02
-9.314444444444446025e-02
-9.313333333333333186e-02
-9.320000000000000506e-02
-9.289999999999998259e-02
-9.299999999999999933e-02
-9.303333333333334287e-02
-9.307777777777777317e-02
-9.307777777777777317e-02
-9.312222222222221735e-02
-9.283333333333332327e-02
-9.311111111111110283e-02
-9.291111111111109711e-02
-9.314444444444443250e-02
-9.310000000000000220e-02
-9.290000000000001035e-02
-9.308888888888888768e-02
-9.284444444444443778e-02
-9.306666666666667254e-02
-9.306666666666665866e-02
-9.298888888888889870e-02
-9.306666666666667254e-02
-9.322222222222224797e-02
-9.312222222222221735e-02
-9.306666666666667254e-02
-9.305555555555555802e-02
-9.322222222222223409e-02
-9.323333333333333472e-02
-9.302222222222221448e-02
-9.317777777777776216e-02
-9.311111111111110283e-02
-9.320000000000001894e-02
-9.317777777777776216e-02
-9.316666666666667540e-02
-9.301111111111111385e-02
-9.296666666666668355e-02
-9.313333333333334574e-02
-9.303333333333332900e-02
-9.307777777777777317e-02
-9.329999999999999405e-02
-9.305555555555555802e-02
-9.303333333333334287e-02
-9.307777777777777317e-02
-9.308888888888888768e-02
-9.318888888888889055e-02
-9.307777777777777317e-02
-9.301111111111111385e-02
-9.305555555555555802e-02
-9.300000000000001321e-02
-9.310000000000000220e-02
-9.321111111111111958e-02
-9.316666666666667540e-02
-9.298888888888889870e-02
-9.320000000000000506e-02
-9.300000000000001321e-02
-9.313333333333333186e-02
-9.320000000000000506e-02
-9.321111111111110570e-02
-9.302222222222222836e-02
-9.312222222222224510e-02
-9.313333333333333186e-02
-9.316666666666667540e-02
-9.318888888888887667e-02
-9.315555555555556089e-02
-9.308888888888888768e-02
-9.295555555555555516e-02
-9.318888888888889055e-02
-9.315555555555556089e-02
-9.316666666666667540e-02
-9.306666666666667254e-02
-9.300000000000001321e-02
-9.304444444444444351e-02
-9.321111111111110570e-02
-9.315555555555554701e-02
-9.316666666666666152e-02
-9.310000000000000220e-02
-9.302222222222222836e-02
-9.313333333333333186e-02
-9.303333333333334287e-02
-9.305555555555555802e-02
-9.315555555555554701e-02
-9.304444444444444351e-02
-9.310000000000000220e-02
-9.312222222222221735e-02
-9.306666666666667254e-02
-9.320000000000001894e-02
-9.326666666666667826e-02
-9.314444444444443250e-02
-9.311111111111110283e-02
-9.312222222222221735e-02
-9.287777777777776744e-02
-9.316666666666667540e-02
-9.300000000000001321e-02
-9.305555555555555802e-02
-9.323333333333333472e-02
-9.308888888888888768e-02
-9.308888888888888768e-02
-9.323333333333333472e-02
-9.303333333333334287e-02
-9.289999999999998259e-02
-9.306666666666667254e-02
-9.307777777777777317e-02
-9.322222222222224797e-02
-9.305555555555554414e-02
-9.301111111111111385e-02
-9.302222222222222836e-02
-9.313333333333333186e-02
-9.315555555555554701e-02
-9.323333333333334860e-02
-9.322222222222223409e-02
-9.297777777777778418e-02
-9.302222222222222836e-02
-9.299999999999999933e-02
-9.314444444444443250e-02
-9.321111111111110570e-02
-9.304444444444444351e-02
-9.304444444444444351e-02
-9.302222222222222836e-02
-9.321111111111110570e-02
-9.316666666666667540e-02
-9.318888888888890443e-02
-9.292222222222221162e-02
-9.303333333333334287e-02
-9.314444444444444637e-02
-9.322222222222223409e-02
-9.310000000000000220e-02
-9.321111111111111958e-02
-9.295555555555554128e-02
-9.302222222222221448e-02
-9.301111111111109997e-02
-9.323333333333333472e-02
-9.291111111111111098e-02
-9.294444444444444065e-02
-9.305555555555555802e-02
-9.310000000000000220e-02
-9.312222222222221735e-02
-9.304444444444444351e-02
-9.326666666666666439e-02
-9.318888888888889055e-02
-9.302222222222222836e-02
-9.303333333333332900e-02
-9.312222222222221735e-02
-9.317777777777777604e-02
-9.322222222222223409e-02
-9.317777777777777604e-02
-9.300000000000001321e-02
-9.318888888888890443e-02
-9.315555555555554701e-02
-9.298888888888889870e-02
-9.323333333333333472e-02
-9.323333333333334860e-02
-9.308888888888891544e-02
-9.317777777777777604e-02
-9.298888888888889870e-02
-9.310000000000000220e-02
-9.324444444444444924e-02
