-1.897623178685978518e+00
4.035061091544812038e-03
1.403790899106028590e-03
2.003490675171667235e+00
-1.255373998040934858e+00
2.643085752014906475e+00
1.451221846339127541e+00
1.658561201673954821e+00
-1.210426336210593673e-01
9.894079786649064845e-01
7.589572722548881822e-01
-1.180084245927474740e+00
-4.786587292930750692e+00
7.695302313764100788e-01
1.496182791658809519e+00
4.369591422578264606e+00
1.619271539004131233e+00
2.578275082839647236e+00
2.624741360072925023e+00
-2.804360020676778031e+00
3.396917946941263811e+00
4.593810864831407770e+00
-7.956003187079572214e-01
-3.366844326161007928e+00
-4.247230527474078698e+00
6.709424023852174734e+00
6.498165909471149693e-01
4.174736722270514733e+00
4.381445818452204044e+00
-4.684178117797920926e+00
-1.386316150955472892e+00
-9.144345768328606683e-01
3.048171104581058888e+00
-8.627049999330972385e-01
-6.765712965385518807e+00
2.454285799265482293e+00
1.521716062876262265e+00
1.713714192652515900e+00
7.697165638093195206e-01
-1.547138738775888922e-01
1.293815496470382520e+00
-4.269542060147396789e+00
-1.315916005983528869e+00
-2.206906298826963653e+00
7.454987742137823004e-01
1.169427399735661011e+00
-9.012476887104581280e-01
2.961556110809786535e-01
2.084876095011536090e-01
-8.596051904956845957e-02
2.575853225250666512e+00
3.823354737788535185e-01
-1.396008787527063477e+00
-4.200774915213770555e+00
8.769451936598138264e-01
2.232743942899834799e+00
-6.666203097310701153e-01
4.379925717345256042e-01
-1.627595213217333692e+00
2.303204415642734759e-01
1.739207100419349061e-01
6.329286452035479682e-01
-1.146766756226594575e-01
2.571597117564719537e-01
-1.184456655488993260e+00
2.908715496829933911e-01
1.326892635924948438e+00
1.959107508285124366e+00
1.119404133526275436e+00
1.119229085992263117e+00
-1.750545476607853201e+00
-4.886114514436681877e-01
6.866469581079220896e-02
2.559625618229820265e+00
3.650397160584508138e-01
-4.200710608081457687e-01
5.702035127214725163e-01
5.402237492504626815e-01
3.080428466179138791e+00
-8.539368426294091652e-01
-5.038260537051911792e-01
-1.263712977524135805e+00
8.282851202000750257e-02
-7.951931280522440693e-01
5.869904762668817777e-02
2.943796794362074642e-01
6.677326329595121290e-01
-1.222112275920690383e+00
1.712844654885408602e+00
-1.661544558373691638e+00
2.778811612892401750e-01
-1.489408836881004783e+00
-6.433608210767806090e-01
-1.392499507540185588e+00
-2.164415299173921614e+00
6.851337920188793618e-01
-6.079322084315037095e-02
1.522669326555168512e+00
-1.780466015071628938e-01
-2.033886635841460677e+00
-3.262460669591497053e-01
4.585793168453010660e-01
-1.380461313540261026e+00
5.336698221482139709e-02
-2.642038518819600501e+00
4.482804402841736313e-01
-3.735380941190911963e-02
2.431290151113854492e+00
2.644841069791544208e-01
6.932410407985923895e-01
-1.122057560298135581e-01
-7.337748888799442426e-01
3.260677449142653228e-01
1.857060455076406491e+00
-4.868501852530371724e-03
-2.045059128345147192e-01
-1.952578950767235588e-01
8.368729387294923106e-01
2.677527882606387966e+00
1.132176680286626880e+00
-1.275480098959696218e-01
-7.211682625459329143e-01
4.814772519540686524e-01
-4.579573055987500863e-01
5.445393098346192895e-01
1.808754000625201197e-01
5.335522598271149608e-01
-2.188870274661692150e+00
3.869973148070338098e-01
-2.213398316203356309e-01
3.361057168159111708e-01
-9.737477183682354820e-01
-8.091703794309590414e-01
-1.393022893888719860e-01
-2.296039096583992190e-01
-1.276743727408693463e+00
1.429762488144947996e+00
-6.546423443346108817e-01
8.246383104489645177e-01
-6.203614750793463584e-01
-1.856316432708826181e+00
1.392911089320837625e+00
-8.614335772519328138e-01
1.996675740833125046e+00
-1.430493754424351005e+00
8.829028790647998337e-02
1.549031109096127116e-02
4.738479976154633122e-01
3.703568026807797064e+00
-6.263106704410424941e-01
-9.333189657926669325e-01
-5.647680633744819545e+00
-9.675485358888105125e+00
8.135528361210345949e+00
-2.051559908827144785e+00
-9.258951424906660677e-01
-5.381919852673111571e-01
-2.046539147962914029e+00
9.949227861279339891e+00
1.453746282848168869e+00
5.772236924740902220e-01
-6.603541996429661332e+00
-4.656894764966552636e+00
8.868228857641792473e+00
-6.711405764092591042e+00
8.063041404946635904e-01
-6.902606653820824167e-01
-1.461856677985450936e+00
2.431032679572775468e+00
-1.439864030717337984e-01
1.428695277693020904e-01
-8.942401054010508110e-01
-1.608526376096409694e+00
-9.573245015431395277e-01
-1.175997344175196080e+00
8.991408532860460934e-01
-1.207648980009634609e+00
2.797995002138079501e-01
6.209160368929086404e-01
4.325269485040674211e-01
1.352539211988176504e+00
2.198507363254733338e-01
4.482056039214676185e-02
1.004212377996757555e+00
-3.901394215614375494e-01
2.756403321370902784e-02
3.092291824377134679e-01
1.520460509544025340e+00
1.009523431312124853e+00
-1.866105779505247975e-01
3.214998001566672370e-01
2.129465754564133784e-01
5.545206481962043910e-01
4.359653692782219925e-01
6.787469635635929865e-01
-6.924414917371995992e-01
-5.183448239297664406e-01
-1.484962732801725860e+00
1.721672517963154236e+00
2.465200861408583799e-01
2.011330313869469366e-02
-1.227054433936252797e+00
-6.003988363953508545e-01
3.845104760373661557e-01
5.372331671664933861e-01
-4.443847827966478925e-01
-2.438416479213723065e-01
-1.870172405320001952e+00
-5.618547957935438042e-01
-4.624530320921578230e-01
-1.167030743828558897e-01
7.731909221943061850e-01
-1.849507903644805662e+00
9.970846132077013091e-02
-1.229973337944709089e+00
1.482256018455087476e+00
3.391153237846020740e-01
-1.017015532024477809e+00
-5.379421969806894577e-01
-5.601549446872480242e-01
-2.827285628274617268e-01
1.494091353336883810e+00
-1.107653234649902396e+00
1.276675516776768937e+00
-1.378291648841468153e-01
1.146802561148022370e+00
5.797236121193249936e-01
3.726554713197722801e-01
1.693174587309418833e+00
-2.773025342778458469e-01
4.159723981807581517e-01
4.798803972440063847e-01
3.510439079088096270e-01
8.582063153351524587e-01
3.953285158192511584e-01
9.835041920819108663e-01
-2.574256004714211010e-01
-1.284126102895991828e+00
2.051156324139611797e+00
3.678868375245188949e-01
6.776164874044124931e-01
-1.768142084807986070e+00
-4.026790508635287313e-01
1.489872579754706328e-01
2.944723226320987708e-01
-1.873609047525159610e-01
-1.634828401780892504e+00
-1.642355198247684056e+00
-2.030611998118487735e-02
-6.606270365762962893e-01
9.093875354042834092e-01
3.239949119091145580e-01
-7.333598114419656033e-01
-5.227717863214910166e-01
-2.535183867697700100e-01
-4.851327908836212122e-01
1.151273647088462693e-01
1.720871745432295818e-01
-1.339482991366934383e+00
-1.538162885445079953e+00
-1.445452342939509860e+00
2.578597530018260642e+00
1.897622164586280524e+00
2.235683324667395722e-01
-1.100090856855250099e+00
-8.458436389778287712e-01
1.794527293740055596e+00
-6.082411777190789293e-01
1.256566154526395640e-01
-4.116903177844742912e-01
-1.040954694010358228e+00
1.168939311971495920e+00
9.493023434532307236e-01
3.450592027229113512e+00
3.313375995003155494e-01
1.375920067332237207e-01
1.226597098235932659e+00
-1.410716810292037104e+00
-1.398375250545364767e-01
-2.023937559803186570e+00
6.906718599697377892e-01
2.801430845593006147e+00
-4.618011267191207914e+00
-3.534970154369552753e-01
2.079396492111152295e+00
3.925210741813329740e+00
7.021786146199503476e-01
-3.482943089869940057e+00
1.818911944886385967e+00
-5.016670488370116310e+00
-1.533281774717094148e+00
3.651582724705558114e+00
-1.699051883593876600e+00
-2.851174350687529113e+00
-2.245130638951137403e+00
6.684047353014286319e-01
2.657419267482322045e+00
-2.462968857612805262e+00
1.045439194394924165e+00
-3.164434655026515664e+00
-3.464219405384014183e-01
-1.372896962144655619e+00
6.782583409821166809e-01
2.043506389277350621e+00
-2.972009327213712915e+00
-8.121483616665816641e-01
-3.941067333879905710e-01
-1.092086224664039040e+00
-9.673449747905363827e-01
-2.270046188520172592e+00
6.437544969236540515e-01
-1.016261269392122690e+00
-1.727053989271387202e+00
5.426125896405448179e-01
-3.097403892212881260e+00
1.730278244609130267e+00
-1.804071640592121994e-01
1.892473172003946491e+00
1.710219824330474703e+00
1.046171790029402970e+00
5.883373284112471957e-01
-1.385540378179540150e-02
1.354763026229211409e+00
5.356407173893386053e-01
-4.154358854684951474e+00
-2.851113492176473030e-01
1.031664557493060963e+00
2.787632508611951110e+00
3.004437739447332056e+00
1.221708843858919424e+00
2.971097299016432380e+00
-3.850757887829241888e+00
1.759126920331867128e+00
3.457204555734326057e+00
1.229825618444094104e+00
-9.922241251015634367e-01
-4.376398262256133265e+00
4.692274081367878047e+00
2.457937291231398813e+00
2.187929679887578693e+00
5.229478945027930870e+00
-2.671345155496886559e+00
-2.530759397829246193e+00
-1.954580355544485615e+00
2.196891810920310384e+00
1.410510987521218507e+00
-5.039466185381905383e+00
1.751340745963413825e+00
1.856059772436672528e+00
8.718396603813803880e-01
1.212859252980511560e+00
-3.922226225490483414e-02
1.046991173430413813e+00
-2.646847807088796412e+00
-2.241736288006294320e+00
-2.165506870184828792e+00
-1.364176377343053748e-01
1.204807781232741570e+00
-8.569361334671893315e-02
-3.658140329691893233e-02
-7.880489820925150324e-02
-1.001343807464453173e+00
1.795180822100968632e+00
7.842054472594246484e-01
-8.583204395297822087e-01
-3.408011039824452748e+00
-7.909039003825678593e-01
1.546152139377310331e+00
2.684462649149068070e-01
7.531940164138477556e-01
-1.003867579456539261e+00
-8.757083141604039616e-04
-3.618034235699276596e-02
3.952158505381309639e-01
-2.349486973787102972e-02
7.592964654618251652e-01
-7.698705780986980773e-01
-1.571836094266143291e-01
9.143528023756664069e-01
9.670710741384588305e-01
1.665862585226872916e+00
1.372525435879998534e+00
-8.016549273282400634e-01
-4.453763019656764577e-01
-2.983901340585137785e-01
1.869600349759128921e+00
1.123646938027486053e+00
-2.044412013057470834e-01
3.494850359859902333e-01
-5.271315526493548509e-01
2.408833417194010451e+00
-4.140531985380860869e-01
-3.477356647169725368e-01
-1.008069567552100088e+00
-2.391767517174789026e-01
-5.972190117340148152e-01
-2.813635800004237186e-01
8.577093538578056675e-02
6.578085769505701563e-01
-1.299116593540845965e+00
7.951044257730022213e-01
-1.326017156429925237e+00
-1.949948145708156610e-01
-9.668166420617728685e-01
-8.088777741919868092e-01
-4.189989923026805063e-01
-2.096768880554034098e+00
4.206566558510115850e-01
9.539354663305157911e-02
1.193637485868098480e+00
2.998118934395314072e-01
-1.439733318620713298e+00
-9.040105244689334851e-01
6.930251297876561800e-01
-7.985911295101216778e-01
8.874404447364258042e-01
-1.917984669317680746e+00
3.009688821388280533e-01
-2.739648445895634735e-02
1.604384891467134810e+00
8.827207548984675745e-01
5.836498539166165012e-01
8.924522923735497826e-02
-5.876340307893049841e-01
-8.880482895535440901e-02
1.372258772838625962e+00
6.669826802653614495e-01
1.465109334596489954e-02
-2.233619341947999659e-01
-2.119857695901533612e-01
2.095254000647708725e+00
8.263113105226546073e-01
3.852415468183615910e-01
-5.524104017205525574e-01
1.071289063641924777e-01
-4.429094901499301962e-01
3.048735556717975803e-01
2.903695197842254619e-02
5.256169141423203683e-01
-1.588555150694430651e+00
-3.550046830494349992e-01
-2.827917772387294471e-01
1.589264066417988286e-01
-5.124475096209631930e-01
-7.514131121220782861e-01
1.220063568767930234e-01
-2.750643717972770519e-01
-1.431015340472916231e+00
6.263723420225731919e-01
-7.862853583472927399e-01
5.213754604658418224e-01
3.082135420802033926e-02
-1.516490464137946859e+00
9.893609542986389060e-01
-2.772910827814998869e-01
1.916783101663832811e+00
-3.664262341477056428e-01
1.358265953685334759e-01
-1.601673428870137306e-01
-8.301445463950544168e-01
2.822250807674469009e+00
-2.314399568688367270e-01
-6.552261100005570826e-01
-1.023115474166787608e+00
-7.286714495315957940e+00
5.513611758246748096e+00
6.645650631573344347e-01
9.256231630176948999e-02
-7.204687131524999399e-01
-3.712123822385861249e+00
5.320411842535749614e+00
7.995893525419087711e-01
1.203173302427688052e+00
-2.758523282711097924e+00
-4.110730541211751188e+00
6.988610535115010514e+00
-1.753905572534009361e+00
5.139227567223345616e-01
-2.280605782983534668e-01
-1.002956261743697564e+00
7.101967496920661427e-01
-1.305889573244549129e-01
7.185511023521110041e-02
-3.925503753324356693e-02
-7.780484121393548280e-01
-2.467358245010896900e-01
-7.442751263007374440e-01
5.344625539349993071e-01
-3.908744946299458900e-01
7.152382122941366993e-02
2.359649729457665435e-01
-6.497261747722661573e-02
5.999918167526304691e-01
7.079581236462524629e-02
1.325105039869895751e-01
5.279611259435250670e-01
-1.478689151690361532e-02
-5.079344275806761677e-02
1.315089701110111198e-01
4.608207766029220886e-01
7.279204422618164028e-01
-9.493135050196273295e-02
1.212994087531472226e-01
-1.013528242080896993e-02
2.925736000910237333e-01
6.172372611454103597e-02
4.156756837498281620e-01
-1.479205878105533944e-01
-3.474818415946434591e-01
-9.579775543416392258e-01
4.664019918908252627e-01
9.317370177366161854e-02
1.024652120489200902e-01
-3.634044095562301013e-01
-4.435690963876844917e-01
3.266727667013202829e-02
3.060669911349970240e-01
-1.315817417616990392e-01
-1.663113743322111593e-01
-6.759760629090931783e-01
-5.618261632321734922e-01
-2.466367091969845216e-01
-1.470513145219543294e-01
6.337786075374903794e-01
-5.945347293704220659e-01
2.815355714447589919e-01
-5.355343962852707751e-01
5.437379661715036061e-01
3.524442677321762418e-01
-3.171703954179701523e-01
-3.695965883209566538e-01
-1.929447753390067244e-01
-2.446430582532929388e-01
7.348379807004215003e-01
-2.173613254329734013e-01
5.706818986403583427e-01
1.147994561864363050e-01
4.145824748683403782e-01
3.896390667683781173e-01
-1.515731419376521727e-01
7.937751296183301886e-01
-1.295180230653724673e-01
1.726108617405761325e-01
9.201396057940577911e-02
2.479419522918844265e-01
2.574950886446029652e-01
3.051000754524960112e-01
5.604563521890917333e-01
3.846784371668060531e-02
-8.810690432588974552e-01
6.370374950454147367e-01
1.133831131804050457e-01
4.440193601426083991e-01
-6.057667713413209531e-01
-3.625099553779773665e-01
-8.365348064253327887e-02
1.645329287316511513e-01
2.398609947486357308e-01
-7.115579783631674760e-01
-6.110056957596351479e-01
-3.629751625056201192e-01
-4.364249595495485190e-01
2.465474385401583701e-01
2.796006310983860099e-01
-1.174588674585634457e-01
-1.992398641912802304e-01
-1.969216636958046052e-01
-3.472869102420543252e-01
-6.772760823691707788e-02
3.076208483865985333e-01
-5.267301338014876988e-01
-3.753915219748781285e-01
-1.032915682896169862e+00
6.780707316474742230e-01
1.199405457985598167e+00
3.173455892797957256e-01
-4.101685237647400561e-01
-7.077980611175619385e-01
5.440041980682804867e-01
-4.112199601378223601e-01
-8.983241109611007913e-02
5.884807356305254977e-02
-4.944444772474554384e-01
3.064222093227459975e-01
4.702223513248509623e-01
1.373257928890671220e+00
7.100018694352409065e-01
-4.655726323999258981e-02
7.180011066342461001e-01
-4.915102599541042450e-01
-3.577936526832259378e-01
-9.836984828771591083e-01
9.344893116345312500e-02
2.046179029347639400e+00
-1.387900864561371961e+00
-4.937304078732863699e-01
6.438483305950083446e-01
1.521039895753911519e+00
1.131195793139021522e+00
-1.455034535662779627e+00
3.055109445614702657e-01
-1.823973352162393535e+00
-1.519255154200166880e+00
1.758931916966204989e+00
7.638340519236791470e-02
-6.670902763095412080e-01
-1.508142529420428479e+00
-1.712372279042834455e-01
9.550309991353230776e-01
-1.174426197867968424e+00
-9.159356163323263342e-03
-1.042101303587436689e+00
-6.535277980112520479e-01
-7.704163769622559554e-01
-1.064611724937784831e-01
1.289281157671977596e+00
-9.060207068964228894e-01
-7.742018630238059473e-02
-4.859483734684880707e-01
-1.058436861198658180e-01
-7.811543086458015983e-01
-1.144407496382893852e+00
5.725457065715217064e-02
-4.591063767333934675e-02
-1.016686218695691757e+00
6.475618363418003121e-01
-1.501846415769936716e+00
7.097942974046340670e-01
2.299207952396044308e-01
7.422244672173636815e-01
1.120161414181638060e+00
2.728984311811545327e-01
4.503017247915124255e-01
-5.676829306963891986e-01
6.456215470022871328e-01
1.008884460182610798e+00
-1.811133045675679565e+00
-3.950907314713838492e-01
1.296027263500254267e-01
5.729544043901272365e-01
1.979594741332336261e+00
5.552715107075794146e-03
1.670924165244650039e+00
-2.312200078775513479e+00
-6.163010294325207278e-02
1.068780183196834210e+00
1.300648327671932725e+00
4.237745626172177982e-01
-2.114442331759211591e+00
1.577918145800551564e+00
1.827395828413140189e+00
2.258727975902524721e-02
3.048324078442150586e+00
-5.315931558184922023e-01
-1.543399805010900572e+00
-1.434077327600516094e+00
6.665614962009253075e-01
1.383781757131066659e+00
-1.861086655291839920e+00
5.843452018517204527e-01
1.234834297906432399e+00
5.176616107732924521e-02
6.731810950715694242e-01
-4.348798837611959900e-02
5.891390931911717477e-01
-6.831918978359042827e-01
-1.372508654741886769e+00
-1.024093080735519967e+00
-5.277620561060371029e-01
5.006167280394082653e-01
3.153824172284182548e-01
-1.856397487842126673e-02
-2.260833263828325723e-01
-8.029436125231059762e-01
5.296202927167326102e-01
5.173723005208975545e-01
-1.933506381863493440e-01
-1.301891537364732621e+00
-1.013553495881630795e+00
4.954765839252053272e-01
3.677074270664890676e-01
4.508833803857453248e-01
-2.825478567513359240e-01
9.108001738402676795e-03
-1.259149798389437303e-01
1.483373914379959302e-01
-4.132117143304431250e-02
5.209877132957563273e-01
-1.425083276356467477e-01
-1.593314673788052971e-01
2.918726392139903147e-01
1.138005471338723699e-02
9.595424350446992712e-01
6.988036390274809939e-01
-2.358298140252948136e-02
-1.329571976061299787e-01
-3.063908763966122772e-01
5.937453364532212507e-01
8.579656096756965722e-01
-3.886467815616573285e-02
1.859229256433340693e-01
-6.433331482082854658e-01
9.199909414246481010e-01
-1.381782679850165896e-01
-9.177600931551402330e-02
-4.513641394318308464e-01
-2.345245057199672745e-01
-1.943061413883378774e-01
-2.457897849785519728e-01
-7.954466397845520731e-02
3.384757102735441170e-01
-6.175864389681747779e-01
9.360276211316044537e-02
-5.495029201240676509e-01
-2.654635292209452935e-01
-3.286029398001769075e-01
-4.838804511849893464e-01
1.932571093322259792e-01
-9.936811528041088470e-01
1.348397488691273904e-01
5.884316574035747260e-02
4.721102206619507413e-01
3.238550703958539279e-01
-4.635598650099118645e-01
-6.661223193474501425e-01
4.019581811955492689e-01
-2.080249246284284759e-01
7.324747720067024126e-01
-6.491460670558716339e-01
1.606292317315784757e-01
-1.101366262961182493e-02
4.959216890984805004e-01
6.077214250775740956e-01
2.582131716704672564e-01
1.232257721856101218e-01
-1.924906356586940093e-01
-1.813690029832603356e-01
4.489161861439123768e-01
5.632581932018293491e-01
9.087120738774517870e-02
-7.303877344100626057e-02
-4.296592989078578118e-01
8.035809184264796068e-01
2.279501013995883507e-01
3.619252421379728912e-01
-2.165645538790556823e-01
-4.247589023315460899e-02
-2.339946126207303467e-01
9.386392096178855504e-02
-7.179689856071441723e-02
2.644605678648999092e-01
-5.607737224897336725e-01
-3.752914410077911045e-01
-1.513430308850306771e-01
1.716237947609557113e-02
-1.450430321912744291e-01
-3.595876504055398604e-01
1.630170844152259158e-01
-8.629879155232889065e-02
-7.314270405655212137e-01
-2.567311159935192419e-02
-4.528478665962491490e-01
1.089156430871975195e-01
2.528932124240355073e-01
-6.051326322486356712e-01
3.508746204089882581e-01
-3.373803330576360254e-02
8.515111128805284979e-01
2.105128261580506976e-01
1.608764597322637768e-01
-1.224901518700377834e-01
-8.445877335843056111e-01
1.006665243490954431e+00
-2.639135723219859439e-02
-2.275379348774562716e-01
7.111299157902973844e-01
-2.833083310777024355e+00
1.925375069529879912e+00
1.015752157051748039e+00
3.459110991727110673e-01
-2.358177071673143999e-01
-2.086907510792209930e+00
1.287247491521558374e+00
7.434481896847396076e-02
7.268966111321105705e-01
-4.049972338422018758e-01
-1.737772607127615387e+00
2.791533583454359757e+00
4.610169709051979980e-01
1.306552389245457246e-01
-1.382310940168440805e-02
-2.348570039682084110e-01
5.001966237800383602e-02
-3.708673589433050116e-02
5.258139440952150009e-03
6.067547463574948091e-02
-1.328084486683444587e-01
1.040010926827469179e-02
-1.796527941444251708e-01
1.241998783070280693e-01
-4.299203150312280730e-02
1.211615405254949304e-02
3.944176019790565646e-02
-5.854522153370059906e-02
9.996764390171360148e-02
-6.574789084337910941e-03
4.245216617489009497e-02
1.119208158555747429e-01
3.688246988839817553e-02
-2.044344460607653430e-02
2.048108632600065260e-02
2.500034146618596714e-02
1.820643044229816598e-01
-2.251947768402931191e-02
2.026290575903766031e-02
-3.293622279005085918e-02
5.922034742978527638e-02
-2.709945936735235275e-02
9.210598955805041066e-02
9.942592189290106255e-03
-7.578774071427427095e-02
-2.269848893682349933e-01
1.277111706465865887e-02
5.033879384589230038e-03
3.651916169567213932e-02
-3.320981020679197870e-02
-1.016454255360987602e-01
-2.536288124436667998e-02
5.816739165369623488e-02
-5.504853290182087217e-03
-4.046967835661900020e-02
-8.001036575270915885e-02
-1.539820274716350024e-01
-4.594991844370097805e-02
-5.647038898043627714e-02
1.582897598386127092e-01
-5.241292019343968267e-02
1.027635522571186538e-01
-8.353476380944312163e-02
8.020348545384217709e-02
9.618887585072014024e-02
-2.951537268878080128e-02
-8.354095836312447343e-02
-1.016601144802707635e-02
-6.512251056868657850e-02
1.403282667688369179e-01
8.990099367060112867e-03
1.016754373623265095e-01
5.658783334092136463e-02
5.961664198670230813e-02
9.846370551745753374e-02
-9.500893490392220420e-02
1.378769750286354401e-01
-2.929590160351723885e-02
3.815385229254474042e-02
-1.283642157499260972e-02
5.318558947111818452e-02
1.225870756596866840e-02
7.283674125329496485e-02
1.211955572643676898e-01
5.275485752755645907e-02
-2.170358095712358604e-01
5.090193789086764481e-02
-4.975416053342367716e-03
1.167332199147871480e-01
-8.387577904758850011e-02
-8.178885237011358778e-02
-5.083122551209196677e-02
2.060458110600517367e-02
1.063427583031479190e-01
-1.138836014051130829e-01
-7.296016290228891921e-02
-1.247430474789512217e-01
-9.117328403835375794e-02
7.063441350285195111e-03
4.981839117957688468e-02
3.176872711141605354e-02
-2.478098369656931560e-02
-5.177201374676049933e-02
-8.191178757704034585e-02
-5.608301545754226097e-02
9.828665435608467671e-02
-7.077370199316747323e-02
3.330749987553286579e-02
-2.536483374095799270e-01
2.626338357355039246e-02
2.679148475104876637e-01
1.005760121592357142e-01
-4.947841500539750664e-02
-1.842560534723634291e-01
3.262678717413318441e-02
-9.188746303666397997e-02
-6.547945243653709169e-02
5.706788489457735591e-02
-8.730687851948923384e-02
3.002590543370288814e-02
9.206825096223111848e-02
2.077894964070270967e-01
2.353946762453287822e-01
-6.494824382480282599e-02
1.732488062997948053e-01
-4.397298806971849244e-02
-1.079632382340411090e-01
-2.139841378542221284e-01
-4.041876197329334619e-02
5.088578460183679208e-01
-8.277149865572915044e-02
-1.305220340253391842e-01
5.451876563215660859e-02
1.854859570559030946e-01
3.680034268321525359e-01
-2.603869596654839191e-01
1.193606860960814194e-03
-2.259102486578073998e-01
-4.375012704471819003e-01
3.094327123376836575e-01
1.838615785330459940e-01
2.586575978283765093e-02
-3.467167259344265950e-01
-8.408654511100807638e-02
1.343838624033760754e-01
-2.165972120583984084e-01
-1.041594394635178000e-01
-1.137313916778275730e-01
-1.723253902500883894e-01
-1.361004722961118851e-01
-1.152969141768808714e-01
3.159838426976079861e-01
-8.011476688956491177e-02
6.601369186497718644e-02
-9.776245632497093663e-02
1.223006719771730644e-01
-1.795303322236394272e-01
-2.610924814112633441e-01
-4.077042693545923635e-02
1.049259242982206464e-01
-2.240255745134973331e-01
2.512828783113062459e-01
-2.919445112022519551e-01
1.093910448831428156e-01
8.919427736627603964e-02
1.072424007529951817e-01
3.196115046456697861e-01
1.161112387109982345e-02
1.159557075093926304e-01
-2.180107687071174138e-01
6.012255265696619944e-02
3.593500460340973701e-01
-2.861084796967696686e-01
-7.675567868052395049e-02
-7.445994574387186649e-02
-8.254081614049693649e-02
4.566448726839655303e-01
-1.507674678999162410e-01
3.674845540862884397e-01
-4.982498969945427514e-01
-2.597318062436782538e-01
3.775009635694423493e-02
3.545252866138952630e-01
2.527156429153945005e-01
-3.932327313933776658e-01
1.710740980961221180e-01
4.695245301078346256e-01
-2.827446642687996281e-01
6.754281914739249659e-01
5.599594776694163945e-02
-3.378897118166899749e-01
-3.878953078251096698e-01
2.491227565159971971e-02
3.822596739864149717e-01
-2.769787896843284303e-01
2.379617669514461423e-02
3.374760814008785914e-01
-6.751090610004696624e-02
1.158082515691740144e-01
-3.844757160738016682e-02
1.513947633472209620e-01
-1.855430193991474894e-02
-3.001189368404517110e-01
-1.664035148941858111e-01
-2.148712984411026705e-01
4.592886163075456107e-02
1.312070035820701586e-01
3.111953806620002677e-02
-8.875484793118422477e-02
-2.111086559421872511e-01
2.070824152161121826e-02
1.248967926031430142e-01
1.353533096693418716e-02
-1.658442233797709775e-01
-3.113823373915509674e-01
4.536259160421769743e-02
1.023742644756830411e-01
9.957670560715010943e-02
-2.125195447550925695e-02
2.032886602887475080e-02
-4.561673366398908552e-02
3.915197543382033241e-02
-2.065016549577974522e-02
1.155193154133684758e-01
2.629837416838110009e-02
-3.096943643176878341e-02
3.862027491337668983e-02
-1.039692584070211478e-01
1.899446225925174314e-01
1.223268991680930284e-01
6.462034601109639675e-02
8.657045025766231527e-03
-9.169858791874942183e-02
3.707434692070995380e-02
2.213523664307739947e-01
-4.878966486366291197e-03
5.805154706408979792e-02
-1.959058189966743913e-01
1.209195553367958809e-01
-3.475940709845611737e-02
-5.703607655426741821e-03
-8.990318669124679196e-02
-8.082675620725987553e-02
-1.729979918515596807e-02
-6.387078721827309236e-02
-4.755913268851189729e-02
6.688525236946001040e-02
-1.102969449674359170e-01
-2.708992225570945947e-02
-9.465262767558577095e-02
-8.142065188709757262e-02
-4.096477543772783503e-02
-1.234303291925435836e-01
1.216897162310889013e-01
-1.769473359909819188e-01
2.224970078867955642e-02
7.246777991823909713e-03
7.153345238067690404e-02
1.009217365665569383e-01
-3.923876884336616189e-02
-1.703313769727753113e-01
8.743681247245660426e-02
-1.067460288891265881e-02
1.970676773288322914e-01
-6.201182486567507340e-02
4.422055428947530703e-02
6.293895601970818550e-03
4.801004089507927147e-02
1.452079381767892308e-01
4.707772789354983112e-02
4.213623109247990189e-02
-1.251769973349766384e-02
-5.610067851779827752e-02
3.686857136802380863e-02
1.491833973697335169e-01
2.913088666416679962e-02
7.745549007266481047e-04
-1.343826498927609969e-01
1.157160104568306508e-01
-2.619804269784525765e-03
9.382274122079826972e-02
-3.701292379429731161e-02
-2.494544096882124126e-02
-5.832786653981415076e-02
9.801682465225978330e-03
-3.523864806992665216e-02
4.873053477331867889e-02
-7.421586867223549377e-02
-9.891260859609792011e-02
-3.255293712571229181e-02
-5.380680502571968081e-03
-1.758369580127953219e-02
-7.761830641036714107e-02
4.495148266772731188e-02
3.856835658524184265e-03
-1.358892770974153008e-01
-7.642244709645602818e-02
-9.857996124761458923e-02
-1.278862885751613429e-02
8.908419390905258917e-02
-8.248598646433379089e-02
5.350764110441563054e-02
-6.616891873195153081e-03
1.364771732580349617e-01
1.117980295931908646e-01
6.310135147214117335e-02
-2.150831139392489141e-02
-2.332357675277921538e-01
1.166193141119405974e-01
8.532523371148300652e-04
-2.707726467033087434e-02
3.197533619865076671e-01
-4.379911053465463944e-01
2.576678476619062574e-01
2.945024527347605559e-01
1.059442514672302993e-01
-1.579970946719926614e-03
-4.202340457727629097e-01
5.712893568855563486e-02
-5.175330343910558573e-02
1.522445847684092413e-01
3.701322017733921915e-02
-2.888353245959793814e-01
4.369351864031487120e-01
2.854402857158278572e-01
