1.310243933529894877e-03
1.332412673096541877e-03
1.221248079329870229e-03
1.110083485563198580e-03
1.110030002907644309e-03
1.332198742474297037e-03
1.287700815374312469e-03
1.165425110496526306e-03
1.098702852174920919e-03
1.320864876102792462e-03
1.298589171225009165e-03
1.231869021902781691e-03
1.231815539247213542e-03
1.242873167702746029e-03
1.353930796158323013e-03
1.242766205065762297e-03
1.376046053069415742e-03
1.098214792636095782e-03
1.398161309980508471e-03
1.220330049547205253e-03
1.153609900224950024e-03
1.198000862013839929e-03
1.153502934913827604e-03
1.342338341147164549e-03
1.275618191824937075e-03
1.153342486947150913e-03
1.242177893180498871e-03
1.242124410524916844e-03
1.175404261202703249e-03
1.053128556324917087e-03
1.353075073669357531e-03
1.241908370903280212e-03
1.275181505942288296e-03
1.319572467731178200e-03
1.230630096186707823e-03
1.197243280197823889e-03
1.086078686431166118e-03
1.319358537108933360e-03
1.097082832231158211e-03
1.130362682908919725e-03
1.152531422475580603e-03
1.385811273153347845e-03
1.219091126505270073e-03
1.363482085619996398e-03
1.374539716749695328e-03
1.207819564753326302e-03
1.263321637653330720e-03
1.196601488331103247e-03
1.174325783453306071e-03
1.374272300797757529e-03
1.251996595919957489e-03
1.207498668819959042e-03
1.207445186164390893e-03
1.407391703508842351e-03
1.129558270194078173e-03
1.318386757257400399e-03
1.351666607935175790e-03
1.407168680835152452e-03
1.229337420401835357e-03
1.207061715524024303e-03
1.240341566201813572e-03
1.151399194657357072e-03
1.362456823112909166e-03
1.295736673790695570e-03
1.106794302246236206e-03
1.262296375146229610e-03
1.084465114712898637e-03
9.621894098351124747e-04
1.239913704957310014e-03
1.273193555635113161e-03
1.306473470492064415e-03
1.239753524403905405e-03
1.106366708415032485e-03
1.106313225759478214e-03
1.172926409770569389e-03
1.428428482670565658e-03
1.395041666681667847e-03
1.306097122255794885e-03
1.150481164874664342e-03
1.294872126663557110e-03
1.117040866230212259e-03
1.250320716908004393e-03
1.205822789808005946e-03
1.227991529374639068e-03
1.183493602274640621e-03
1.161217897396857324e-03
1.216719972970972674e-03
1.361110932085740632e-03
1.327724116096842821e-03
1.338781744552389186e-03
1.316506039674619766e-03
1.283119223685735832e-03
1.227510185474595117e-03
1.371901147263487886e-03
1.238514331274601088e-03
1.227349737507918426e-03
1.127296254852361290e-03
1.205020549974566979e-03
1.416078178430119072e-03
1.138246917996785235e-03
1.304860102007907030e-03
1.371471177019620291e-03
1.371410978725270957e-03
1.326913051625272510e-03
1.260192902303031159e-03
1.126806086314158240e-03
1.304530381436366793e-03
1.360032454336357333e-03
1.271090082791914710e-03
1.182147711247458211e-03
1.237649784147476506e-03
1.337596301491897344e-03
1.415320596614116910e-03
1.270822672188254288e-03
1.192991411754898423e-03
1.292937926425208328e-03
1.326217777102983719e-03
1.192830961114083044e-03
1.381666367347419988e-03
1.214946218025189650e-03
1.114892735369632515e-03
1.270394808269639797e-03
1.148119103391839757e-03
1.092510065180740675e-03
1.303565584636900976e-03
1.336838719675881304e-03
1.159007459242550331e-03
1.225620643253641506e-03
1.114456049486997613e-03
1.214402566831418451e-03
1.125460195286975829e-03
1.280962268186983111e-03
1.158686563309183071e-03
1.214188636209187488e-03
1.191912931331390313e-03
1.202970559786964433e-03
1.236250410464698191e-03
1.202863594475814257e-03
1.258365667375832553e-03
1.347201073609152755e-03
1.202703146509151444e-03
1.202649663853569417e-03
1.158151736753584848e-03
1.391431587431352090e-03
1.324711438109124617e-03
1.346880177675785495e-03
1.302382250575787048e-03
1.291215483036289857e-03
1.380043970990993407e-03
1.268879377224335636e-03
1.146603672346535596e-03
1.279883523024327729e-03
1.257607818146516676e-03
1.313109891046534972e-03
1.079723075057631432e-03
1.213002925735395809e-03
1.368504998635403092e-03
1.346229293757619794e-03
1.390620255546495820e-03
1.090566772890946834e-03
1.112735512457607712e-03
1.134904252024254712e-03
1.145961883153939764e-03
1.112575064490917143e-03
1.156966026279807047e-03
1.334690321402029478e-03
1.134636838746455600e-03
1.179027864714521368e-03
1.345641187780549641e-03
1.323365343847859865e-03
1.312198780433843082e-03
1.301027267497159579e-03
1.323196007063820456e-03
1.256475857741592983e-03
1.256422375086024834e-03
1.400813336874917603e-03
1.500759854219352318e-03
1.345150816008250372e-03
1.333986222241567710e-03
1.222821628474909939e-03
1.078323701374894750e-03
1.378270218719335194e-03
1.378216736063767045e-03
1.267052142297109274e-03
1.322554215197099814e-03
1.211389621430428165e-03
1.100225027663756516e-03
1.233504878341520894e-03
1.144562506797078272e-03
1.233397913030412352e-03
1.233344430374858081e-03
1.233290947719289932e-03
1.211015242841506634e-03
1.122072871297064012e-03
1.122017279642117948e-03
1.299734859125545317e-03
1.199681376469988181e-03
1.244072338258878085e-03
1.188463300047751248e-03
1.099520928503294748e-03
1.377245223625520043e-03
1.299413963192178056e-03
1.343804924981067961e-03
1.277084775658840488e-03
1.299253515225501365e-03
1.188088921458829716e-03
1.132479883247702879e-03
1.132426400592148608e-03
1.354595140158801336e-03
1.276763879725487105e-03
1.187821508181016728e-03
1.332212475318172995e-03
1.409936765092129063e-03
1.165438837992111010e-03
1.332052022003232805e-03
1.231998539347661792e-03
1.187500612247677223e-03
1.231889465037147580e-03
1.342940377853929501e-03
1.231775784087243975e-03
1.153944523653915866e-03
1.076113263220587757e-03
1.209393113898366012e-03
1.264895186798356552e-03
1.187063926365014566e-03
1.387010443709438268e-03
1.331401405498339185e-03
1.320236811731656523e-03
1.142405551298325550e-03
1.197907624198302212e-03
1.231187474876105359e-03
1.242245103331651723e-03
1.153302731787195223e-03
1.408804804687191492e-03
1.419862433142751734e-03
1.308697839376080085e-03
1.297533245609397423e-03
1.141924207398281599e-03
1.152981835853827963e-03
1.341817242087164908e-03
1.230650475439049041e-03
1.152812295835706213e-03
1.363869924291258307e-03
1.374927552746804671e-03
1.141540736757915009e-03
1.141487254102360738e-03
1.308100438113454778e-03
1.308046955457900506e-03
1.363549028357891046e-03
1.185717767924546195e-03
1.396775396380098289e-03
1.118944135946778329e-03
1.263335097735657220e-03
1.185503837302315233e-03
1.218783687980076746e-03
1.040952427546759651e-03
1.118676722668965340e-03
1.296401017791187771e-03
1.340791979580077675e-03
1.396294052480054337e-03
1.362907236491170404e-03
1.229520420502269729e-03
1.262800271180058997e-03
1.096078012858436868e-03
1.373795592341867100e-03
1.218186554130765153e-03
1.240355293697426031e-03
1.206968477708514342e-03
1.329137217275178084e-03
1.295750401286294151e-03
1.151252474186292840e-03
1.140087880419610178e-03
9.733677310973798402e-04
9.733142484418255691e-04
8.177052102307236225e-04
7.954295053529264470e-04
7.620426893640425137e-04
6.286558733751418382e-04
6.619357240529172293e-04
5.063266831676627167e-04
3.729398671787897968e-04
3.728863845232216478e-04
2.950551240898657834e-04
1.727794218862321873e-04
6.161482811954666072e-05
-8.288309898044077251e-05
-2.384942461909483891e-04
-3.496655555964151008e-04
-4.941634826964164118e-04
-4.275502986852974807e-04
-6.276037813408713584e-04
-5.498794862186656696e-04
-6.943774133186531028e-04
-8.166531181964392649e-04
-8.278177119631219272e-04
-6.500934168408994962e-04
-6.168135661631379829e-04
-7.057559377075667273e-04
-5.724761024803598497e-04
-7.947517919075774984e-04
-8.725830469926559863e-04
-5.504143127742777697e-04
-7.726900176520251629e-04
-5.949657252039552979e-04
-6.172414274075999074e-04
-6.061837989520674208e-04
-4.840150593853898009e-04
-6.951796531520504363e-04
-5.285664691409563964e-04
-5.063977295742816409e-04
-6.508977662679493736e-04
-6.954024084124682537e-04
-5.287892244013464582e-04
-3.288427070569366339e-04
-5.177850786013682427e-04
-4.067274501458190139e-04
-4.512253772458313383e-04
-3.735010821235978939e-04
-2.624434536680625429e-04
5.972528589860692794e-05
-1.403281967569669497e-04
-4.038167941251835646e-05
2.817870601541511144e-04
2.595113552763539388e-04
6.372356503985682208e-04
7.038488344096732741e-04
8.815731295319095828e-04
9.704085357652436628e-04
1.059243941998563865e-03
1.314746014898546256e-03
1.292470310020776836e-03
1.414639049587426700e-03
1.425696678042986942e-03
1.836752133617086669e-03
2.003358398458193745e-03
2.092193804691527825e-03
2.058806988702630014e-03
2.303197950491525647e-03
2.125366690058166919e-03
2.358646540735948038e-03
2.314148613635935714e-03
2.380761797647040767e-03
2.636263870547037036e-03
2.425099276780376401e-03
2.680601349680372669e-03
2.724992311469262574e-03
2.713827717702579911e-03
2.647107568380352438e-03
2.535942974613680789e-03
2.469222825291453316e-03
2.402502675969239720e-03
2.513560304424761194e-03
2.502395710658106287e-03
2.302342228002560165e-03
2.080066523124771138e-03
2.068901929358102354e-03
1.702179670442213744e-03
1.902119472742144768e-03
1.690954878975470255e-03
1.468679174097681228e-03
1.313070135886565404e-03
1.068572208786561228e-03
8.240742816865570530e-04
6.462430212532260798e-04
5.350784274865405532e-04
2.794693892754218645e-04
2.016381288420937556e-04
-2.650820204801174196e-04
-1.318021698023530419e-04
-5.763000969023768238e-04
-4.319091351134840551e-04
-8.764070622134939592e-04
-8.986827670912633792e-04
-9.320695830801611903e-04
-1.187678621291266001e-03
-1.498843215057957257e-03
-1.532230031046841190e-03
-1.365616847035747150e-03
-1.443448107469061381e-03
-1.743503699124016038e-03
-1.688008341862806683e-03
-1.876950713407266047e-03
-1.677004196062800712e-03
-1.710391012051698523e-03
-1.843777828040613076e-03
-1.766053532918379632e-03
-1.799440348907263565e-03
-1.499493831562850876e-03
-1.532880647551734810e-03
-1.710711907985065783e-03
-1.399654279529510825e-03
-1.455263317740623785e-03
-1.388650133729532610e-03
-1.310925838607299165e-03
-1.288757099040652165e-03
-7.776994705851192347e-04
-8.888640643517770057e-04
-5.778064358962220481e-04
-4.889710296629018460e-04
-2.235784565178533523e-05
-1.113002171962279574e-04
3.775351890370898245e-04
5.885928174926557954e-04
6.996483369487993542e-04
1.021810360876687640e-03
1.243979100443354247e-03
1.310592284454445422e-03
1.877205468465578675e-03
1.988263096921100148e-03
2.221542947598881268e-03
2.221489467617451807e-03
2.521435982287767441e-03
2.676938055187760845e-03
2.999106797428569005e-03
3.065719978765535370e-03
3.210110940554400383e-03
3.354501902343293152e-03
3.443337308576599476e-03
3.432172717484097135e-03
3.554341459724885688e-03
3.698732424187889389e-03
3.654234489065502633e-03
3.609736561965490309e-03
3.343016412643257107e-03
3.220740707765457067e-03
3.076242786013747010e-03
3.120631569572901443e-03
2.831682281532604817e-03
2.642739907314020642e-03
2.487130869102890940e-03
2.364855164225132533e-03
2.131468348236215116e-03
2.053637087802873129e-03
1.853583605147313129e-03
1.697974566936197305e-03
1.442365528725064738e-03
1.108978712736199967e-03
7.422585634139639010e-04
5.755384140917474411e-04
4.865960425472909412e-04
2.754314487806164280e-04
4.204463279174064372e-05
-2.357866276416348272e-04
-3.358401102971780849e-04
-4.247824818416207071e-04
-5.915026311638510448e-04
-6.248894471527488559e-04
-8.027207075860659513e-04
-1.013885301352754342e-03
-1.047274226341016190e-03
-1.269556646857600279e-03
-1.169610129513151686e-03
-1.258552501057608186e-03
-1.536383761490942024e-03
-1.314215021924275417e-03
-1.358712949024287742e-03
-1.314321987235397837e-03
-1.358819914335410162e-03
-1.281095619213176717e-03
-1.458926879646521568e-03
-1.425647028968746177e-03
-1.325700511624325340e-03
-9.701984387243123287e-04
-9.035852547132211532e-04
-7.147498484798842089e-04
-5.481366644687762912e-04
-3.926345915687828869e-04
-3.260214075576778336e-04
-1.149637791021396183e-04
2.960938493534320815e-04
4.738181444756267569e-04
7.404313284867375389e-04
9.181535146095681776e-04
1.251426649648570977e-03
1.395817611437449868e-03
1.729097462115219974e-03
2.084599535015219107e-03
2.106768274581893863e-03
2.595603680815197767e-03
2.751105753715205049e-03
2.728830048837407873e-03
3.073221010626320249e-03
3.484278639081850315e-03
3.673114045315187259e-03
3.673060562659619110e-03
3.995229302226288581e-03
4.050731375126279121e-03
4.372900114692934714e-03
4.495068854259612334e-03
4.583904260492932536e-03
4.539406333392934090e-03
4.383797295181804388e-03
4.261521590304045981e-03
4.039245885426270832e-03
3.928081291659585306e-03
3.961361142337360697e-03
3.727972217349079243e-03
3.450134241276936464e-03
3.227858536399189071e-03
3.183360609299148991e-03
2.961084904421387720e-03
2.605475866210252289e-03
2.305422383554703303e-03
1.949813345343581750e-03
1.605315418243588588e-03
1.394150824476914075e-03
8.607640084880158193e-04
6.940438591657993594e-04
1.606570431768872265e-04
-6.161866170087404448e-05
-4.950054776897694353e-04
-6.283922936786839886e-04
-1.028445776334249717e-03
-1.417388147878687055e-03
-1.728552741645336677e-03
-2.028606224300913419e-03
-2.239770818067574054e-03
-2.417602078500918905e-03
-2.628766672267607296e-03
-2.395488994471270394e-03
-2.506660507407942884e-03
-2.462269545619080735e-03
-2.495656361607964668e-03
-2.340154288707957386e-03
-1.917985549141298929e-03
-1.929150142907953835e-03
-1.784759181119088822e-03
-1.551479330441307702e-03
-1.473755035319088136e-03
-7.960307401968791385e-04
-5.071953339635393299e-04
-2.072488166190988856e-04
-8.508007705243514351e-05
3.481997736253378273e-04
6.703685131919934204e-04
8.369816972031013380e-04
1.148039325658656296e-03
1.614652509669758929e-03
1.925710138125313886e-03
2.258989988803097870e-03
2.325603172814189046e-03
2.558883023491956288e-03
3.058827431837024546e-03
3.047656122431560699e-03
3.069824861998235455e-03
2.969771379342678319e-03
3.058606785575998521e-03
2.725219961564703808e-03
2.514055375820417604e-03
2.236224115387083766e-03
2.180615077175956928e-03
1.813894927853762495e-03
1.591619222975959591e-03
1.180454629209279349e-03
8.248455909981716738e-04
6.692365527870558495e-04
3.691830701314929852e-04
-1.197593014129472166e-04
-5.420350062907558497e-04
-6.754218222796287696e-04
-1.131030860490739309e-03
-1.164417676479637120e-03
-1.520026714690758673e-03
-1.720080197346304796e-03
-1.975689238231562173e-03
-2.353522605584398852e-03
-2.575805025506722190e-03
-2.398080730384499759e-03
-2.453689771269751407e-03
-2.531521029028954706e-03
-2.620463400573397328e-03
-2.498294663680872274e-03
-2.453903699217843681e-03
-2.476179404095640857e-03
-2.254010667203112939e-03
-2.220730813851212737e-03
-2.209673185395652495e-03
-2.109726668051217779e-03
-1.998669042269807239e-03
-1.943166969369802821e-03
-1.454331560462332473e-03
-1.343273932006797122e-03
-1.165549639558699502e-03
-9.433808973179080848e-04
-8.323232688623727338e-04
-6.212656404067928850e-04
-7.687467861793029211e-05
1.564051720598369499e-04
5.563495804048884663e-04
9.674004932216928587e-04
1.078458121677214332e-03
1.533960194577216329e-03
1.889462267477215462e-03
2.089408784821639165e-03
2.333799746610520920e-03
2.622635152843860729e-03
2.767026114632753497e-03
2.778083743088299862e-03
2.944696927099393902e-03
2.855754555554951279e-03
2.633478850677176131e-03
2.377869812466043564e-03
2.233371885366056131e-03
1.877762847154934578e-03
1.422153808943824038e-03
1.355433659621582687e-03
9.887135102993743763e-04
7.553266943104708364e-04
2.219398783215864590e-04
-1.558913821117502430e-04
-5.337226425451008227e-04
-8.671094585339933491e-04
-1.044942891848768540e-03
-1.345003293674346123e-03
-1.445056776329917136e-03
-1.845110258985455109e-03
-2.111830408307674434e-03
-2.078550557629912920e-03
-2.289715151396573556e-03
-2.389768634052130691e-03
-2.467599894485472678e-03
-2.712097821585490731e-03
-2.712151304241045002e-03
-2.767760342452157962e-03
-2.678924936218837760e-03
-2.523422863318844356e-03
-2.501254123752183478e-03
-2.490196495296609358e-03
-2.134694422396624103e-03
-1.990303460607745212e-03
-1.801468054374436023e-03
-1.790410425918848025e-03
-1.534908353018893390e-03
-1.423850724563316406e-03
-1.179459762774434650e-03
-9.906264655404894981e-04
-5.240199971681819280e-04
-3.462957020459456192e-04
-2.130158513681812416e-04
-1.908471118015064860e-04
6.465496109847590489e-05
5.201570339984640245e-04
4.867702180095662134e-04
7.422722909095624821e-04
9.311076971429271820e-04
1.064387547820677682e-03
1.019889620720679235e-03
1.453169468724299640e-03
1.475338210965099206e-03
1.619729170079853287e-03
1.641897909646514164e-03
1.664066638516661922e-03
1.586235391453971744e-03
1.541737464353973297e-03
1.775017315031740539e-03
1.697186054598398552e-03
1.552688127498397241e-03
1.674856867065074861e-03
1.308134608743447003e-03
1.474741077115745980e-03
1.530243150015764275e-03
1.252411889582430438e-03
1.252358406926876166e-03
1.074527146493531315e-03
9.744736638379741800e-04
9.966424007305102473e-04
6.521444763046141402e-04
6.743132078489005865e-04
5.520375083193779231e-04
3.853173589971475854e-04
1.852638790157262738e-04
2.407659492415781255e-04
1.407124585636188030e-04
1.184367590341128817e-04
-9.272783740670031971e-05
-1.594479840547891047e-04
-2.372792444881310914e-04
-2.373327271436992403e-04
-3.818306488954370526e-04
-1.818841315509994727e-04
-1.152709475398805417e-04
-1.153265391948266050e-04
-2.376089597113800744e-04
-2.043291090336046834e-04
8.450629719970736975e-05
1.844528145441420852e-04
3.066215541108197051e-04
4.399014047885702050e-04
4.731812554663455961e-04
7.731277728107860403e-04
8.952965123774497824e-04
1.206354140832990862e-03
1.317411769288553969e-03
1.328469397744100333e-03
1.461749248421850833e-03
1.595029099099656844e-03
1.828308949777437964e-03
2.028255467121861666e-03
2.272646428910743421e-03
2.272592946255189150e-03
2.305872796932978419e-03
2.672485980944064310e-03
2.539099164955177512e-03
2.605712348966282565e-03
2.616769977421828930e-03
2.605603210773702050e-03
2.394431697837040574e-03
2.105489326292578345e-03
1.938769176970361885e-03
1.694271249870357710e-03
1.683106656103675047e-03
1.371942062337011548e-03
1.316333024125898588e-03
1.205168430359226939e-03
9.162260588147924656e-04
6.495059094925453858e-04
4.050079823925412104e-04
1.160656108480928594e-04
-1.173212051407829248e-04
-4.284857989074603024e-04
-3.285392815630255869e-04
-8.174816531074657888e-04
-7.953129135408187889e-04
-1.139810840640825829e-03
-1.517642101074148653e-03
-1.751028917063052193e-03
-1.939971288607497679e-03
-2.273358104596390206e-03
-2.495635920256297768e-03
-2.629029450101239007e-03
-2.806860710534583858e-03
-2.762469748745693954e-03
-3.273634342512363182e-03
-3.318132269612361629e-03
-3.351519085601259440e-03
-3.518239234923489778e-03
-3.384959384245711522e-03
-3.618346200234601184e-03
-3.785066349556831522e-03
-3.540675387767949767e-03
-3.629617759312406267e-03
-3.629671241967960538e-03
-3.740835835734632187e-03
-3.696444873945756160e-03
-3.752053912156882998e-03
-3.740996283701322755e-03
-3.741049766356863149e-03
-3.852214360123548675e-03
-3.918934509445776149e-03
-3.930099103212458811e-03
-3.841263696979124731e-03
-4.019097068194601996e-03
-4.119157264706185817e-03
-3.741432969583971535e-03
-3.941486452239531535e-03
-3.830428823783954551e-03
-3.908260084217324293e-03
-3.552758011317325160e-03
-3.619478160639538755e-03
-3.497309421072888891e-03
-3.330696237061767095e-03
-3.352971941939578149e-03
-3.041914313484009313e-03
-2.719745573917353720e-03
-2.708687945461793478e-03
-2.419852539228467547e-03
-2.253239355217373507e-03
-1.942181726761804672e-03
-1.686679653861822281e-03
-1.397844247628482472e-03
-8.978977302840640551e-04
-5.979512129396236109e-04
-2.868935844840825311e-04
3.686084884159390729e-04
3.463306745387639829e-04
1.001826031799962768e-03
1.312883660255531604e-03
1.635052399822201075e-03
2.101665583833289830e-03
2.323834323399970314e-03
2.546003062966609165e-03
2.768171802533289649e-03
3.090340542099945242e-03
3.223620392777723498e-03
3.345789132344373362e-03
3.201291205244385929e-03
3.201237722588831658e-03
3.234517573266579293e-03
3.134464090611036036e-03
2.967743941288777942e-03
3.045468236411025265e-03
2.756525864866576914e-03
2.689805715544349440e-03
2.589752232888778427e-03
2.523032083566550954e-03
2.311867489799890318e-03
2.078480673810986779e-03
1.778427191155437792e-03
1.578371535618405819e-03
1.100533356015079289e-03
9.782576484631683167e-04
6.337597213631612769e-04
3.003729053742687505e-04
3.194200445671979693e-07
-2.219562901814853273e-04
-4.886764475260929608e-04
-6.887299275075281502e-04
-1.044338971066885446e-03
-1.455503559485316067e-03
-1.855557042140867918e-03
-2.266721635907548160e-03
-2.233441779881509270e-03
-2.533495254514669948e-03
-2.822437626059118299e-03
-3.144713336285173688e-03
-3.389211258036900487e-03
-3.222598071351667759e-03
-3.433762667792467083e-03
-3.856038372670247960e-03
-3.856091855325802231e-03
-4.078367557529452569e-03
-4.200645374080755334e-03
-4.434038905708426181e-03
-4.567425719023202046e-03
-4.845256979456549762e-03
-4.645310462112098304e-03
-4.834252833656557669e-03
-5.012084094089874764e-03
-4.923248687856568440e-03
-5.256635503845447088e-03
-5.034466764278794360e-03
-5.234520246934354359e-03
-5.201240396256578968e-03
-5.179071656689918091e-03
-5.179125139345472362e-03
-4.990289733112149295e-03
-5.157009882434379633e-03
-5.090396698423274580e-03
-4.912672403301052149e-03
-4.701614774845500055e-03
-4.623890479723280489e-03
-4.190610629045507518e-03
-4.235108556145519842e-03
-3.846273149912191047e-03
-3.479662074900455315e-03
-3.101944495417049974e-03
-2.857553533628140463e-03
-2.568718127394828410e-03
-2.079882721161482872e-03
-1.835491759372614995e-03
-1.324434130917068186e-03
-8.578209469059377978e-04
-4.912077628948519070e-04
-1.801501344392691939e-04
2.420186051273753858e-04
8.641873446940395720e-04
1.397467195371787652e-03
1.808524823827359351e-03
2.208471341171788782e-03
2.452862302960670537e-03
3.041697709194018939e-03
3.497199803487074932e-03
3.730479632771788179e-03
3.797092816782879354e-03
3.841483778571769259e-03
3.674763629249538921e-03
3.774710146593987514e-03
3.796876777161256600e-03
3.341261023311350997e-03
3.430096429544685077e-03
3.207820724666923806e-03
3.018878353122464442e-03
2.996602648244681144e-03
2.485438054477998038e-03
2.274273458037198714e-03
1.918664414477827540e-03
1.529722061652305509e-03
1.096335234966855365e-03
8.629484189779934589e-04
3.628949363224248659e-04
2.628414536668399748e-04
-3.594342512109327537e-04
-5.928210671998224157e-04
-9.150967720776004288e-04
-1.259594699177621346e-03
-1.626314848499829657e-03
-1.926368331155406399e-03
-2.359755147144287912e-03
-2.715364185355409465e-03
-2.937639892907323302e-03
-3.204362235018437532e-03
-3.248867072077527007e-03
-3.637809432925451225e-03
-3.760085137803223510e-03
-3.693471956466243267e-03
-3.926858767106897186e-03
-4.004690030214363983e-03
-3.760299068425468350e-03
-3.738130326184668784e-03
-3.682628253284678244e-03
-3.804903958162478284e-03
-3.749401885262473866e-03
-3.382788701251374097e-03
-3.271731072795810991e-03
-3.216228999895820451e-03
-3.038504704773598020e-03
-2.694113742984699522e-03
-2.471945003418046793e-03
-2.260887374962480822e-03
-1.772051968729163041e-03
-1.460994340273635839e-03
-1.272158934040298894e-03
-9.166568611402997613e-04
-6.389325660181022215e-04
-6.121037989524624745e-05
1.609516440326252962e-04
6.275648280437556847e-04
9.052891231659671023e-04
1.127457862732633709e-03
1.505182157854834113e-03
1.794017564088173922e-03
1.949519636988153448e-03
1.971688376554814326e-03
2.282746005010355406e-03
2.082692522354809284e-03
2.060416817477025986e-03
1.904807779265910161e-03
1.671420963277020499e-03
1.571367480621449486e-03
1.260202886854785986e-03
8.712605153103347710e-04
6.823181437658754067e-04
3.489313277769828803e-04
8.221117845476355601e-05
-2.067311930896847949e-04
-7.512291201896975634e-04
-1.129060380623034265e-03
-1.551338194500206935e-03
-1.873620615016780011e-03
-1.984785208783437782e-03
-2.429283135883447686e-03
-2.818225507427885024e-03
-3.184945659424245901e-03
-3.462776919857593616e-03
-3.696163741194732899e-03
-3.651772776731732062e-03
-3.662937370498400846e-03
-3.929657517146495360e-03
-3.885266555357619334e-03
-3.963097813116822632e-03
-3.896484631779842389e-03
-3.963204783776208551e-03
-3.707702710876198404e-03
-3.618867301968753392e-03
-3.507809670839051597e-03
-3.563418709050178435e-03
-3.074583302816860653e-03
-2.907970118805738857e-03
-2.663579157016857102e-03
-2.496965973005763062e-03
-2.408132677554561396e-03
-2.052637318510602826e-03
-1.874913023388394273e-03
-1.530522061599495776e-03
-1.063908877588393143e-03
-8.084068046884107517e-04
-6.529047317884173474e-04
-5.196248811106252141e-04
-1.641228082106260810e-04
3.802681535782503897e-04
4.357702264782409296e-04
8.690500771560139004e-04
9.912188167226915203e-04
1.068943111844897209e-03
1.002222962522683614e-03
1.202169479867093438e-03
1.135449330544879842e-03
9.020625145559763025e-04
6.353423652337569782e-04
4.352888825781969784e-04
2.241242888115363430e-04
-6.481808273291200795e-05
-8.709378761069530572e-05
-5.760383320365936033e-04
-8.872098449732718217e-04
-1.165041105406605659e-03
-1.520650143617741090e-03
-1.565148070717725659e-03
-1.965201553373291388e-03
-2.354143924917728725e-03
-2.843086296462168927e-03
-3.109806445784416007e-03
-3.387637708891874655e-03
-3.798802299984430086e-03
-3.832189115973314020e-03
-4.165575937310470045e-03
-4.487851639514123248e-03
-4.765682899947443207e-03
-4.732403054617959071e-03
-4.899123203940189408e-03
-4.754732242151310517e-03
-4.865896835917954411e-03
-4.732616985240203911e-03
-4.732670467895758182e-03
-4.577168392321639967e-03
-4.377221874977174632e-03
-4.110608688291952917e-03
-4.066219838770840367e-03
-3.877391142233788113e-03
-3.688555736000437291e-03
-3.499720329767114224e-03
-3.199773812422659902e-03
-2.833160631085698822e-03
-2.322102999956013325e-03
-2.077712038167145447e-03
-1.944432187489367192e-03
-1.222263447922700141e-03
-1.144539152800494453e-03
-6.223704132338192530e-04
-4.335350070004961864e-04
-2.224773785449163377e-04
1.552469165772563109e-04
5.218601005883699573e-04
7.773621734883801038e-04
5.995309130550352528e-04
9.105885415105763325e-04
8.216461699661614659e-04
5.882593539772579261e-04
3.548725379883543862e-04
1.770412775550234130e-04
1.103190192334041475e-04
-1.564078457275963618e-04
-2.675724421683928211e-04
-4.898481443720570372e-04
-7.010127381387315504e-04
-9.788439985720792658e-04
-1.001119706123987374e-03
-1.334506519438768968e-03
-1.401226668760982563e-03
-1.734613484749861212e-03
-1.879111411849876401e-03
-2.168053786068449562e-03
-2.068107266049876158e-03
-2.423716304260997711e-03
-2.379325342472107807e-03
-2.701601047349899698e-03
-2.568321199346260131e-03
-2.757263568216580807e-03
-2.968428167331518819e-03
-2.890703869535160564e-03
-2.924090685524058375e-03
-3.101921948631514159e-03
-3.113086542398196821e-03
-3.068697759136151948e-03
-2.790980382886804056e-03
-2.835478251155876261e-03
-2.757753755473726920e-03
-2.624473950256209220e-03
-2.580083148915293667e-03
-2.269025303854976805e-03
-2.135745445154796363e-03
-2.080243372254819700e-03
-1.880296854910368243e-03
-1.724794782010374838e-03
-1.402626042443719245e-03
-1.191568413988167152e-03
-1.013844118865944721e-03
-8.694531570770658302e-04
-6.139510841770834393e-04
-5.695601223881935349e-04
-4.029469383770856172e-04
-1.252226432548603219e-04
2.080572074229097845e-04
3.191148358784728911e-04
4.746169087784385399e-04
4.190078705673394577e-04
8.856188808056275619e-04
6.633362576492080054e-04
1.041060552771450043e-03
1.029895959004767381e-03
1.052064698571428258e-03
9.075667714714130696e-04
1.218624399926981905e-03
1.129682049775579400e-03
1.085184101282513081e-03
1.040686174182528512e-03
8.517438026380691474e-04
7.628014310936265252e-04
8.405257262158322140e-04
4.182500186639126483e-04
4.515298720158128498e-04
2.736986115824818766e-04
6.978462260276430129e-06
-3.486305759508590008e-04
-5.375729474953044873e-04
-7.931819857064370538e-04
-7.821243572508629338e-04
-1.126622284350869974e-03
-1.337786878117558365e-03
-1.515618138550889338e-03
-1.749007063539156914e-03
-1.671289484055718533e-03
-1.793565191607629505e-03
-1.838063116033503142e-03
-2.004783265355733479e-03
-1.882614525789097493e-03
-2.071556897333515224e-03
-2.138277046655756575e-03
-2.127219423548459831e-03
-1.916161792418796805e-03
-1.893993066222801613e-03
-1.905157659989456520e-03
-1.794100028859782481e-03
-1.938597950611506415e-03
-1.538651430592952174e-03
-1.472038246581833243e-03
-1.360980618126297892e-03
-1.461034098107716339e-03
-8.721986892002570047e-04
-7.722521745299470997e-04
-9.389723238521774373e-04
-6.501369149447128182e-04
-4.168570642669316983e-04
-2.391348820067612513e-04
-9.475063466812816415e-05
1.630699378740718686e-05
5.273646195688153071e-04
6.273111369132777781e-04
7.605909902651808441e-04
9.272041716021639512e-04
1.027150686272459978e-03
1.349319425839101694e-03
1.404821501413217044e-03
1.515879127194669218e-03
1.504714533428000434e-03
1.404661053446540353e-03
1.371274234783517731e-03
1.437887424142914039e-03
1.404500610828127161e-03
1.137780458831783026e-03
9.821714232948058898e-04
8.598957184170197277e-04
5.153977913170265657e-04
3.375665282095430264e-04
1.529082333175113551e-05
-4.292071064423697013e-04
-7.625960947184595717e-04
-1.229323163804932340e-03
-1.562709987816213175e-03
-2.096096798456861809e-03
-2.562816939756698553e-03
-3.196203761093849294e-03
-3.562923840888645999e-03
-4.196310517822599007e-03
-4.651919759267819643e-03
-4.818639844410860240e-03
-5.052026521344843424e-03
-5.296524587499767955e-03
-5.452133422476773683e-03
-5.363298080422643221e-03
-5.074462813244209891e-03
-5.052293870443480550e-03
-4.719014019765682688e-03
-4.541289724643488013e-03
-4.319121001121611902e-03
-4.008063367317793446e-03
-3.608116844625086639e-03
-3.608170327280654788e-03
-3.052668254380663804e-03
-2.874946132139871713e-03
-2.497228750839394773e-03
-2.197282238843203950e-03
-2.119557938372748640e-03
-1.741833643250506602e-03
-1.497442684135777413e-03
-1.286385055680225320e-03
-1.141994091217221619e-03
-1.042047581895161334e-03
-8.865455196917088054e-04
-5.977100947394675678e-04
-6.088746885061224745e-04
-7.867059489394534477e-04
-7.978705427061222322e-04
-7.757018031394613544e-04
-9.424219524616916921e-04
-1.231364324006140043e-03
-1.109195584439490179e-03
-1.498137955983913638e-03
-1.720413660861702665e-03
-1.920467143517262665e-03
-1.920520626172830814e-03
-2.331685219939497178e-03
-2.420627591483953678e-03
-2.731794294250008970e-03
-3.042965603655453655e-03
-3.287463530755471708e-03
-3.620850346744364234e-03
-3.932014911095571552e-03
-3.898735089833266221e-03
-4.232121905822130992e-03
-4.509953166255506463e-03
-4.787784426688826422e-03
-4.510060131566615005e-03
-4.654558053318352817e-03
-4.510167096877751303e-03
-4.710220579533283547e-03
-4.565829617744418534e-03
-4.421438655955525765e-03
-4.143714360833300470e-03
-3.954878954599991281e-03
-3.554932437255534095e-03
-3.232763697688878501e-03
-3.032817180344440922e-03
-2.821759551888888828e-03
-2.288479701211112993e-03
-2.088533183866661536e-03
-1.755255442188269344e-03
-1.533093418260425556e-03
-1.122035789804839978e-03
-9.776448280159749649e-04
-6.554760884493193718e-04
-3.333073488826637787e-04
-7.780527598265363221e-05
3.325235247289559659e-05
1.220877587062157987e-04
1.442564982728905543e-04
-2.224636510493455122e-04
-2.949114826650278687e-07
-3.670150608049149721e-04
-4.337352101271285676e-04
-8.448998038938226873e-04
-7.338421754382457030e-04
-1.356117880316032309e-03
-1.522838029638276525e-03
-1.878447067849356444e-03
-1.978500542482539148e-03
-2.422998477604937362e-03
-2.911940849149405319e-03
-3.056438776249392753e-03
-3.434272209564187550e-03
-3.800999278056410580e-03
-4.312163871823093686e-03
-4.623328460241493687e-03
-5.034493059356423550e-03
-4.867879875345329510e-03
-5.023488913556431457e-03
-5.123542396211988592e-03
-5.045818101089769026e-03
-5.034760408455032921e-03
-4.912591465654286838e-03
-4.823756123600142498e-03
-4.312698634199502168e-03
-4.246085252302550517e-03
-3.890583254278295877e-03
-3.657303542655421236e-03
-3.546245772470826840e-03
-3.201854944388585200e-03
-2.724130440684022214e-03
-2.468628367783998190e-03
-2.035348517106239097e-03
-1.924290891324828556e-03
-1.335455482417355344e-03
-1.135511138251471541e-03
-6.800159842243885810e-04
-5.911805806651931894e-04
-3.467896135280479353e-04
-3.357319877466125035e-04
-4.024521370688399768e-04
-3.802834108728586626e-04
-4.692257850914260953e-04
-6.137236934724982218e-04
-8.804438427947314239e-04
-1.224941769894738464e-03
-1.491661919216943910e-03
-1.658382068539188126e-03
-2.058435551194739976e-03
-2.425155700516976043e-03
-2.747431389349963560e-03
-3.180818221383663325e-03
-3.425316148483639744e-03
-3.836480742250306109e-03
-4.192089780461455417e-03
-4.503254374228118917e-03
-4.847752277260947151e-03
-5.025583561761456930e-03
-5.203416931194179695e-03
-5.414588240599635394e-03
-5.114641723255194949e-03
-4.936917428132986396e-03
-4.959193133010769694e-03
-4.703691060110759548e-03
-4.448188987210777157e-03
-3.859353580977442633e-03
-3.448295952521898688e-03
-3.226127212955232082e-03
-2.770625140055243962e-03
-2.381789733821901289e-03
-2.037398772033016670e-03
-1.459674476910796659e-03
-1.281950181788574228e-03
-6.708925533330523105e-04
-4.820571470997153662e-04
-1.709995186441465309e-04
5.116922092250619780e-05
4.955601827113936819e-04
6.288400333891580596e-04
6.843421062891624773e-04
1.039844179189147733e-03
1.039790696533593461e-03
9.730684382119880738e-04
6.285637954731859711e-04
2.062880905954189714e-04
-2.709872539348456844e-05
-6.271522080490560258e-04
-1.138316801815725254e-03
-1.538370284471290983e-03
-2.027312656015731185e-03
-2.471810583115727211e-03
-2.971864065771295804e-03
-3.405250881760191195e-03
-3.783082142193500141e-03
-3.760913402626853141e-03
-4.049855774171301492e-03
-4.127687034604657357e-03
-4.083296072815767452e-03
-4.016682891478787210e-03
-4.083403038126889872e-03
-4.072345409671329630e-03
-3.727954447882458888e-03
-3.483563486093563255e-03
-3.394728079860229175e-03
-3.128114895849132271e-03
-2.639281662497258707e-03
-2.361564291893283873e-03
-1.972728882985830268e-03
-1.628337926545223024e-03
-1.195058078541588742e-03
-8.173337860934853927e-04
-3.618317078452337743e-04
1.381148121733372092e-04
6.047279961844537199e-04
1.026896735751112177e-03
1.271287694865855245e-03
1.460123106447455688e-03
1.626736287784424917e-03
2.015571691343628902e-03
2.126629309102637255e-03
2.193242511832685371e-03
1.815411315578538409e-03
1.459802416422295579e-03
1.259748794711842979e-03
9.263621819570466709e-04
4.707530795667463908e-04
4.706994578562995191e-04
-2.182427104540640705e-04
-6.516316993244175571e-04
-1.151692101149959235e-03
-1.473967806027751126e-03
-2.007354622016649381e-03
-2.585185882449991812e-03
-3.096350476216674918e-03
-3.451959514427768716e-03
-3.829790774861133174e-03
-3.785399813072243269e-03
-4.118786629061135796e-03
-4.285506778383338378e-03
-4.130004705483358851e-03
-4.096724854805583460e-03
-4.007889448572249380e-03
-3.630165153450048976e-03
-3.252440861001959505e-03
-2.996938785427838425e-03
-2.774770045861171819e-03
-2.619267972961164537e-03
-2.352654780927665445e-03
-1.841597155146257325e-03
-1.630539529364830043e-03
-1.308370776427494886e-03
-1.052870819063661534e-03
-7.973754713104796998e-04
-6.863178428549165933e-04
-6.414910328828016262e-05
2.024640807228583750e-04
4.690772647339414014e-04
8.468015598561556834e-04
1.180081410533953545e-03
1.268916816767259870e-03
1.779974445222834434e-03
2.068809851456146487e-03
2.002089702133919014e-03
2.146480663922797905e-03
2.013093847933911107e-03
1.879707031945010431e-03
1.668542438178349796e-03
1.368488955522786932e-03
1.079546583978324703e-03
5.128264346561106635e-04
1.238840631116455704e-04
-5.650583084327864825e-04
-6.762229021994858869e-04
-1.276276384855015711e-03
-1.865218756399486533e-03
-2.165274348054413434e-03
-2.787556768570981225e-03
-3.032054695670985400e-03
-3.198774844993215738e-03
-3.743272772093214629e-03
-4.098881810304350060e-03
-4.321157515182125208e-03
-4.532322108948799722e-03
-4.610153369382141708e-03
-4.387984629815475102e-03
-4.421371445804359035e-03
-4.299202706237695293e-03
-4.143700633337701889e-03
-3.977087449326593971e-03
-3.643807598648837742e-03
-3.021638859082159678e-03
-2.632803452848844761e-03
-2.232856935504401452e-03
-1.821799307048857508e-03
-1.232963900815522984e-03
-5.552396056933001089e-04
-9.973753279331198929e-05
6.335423178844695746e-04
1.044597773458569301e-03
1.611204038299673957e-03
2.077817222310790468e-03
2.844430406321887816e-03
3.222154701444102098e-03
3.544323441010757691e-03
3.766492180577438176e-03
3.988660920144104782e-03
4.388607437488520335e-03
4.288553954832977078e-03
4.132944916621847375e-03
3.832891433966298389e-03
3.643949062421839025e-03
3.166117801988513336e-03
2.843842097110735323e-03
2.577121961159153929e-03
2.065957354021819015e-03
1.977014982477376392e-03
1.388072610932933326e-03
8.657969060551357066e-04
7.435212011773495444e-04
2.212454962995935581e-04
-1.899190974670866838e-04
-5.566413557887006647e-04
-1.123368220749723645e-03
-1.512310592294147105e-03
-1.856808519394168022e-03
-1.956862002049725158e-03
-2.134693262483070009e-03
-2.501413411805292197e-03
-2.723689116683067346e-03
-2.879298154894197048e-03
-2.923796081994209373e-03
-3.079405120205297441e-03
-2.957236380638647577e-03
-3.001734307738659902e-03
-3.101787790394217037e-03
-3.101841273049771308e-03
-2.690783644594213486e-03
-2.635281571694236824e-03
-2.613112832127575946e-03
-2.402055203672009975e-03
-2.324330908549804287e-03
-2.002162168983134816e-03
-1.757771207194239182e-03
-1.568935800960929994e-03
-1.235658059282537802e-03
-9.023849242435627582e-04
-6.802161846768961517e-04
-3.691585562213273164e-04
1.085657389008759521e-04
4.751789229119757207e-04
7.195698847008852317e-04
8.750719576008647582e-04
1.175018474945319080e-03
1.419409436734186958e-03
1.663800398523082591e-03
2.119302471423070711e-03
2.219248988767505426e-03
2.252528839445280817e-03
2.141364245678595291e-03
1.952421874134177560e-03
2.019035058145282613e-03
2.163426019934133748e-03
1.907816981723042815e-03
1.796652387956371166e-03
1.541043349745252478e-03
1.518767644867455302e-03
1.507603051100786518e-03
1.263103015001404428e-03
9.074872611515155674e-04
7.741004451626148919e-04
5.073802958403816898e-04
2.073268131848188256e-04
-4.828222502627210755e-05
5.166429231814873013e-05
-1.261669681151822431e-04
-4.484426729929741340e-04
-7.596072667596376338e-04
-8.041051938596499582e-04
-9.486031209596512692e-04
-1.204212159170769958e-03
-1.337598975159656756e-03
-1.726541346704094093e-03
-1.893261496026338309e-03
-1.782203867570775202e-03
-2.048924016893008404e-03
-2.237866388437453891e-03
-2.282364315537480093e-03
-2.437973353748568162e-03
-2.504693503070809513e-03
-2.260302541281913880e-03
-2.315911579493040717e-03
-2.204856123918949584e-03
-2.282694303522250778e-03
-2.004970008400067116e-03
-2.027245713277836536e-03
-1.949521418155630847e-03
-1.616241567477860741e-03
-1.549628383466727932e-03
-1.416348532788977432e-03
-1.216402015444525975e-03
-1.116455498100105137e-03
-7.276200918667624640e-04
-4.832291300778807086e-04
-3.943937238445605065e-04
-2.611138731667961288e-04
4.994375528877270654e-05
-7.233194958901345561e-05
4.165034566443182040e-04
4.720055295443087440e-04
6.719520468887602016e-04
8.052318975665245793e-04
8.274006371331715792e-04
9.384582655887485636e-04
1.016182560710954252e-03
1.005015857944907554e-03
1.182733437428334922e-03
1.138235510328350353e-03
1.104848694339438664e-03
1.093684100572756002e-03
1.015852840139427893e-03
1.115799357483862608e-03
1.026856985939406108e-03
1.015692392172751202e-03
8.045277984060628107e-04
1.015585426861628782e-03
6.599763886505072286e-04
5.599229059949500931e-04
4.820916455616219842e-04
3.598159406838219443e-04
2.153180135838345111e-04
1.152645309282496200e-04
4.854438160603602448e-05
-2.737313232717558664e-04
-3.737848059272991241e-04
-5.960605108050881507e-04
-7.738917712384330017e-04
-8.406119205606465972e-04
-1.240667512215604118e-03
-1.218505488287724425e-03
-1.463003415387728601e-03
-1.618612453598858303e-03
-1.774221491809960249e-03
-2.029830530021078938e-03
-1.885439568232200047e-03
-1.974381939776642669e-03
-2.107768755765543345e-03
-2.152266682865527914e-03
-1.974542387743333238e-03
-1.852373648176669496e-03
-1.885760464165567307e-03
-1.941369502376666389e-03
-1.741422985032228810e-03
-1.608143134354464432e-03
-1.574863283676689041e-03
-1.219361210776689908e-03
-1.019414693432238450e-03
-1.008357064976705963e-03
-6.750772142989358571e-04
-5.084640302878140616e-04
-4.418508462767090084e-04
5.809356206833149461e-05
-5.307774733712133930e-05
4.024243255628806581e-04
6.912597317962065890e-04
8.245395824739709667e-04
1.202263877596213004e-03
1.424432617162865733e-03
1.746601356729535204e-03
1.857658985185070555e-03
1.924272169196175608e-03
2.213107575429515417e-03
2.301942981662835619e-03
2.546333943451717374e-03
2.646280460796152090e-03
2.512893644807265292e-03
2.457284606596138454e-03
2.368342235051695832e-03
2.434955419062800885e-03
2.346013047518358263e-03
1.990404009307236710e-03
1.679239415540573210e-03
1.512519266218356750e-03
1.268021339118338697e-03
1.079078967573893211e-03
9.234677564813331685e-04
7.011851324335571789e-04
4.344649831113100991e-04
1.233003893446465993e-04
-2.656419821997907382e-04
-7.434732426331441824e-04
-8.101933919553577779e-04
-1.199135763499822871e-03
-1.465855912822042195e-03
-1.821464951033163748e-03
-2.165962878133156910e-03
-2.188238583010940208e-03
-2.266069843444268317e-03
-2.743901103877621761e-03
-3.021732364310955599e-03
-3.132896958077641125e-03
-3.310728218510972098e-03
-3.421892812277629869e-03
-3.121946294933203303e-03
-3.310888666477648790e-03
-3.233164371355443101e-03
-3.399884520677659561e-03
-3.111049114444347508e-03
-3.033326928321491978e-03
-3.055609348838056460e-03
-2.888996164826976298e-03
-2.855716314149200907e-03
-2.722436463471408774e-03
-2.644712168349203085e-03
-2.233654539893631386e-03
-2.067041355882537346e-03
-1.755983727426996266e-03
-1.622703876749231888e-03
-1.544979581627012322e-03
-1.311699730949231202e-03
-8.339754358270140555e-04
-6.784733629270067734e-04
-4.896379566936837069e-04
-3.896914393492489914e-04
9.914396688409654601e-05
3.990904842285231124e-04
6.434814460173909900e-04
8.989835189174150143e-04
1.043374480706293905e-03
1.265543220272946634e-03
1.576600848728501592e-03
1.820989701518005432e-03
2.087596169890307274e-03
2.165320465012554596e-03
2.265266982356975434e-03
2.387435721923625298e-03
2.465160017045844865e-03
2.409550978834731905e-03
2.442830829512493418e-03
2.253888457968061809e-03
2.098279419756973740e-03
1.987114825990260458e-03
1.687061343334725350e-03
1.553674527345824674e-03
1.531398822468041376e-03
1.342456450923568134e-03
1.109069634934692350e-03
9.201272633902468634e-04
7.200737807346868635e-04
5.977980758569007014e-04
5.199668154235725925e-04
4.199133327680015793e-04
1.865265167791119172e-04
1.198063674568844439e-04
1.753063313574970694e-04
-8.030942249241668218e-05
-1.369623848131162891e-05
-4.708305447019556222e-05
-2.138032037924258999e-04
-2.360789086701953199e-04
-1.250212802146460911e-04
-2.028525406479741999e-04
-1.917949121924278355e-04
-3.696261726257865643e-04
-3.585685441702401999e-04
-3.252886934924370532e-04
-3.808977317035777688e-04
-2.698401032480146622e-04
-2.032269192368957311e-04
-1.588359574480197045e-04
-1.811116623258030023e-04
-2.144984783147008134e-04
-1.455196097026323354e-05
-2.923832214036109489e-04
-1.146589262813885179e-04
-1.480457422702863290e-04
-1.476589159250807359e-05
-5.926381869249264245e-05
-1.704305853406223870e-04
4.062012394492886536e-05
7.389997462269037865e-05
5.162426974490708087e-05
2.934856486712378310e-05
2.929508221156951198e-05
2.292415995560070918e-04
2.736325613448831184e-04
2.958013009115717518e-04
1.513033738115288074e-04
1.179165578226587519e-04
2.623075196115515206e-04
2.066984814004108051e-04
4.733116654115354649e-04
4.288137383115231405e-04
4.843158112114998026e-04
3.398178841115123694e-04
5.730977347892934892e-04
6.619331410226136914e-04
7.729907694781767979e-04
7.951595090448237979e-04
7.617726930559398646e-04
7.394969881781565668e-04
8.172191743009704634e-04
1.039381198228869763e-03
1.117105493351061574e-03
1.172607566251079869e-03
1.139220750262182058e-03
1.072500600939954585e-03
1.516891562728842069e-03
1.272393635628824016e-03
1.561229041862163824e-03
1.561175559206595675e-03
1.538899854328826255e-03
1.616624149451031944e-03
1.861015111239927577e-03
1.849850517473258793e-03
1.738685923706601022e-03
1.771965774384376413e-03
1.738578958395464724e-03
1.916303253517673277e-03
1.838471993084345169e-03
1.816196288206561871e-03
1.749476138884334397e-03
1.760533767339880762e-03
1.560480284684320762e-03
1.704869137473835616e-03
1.527031161401695702e-03
1.471422123190568865e-03
1.426924196090570418e-03
1.482426268990588714e-03
1.382372786334989945e-03
1.393430414790564065e-03
1.348932487690551740e-03
1.604434560590561887e-03
1.548825522379448927e-03
1.515438706390551116e-03
1.482051890401667182e-03
1.415331741079411954e-03
1.659722702868293709e-03
1.570780331323851087e-03
1.537393515334967153e-03
1.459562254901611289e-03
1.492842105579386680e-03
1.470566400701603382e-03
1.670512918046054840e-03
1.537126102057168042e-03
1.581517063846044069e-03
1.559241358968260771e-03
1.370296878424409615e-03
1.648014457907853725e-03
1.559072086363411103e-03
1.470129714818954603e-03
1.447854009941185183e-03
1.381133860618943832e-03
1.758858155741171991e-03
1.403249117530064316e-03
1.558751190430043843e-03
1.525364374441159909e-03
1.480866447341147585e-03
1.669701853574470651e-03
1.402981704252251327e-03
1.447372666041155109e-03
1.358430294496684732e-03
1.425043478507789785e-03
1.447212218074464540e-03
1.369380957641122554e-03
1.502660808318900809e-03
1.558162881218877471e-03
1.480331620785535485e-03
1.502500360352210240e-03
1.458002433252197916e-03
1.635724555492976129e-03
1.435664153667401410e-03
1.335610671011844275e-03
1.657779410578499868e-03
1.679948150145188501e-03
1.457672445267399475e-03
1.413174518167401028e-03
1.435343257734034150e-03
1.557511997300711770e-03
1.590791847978487161e-03
1.524071698656259688e-03
1.457351549334032215e-03
1.635075844456240768e-03
1.668355695134043915e-03
1.623857768034003835e-03
1.490470952045130915e-03
1.490417469389548888e-03
1.545919542289567183e-03
1.479199392967339710e-03
1.534701465867330250e-03
1.490203538767317926e-03
1.656816722778425843e-03
1.490096573456195506e-03
1.490043090800641234e-03
1.634431943590128333e-03
1.534371745295803890e-03
1.612096040418009579e-03
1.423153668873564093e-03
1.500877963995797537e-03
1.467491148006885848e-03
1.389659887573543862e-03
1.667384182695783035e-03
1.556219588929097508e-03
1.522832772940199697e-03
1.600557068062433141e-03
1.422725807629074413e-03
1.478227880529092708e-03
1.689285508984630924e-03
1.455898692995727384e-03
1.533622988117960828e-03
1.478013949906833990e-03
1.400182689473492004e-03
1.677906984595717299e-03
1.488964613051271813e-03
1.511133352617932690e-03
1.433302092184590704e-03
1.477693053973466730e-03
1.455415240096319396e-03
1.510910597357528751e-03
1.599746003590848953e-03
1.510803632046406331e-03
1.499639038279737546e-03
1.399585555624166533e-03
1.621754295190819262e-03
1.543923034757491153e-03
1.532758440990822368e-03
1.477149402779723286e-03
1.510429253457470922e-03
1.377042437468570246e-03
1.410322288146331760e-03
1.643602138824140635e-03
1.743548656168575350e-03
1.432384062401884095e-03
1.498997246412989148e-03
1.532277097090778417e-03
1.532223614435224146e-03
1.643281242890759497e-03
1.554338871346316875e-03
1.554285388690748726e-03
1.509787461590764157e-03
1.665287425491365769e-03
1.609671671641457746e-03
1.554062633430344786e-03
1.520675817441433098e-03
1.520622334785892704e-03
1.442791074352550718e-03
1.342737591696979704e-03
1.442684109041428298e-03
1.587075070830321066e-03
1.520354921508093593e-03
1.520301438852525444e-03
1.442470178419211213e-03
1.675750029096964577e-03
1.597918768663636468e-03
1.508976397119179969e-03
1.542256247796955360e-03
1.408869431808068562e-03
1.508815949152503277e-03
1.442095799830261926e-03
1.597597872730255331e-03
1.641988834519145235e-03
1.453046462974685871e-03
1.497437424763589653e-03
1.419603991448789571e-03
1.641765811845469214e-03
1.541712329189912078e-03
1.563881068756559078e-03
1.441605363878786794e-03
1.408218547889875105e-03
1.397053954123206321e-03
1.619222693689872927e-03
1.630280322145419292e-03
1.552449061712091183e-03
1.541284467945436276e-03
1.452342096400965898e-03
1.430066391523168723e-03
1.530012908867631194e-03
1.318848315100942803e-03
1.629905943556511638e-03
1.507630238678725476e-03
1.429798978245397367e-03
1.229745495589823490e-03
1.585247568489808745e-03
1.596305196945368987e-03
1.496251714289811852e-03
1.451753787189799527e-03
1.596144748978678418e-03
1.373866935101525355e-03
1.418251181251620197e-03
1.684864365262717101e-03
1.618144215940503505e-03
1.462535177729359925e-03
1.395815028407146330e-03
1.340205990196033370e-03
1.584596951984915125e-03
1.451210135996028328e-03
1.417823320007130516e-03
1.595547615129352947e-03
1.351049688029348772e-03
1.695440649818233392e-03
1.628720500496005918e-03
1.473111462284876216e-03
1.584169090740439323e-03
1.573004496973770538e-03
1.517395458762657579e-03
1.317341976107083701e-03
1.583955160118194483e-03
1.506123899684866374e-03
1.372737083695965699e-03
1.339350267707067887e-03
1.683739120496588471e-03
1.561456699980007246e-03
1.550292106213338461e-03
1.439127512446666812e-03
1.427962918679998028e-03
1.439020547135544392e-03
1.438967064480003999e-03
1.705580248491087025e-03
1.649971210279960188e-03
1.527695505402187903e-03
1.383197578302172714e-03
1.449810762313291645e-03
1.594201724102184414e-03
1.538592685891071454e-03
1.471872536568816225e-03
1.482930165024390345e-03
1.416210015702148994e-03
1.716156533046617194e-03
1.616103050391032303e-03
1.582716234402134492e-03
1.538218307302149923e-03
1.538164824646581774e-03
1.493666897546583328e-03
1.782500194780531344e-03
1.504662218708402444e-03
1.704608736052853901e-03
1.471221920063950361e-03
1.515612881852826388e-03
1.715559399197250090e-03
1.526617027652818481e-03
1.771007989441714114e-03
1.548732284563911210e-03
1.548678801908370817e-03
1.626403097030562628e-03
1.548571836597234519e-03
1.392962798386090939e-03
1.492909315730567288e-03
1.548411388630543950e-03
1.559469017086104192e-03
1.392748867763873855e-03
1.381584273997205070e-03
1.592641902452771041e-03
1.437032864241655217e-03
1.503646048252760270e-03
1.414703676708276014e-03
1.436872416274978526e-03
1.447927871849052917e-03
1.603423025579059358e-03
1.647813987367935384e-03
1.481093838045705047e-03
1.581040355390167518e-03
1.536542428290155193e-03
1.314266723412380045e-03
1.558657685201247922e-03
1.580826424767908800e-03
1.536328497667910353e-03
1.525163903901241569e-03
1.425110421245684433e-03
1.536168049701233662e-03
1.602781233712338715e-03
1.558283306612326391e-03
1.613785379512316931e-03
1.513731896856759795e-03
1.402567303090088147e-03
1.446958264878964173e-03
1.624682560001186604e-03
1.413517966234525969e-03
1.613464483578949671e-03
1.480077667590076751e-03
1.413357518267835400e-03
1.402190815501788701e-03
1.591019506096330582e-03
1.490966023440745691e-03
1.479801429674104662e-03
1.446414613685192974e-03
1.424138908807437431e-03
1.457418759485198945e-03
1.524031943496303998e-03
1.657311794174082253e-03
1.423924978185178714e-03
1.457204828862954105e-03
1.446040235096271442e-03
1.545986752440720036e-03
1.612599936451811211e-03
1.568102009351826642e-03
1.401381860029610182e-03
1.456883932929600722e-03
1.445719339162931938e-03
1.512332523174023113e-03
1.590056818296242680e-03
1.478892224529571031e-03
1.578838741874005747e-03
1.556563036996222449e-03
1.456507445341301277e-03
1.567558358158055443e-03
1.511949319946942483e-03
1.489673615069159185e-03
1.545175687969149725e-03
1.411788871980235172e-03
1.345068722658021576e-03
1.467237462224699196e-03
1.500517312902474587e-03
1.489352719135791925e-03
1.733743680924687558e-03
1.444801309380225329e-03
1.611414493391319369e-03
1.555805455180220287e-03
1.377974194746875436e-03
1.522365156535768205e-03
1.522311673880200056e-03
1.377813746780198745e-03
1.577760264124622447e-03
1.711040114802428458e-03
1.544319965480184242e-03
1.533155371713515458e-03
1.388657444613486391e-03
1.555268455743177847e-03
1.599652562541242773e-03
1.588488172008656329e-03
1.477323578241984681e-03
1.455047873364215261e-03
1.377216612930845518e-03
1.388274241386405761e-03
1.632665203175301394e-03
1.588167276075289069e-03
1.610336015641963825e-03
1.465838088541962514e-03
1.399117939219735041e-03
1.565731123230829080e-03
1.565677640575274809e-03
1.587846380141921809e-03
1.398904008597490201e-03
1.443294970386366227e-03
1.421019265508569052e-03
1.687632449519707589e-03
1.576467855753008185e-03
1.465303261986350414e-03
1.387472001552994549e-03
1.509640741119672169e-03
1.398473974471542425e-03
1.653969128201565608e-03
1.587248978879338135e-03
1.598306607334884499e-03
1.376030902457095473e-03
1.698199642023751066e-03
1.664812826034867133e-03
1.553648232268181606e-03
1.509150305168183159e-03
1.486874600290399862e-03
1.564598895412619428e-03
1.342323190534844279e-03
1.420047485657049968e-03
1.586660669668157886e-03
1.575496075901489101e-03
1.486553704357046479e-03
1.430944666145919641e-03
1.386446739045907317e-03
1.430837700834797221e-03
1.608561995957005775e-03
1.419619624412560288e-03
1.452899475090349557e-03
1.619512659101443597e-03
1.375012623002061507e-03
1.374952424707698295e-03
1.519343386496577186e-03
1.430401014952148442e-03
1.619236421185471508e-03
1.508071827418799860e-03
1.363573900318798549e-03
